0.782258064516129 0.782258064516129 0.788617886178862 0.804878048780488 8 8 2 0.247 0.203 0.022 0.026 60000 1458 0.8 0 0.8 0.4
0.774509803921569 0.774509803921569 0.758064516129032 0.74390243902439 9 9 2 0.254 0.244 0.0249999999999999 0.022 60000 1461 0.8 1 0.8 0.4
0.788519637462236 0.788519637462236 0.768 0.719512195121951 7 7 2 0.216 0.187 0.0269999999999999 0.024 60000 1441 0.8 1 0.8 0.4
0.392712550607287 0.418604651162791 0.439024390243902 0.439024390243902 59 22 2 2.527 0.666 0.024 0.024 60000 1457 0.46 1 0.8 0.4
0.308184143222506 0.308184143222506 0.295081967213115 0.292682926829268 18 18 2 0.489 0.451 0.024 0.0219999999999998 60000 1455 0.2 1 0.8 0.4
0.778688524590164 0.778688524590164 0.75 0.75609756097561 8 8 2 0.373 0.461 0.0449999999999999 0.0299999999999998 60000 1472 0.8 1 0.8 0.4
0.394809280377507 0.401041666666667 0.544715447154472 0.536585365853659 60 22 2 3.053 0.969 0.0279999999999996 0.0359999999999996 60000 1440 0.46 1 0.8 0.4
0.764127764127764 0.764127764127764 0.699186991869919 0.707317073170732 9 9 2 0.257 0.248 0.0229999999999999 0.0230000000000001 60000 1484 0.8 1 0.8 0.4
0.776566757493188 0.776566757493188 0.715447154471545 0.670731707317073 8 8 2 0.454 0.361 0.0249999999999999 0.0289999999999999 60000 1477 0.8 0 0.8 0.4
0.239651416122004 0.239651416122004 0.209677419354839 0.182926829268293 10 10 2 0.321 0.479 0.0790000000000002 0.0579999999999998 60000 1441 0.2 0 0.8 0.4
0.387950707439525 0.420512820512821 0.467213114754098 0.463414634146341 53 23 2 1.786 0.664 0.0449999999999999 0.0430000000000001 60000 1477 0.46 1 0.8 0.4
0.829351535836177 0.829351535836177 0.768 0.780487804878049 6 6 2 0.186 0.166 0.024 0.024 60000 1435 0.8 0 0.8 0.4
0.79874213836478 0.79874213836478 0.816666666666667 0.804878048780488 7 7 2 0.235 0.187 0.028 0.024 60000 1527 0.8 1 0.8 0.4
0.821052631578947 0.821052631578947 0.87603305785124 0.865853658536585 6 6 2 0.187 0.17 0.0239999999999998 0.024 60000 1460 0.8 0 0.8 0.4
0.797546012269939 0.797546012269939 0.776859504132231 0.731707317073171 7 7 2 0.209 0.187 0.0269999999999999 0.0229999999999999 60000 1465 0.8 0 0.8 0.4
0.395061728395062 0.434504792332268 0.426229508196721 0.378048780487805 63 23 2 2.091 0.619 0.0359999999999996 0.0380000000000003 60000 1530 0.46 0 0.8 0.4
0.395794909627444 0.42826780021254 0.487603305785124 0.524390243902439 68 23 2 2.244 0.949 0.0860000000000003 0.0440000000000005 60000 1529 0.46 1 0.8 0.4
0.149193548387097 0.149193548387097 0.121951219512195 0.134146341463415 5 5 2 0.159 0.13 0.0249999999999999 0.022 60000 1447 0.2 0 0.8 0.4
0.41645633518425 0.459488272921109 0.532786885245902 0.524390243902439 96 22 2 2.856 0.952 0.0250000000000004 0.0289999999999999 60000 1469 0.46 0 0.8 0.4
0.212534059945504 0.212534059945504 0.195121951219512 0.182926829268293 8 8 2 0.244 0.219 0.026 0.0349999999999999 60000 1473 0.2 0 0.8 0.4
0.557685438742707 0.414330218068536 0.28 0.292682926829268 200 22 2 7.566 0.577999999999999 0.0250000000000004 0.0250000000000004 60000 1436 0.2 0 0.8 0.4
0.382237487733072 0.389067524115756 0.357723577235772 0.353658536585366 49 22 2 1.881 0.596 0.0270000000000001 0.0239999999999996 60000 1470 0.43766486013553 0 0.8 0.4
0.803076923076923 0.803076923076923 0.813008130081301 0.817073170731707 7 7 2 0.215 0.189 0.0269999999999999 0.024 60000 1477 0.8 0 0.8 0.4
0.375269978401728 0.390756302521008 0.512396694214876 0.5 46 23 2 1.254 0.767 0.0789999999999997 0.069 60000 1523 0.46 1 0.8 0.4
0.339301700984781 0.342050209205021 0.354838709677419 0.402439024390244 26 22 2 0.984 0.688 0.0569999999999999 0.0259999999999998 60000 1444 0.377253457252195 1 0.8 0.4
0.816901408450704 0.816901408450704 0.795081967213115 0.792682926829268 6 6 2 0.181 0.164 0.022 0.024 60000 1466 0.8 1 0.8 0.4
0.352534562211982 0.352820512820513 0.409836065573771 0.414634146341463 31 23 2 1.453 0.959 0.0259999999999998 0.0249999999999999 60000 1473 0.286720216401212 0 0.8 0.4
0.840816326530612 0.840816326530612 0.830645161290323 0.817073170731707 5 5 2 0.174 0.145 0.028 0.0239999999999998 60000 1460 0.8 0 0.8 0.4
0.804347826086957 0.804347826086957 0.861788617886179 0.853658536585366 7 7 2 0.393 0.19 0.0289999999999999 0.024 60000 1496 0.8 1 0.8 0.4
0.369791666666667 0.395767195767196 0.520325203252033 0.51219512195122 41 22 2 1.15 0.603 0.0279999999999996 0.0250000000000004 60000 1459 0.46 0 0.8 0.4
0.842741935483871 0.842741935483871 0.824 0.792682926829268 5 5 2 0.164 0.141 0.0270000000000001 0.0229999999999999 60000 1413 0.8 1 0.8 0.4
0.22554347826087 0.22554347826087 0.233870967741935 0.25609756097561 8 8 2 0.234 0.214 0.024 0.0269999999999999 60000 1470 0.2 0 0.8 0.4
0.361904761904762 0.345957011258956 0.355371900826446 0.353658536585366 35 23 2 1.403 0.669 0.0630000000000002 0.0449999999999999 60000 1474 0.397647413525451 0 0.8 0.4
0.380690345172586 0.40913921360255 0.398373983739837 0.414634146341463 48 22 2 1.805 0.808 0.0249999999999999 0.028 60000 1468 0.46 0 0.8 0.4
0.39678984695782 0.423157894736842 0.43801652892562 0.439024390243902 67 23 2 2.419 0.613 0.0250000000000004 0.0279999999999996 60000 1527 0.46 0 0.8 0.4
0.381954887218045 0.411042944785276 0.455284552845528 0.48780487804878 48 23 2 1.227 0.595 0.0270000000000001 0.0229999999999997 60000 1473 0.46 1 0.8 0.4
0.276923076923077 0.276923076923077 0.276422764227642 0.304878048780488 13 13 2 0.514 0.332 0.0340000000000003 0.0259999999999998 60000 1431 0.2 1 0.8 0.4
0.794392523364486 0.794392523364486 0.852459016393443 0.853658536585366 7 7 2 0.22 0.188 0.0279999999999998 0.024 60000 1513 0.8 1 0.8 0.4
0.37722611980572 0.399789029535865 0.459677419354839 0.48780487804878 44 22 2 1.135 0.586 0.024 0.0259999999999998 60000 1457 0.46 0 0.8 0.4
0.348148148148148 0.359574468085106 0.333333333333333 0.280487804878049 30 23 2 0.931 0.992 0.0249999999999999 0.024 60000 1533 0.297843744004559 1 0.8 0.4
0.552507758534388 0.34 0.217741935483871 0.219512195121951 241 22 2 7.482 0.564 0.0240000000000009 0.0279999999999987 60000 1453 0.2 0 0.8 0.4
0.686440677966102 0.686440677966102 0.715447154471545 0.75609756097561 19 19 2 0.467 0.427 0.024 0.0209999999999999 60000 1457 0.8 0 0.8 0.4
0.821818181818182 0.821818181818182 0.825 0.829268292682927 6 6 2 0.197 0.18 0.0249999999999999 0.024 60000 1515 0.8 1 0.8 0.4
0.355855855855856 0.364583333333333 0.411290322580645 0.414634146341463 31 22 2 0.889 0.679 0.0260000000000002 0.0270000000000001 60000 1441 0.410367070046726 1 0.8 0.4
0.205555555555556 0.205555555555556 0.198347107438017 0.182926829268293 8 8 2 0.244 0.22 0.0230000000000001 0.028 60000 1507 0.2 1 0.8 0.4
0.390848026868178 0.425180598555212 0.454545454545455 0.475609756097561 58 23 2 2.107 0.922 0.0250000000000004 0.0279999999999996 60000 1487 0.46 1 0.8 0.4
0.809090909090909 0.809090909090909 0.813008130081301 0.780487804878049 7 7 2 0.224 0.363 0.083 0.069 60000 1452 0.8 0 0.8 0.4
0.405197305101059 0.435633367662204 0.552845528455285 0.573170731707317 76 23 2 2.06 0.777000000000001 0.0989999999999993 0.0819999999999999 60000 1480 0.46 0 0.8 0.4
0.316167664670659 0.316167664670659 0.330645161290323 0.317073170731707 19 19 2 0.695 0.953 0.0840000000000001 0.0579999999999998 60000 1431 0.2 1 0.8 0.4
0.397673573246092 0.44386149003148 0.430894308943089 0.51219512195122 68 23 2 2.468 0.89 0.0270000000000001 0.024 60000 1504 0.46 1 0.8 0.4
0.394331983805668 0.424557752341311 0.416 0.365853658536585 58 22 2 2.12 0.561 0.024 0.0249999999999999 60000 1433 0.46 0 0.8 0.4
0.420082911100875 0.492708333333333 0.475806451612903 0.463414634146341 103 22 2 3.327 0.575 0.0250000000000004 0.0279999999999996 60000 1438 0.46 0 0.8 0.4
0.395686274509804 0.399588053553038 0.442622950819672 0.414634146341463 62 23 2 1.611 0.589 0.024 0.0260000000000002 60000 1485 0.46 0 0.8 0.4
0.815602836879433 0.815602836879433 0.836065573770492 0.853658536585366 6 6 2 0.192 0.176 0.0249999999999999 0.024 60000 1503 0.8 1 0.8 0.4
0.7725 0.7725 0.745901639344262 0.707317073170732 9 9 2 0.679 0.343 0.024 0.0249999999999999 60000 1495 0.8 1 0.8 0.4
0.848605577689243 0.848605577689243 0.84 0.878048780487805 5 5 2 0.183 0.225 0.0600000000000001 0.0529999999999999 60000 1412 0.8 1 0.8 0.4
0.392871132001567 0.430512016718913 0.462809917355372 0.439024390243902 63 23 2 2.898 1.064 0.0440000000000005 0.0609999999999999 60000 1502 0.46 0 0.8 0.4
0.271929824561404 0.271929824561404 0.229508196721311 0.25609756097561 13 13 2 0.582 0.359 0.0270000000000001 0.024 60000 1472 0.223995235047791 0 0.8 0.4
0.395510835913313 0.40563086548488 0.472 0.463414634146341 61 22 2 1.633 0.574 0.0269999999999997 0.024 60000 1438 0.46 0 0.8 0.4
0.563319406425587 0.395944503735326 0.262295081967213 0.268292682926829 169 22 2 5.586 0.704 0.0250000000000004 0.0299999999999994 60000 1470 0.2 0 0.8 0.4
0.797752808988764 0.797752808988764 0.795081967213115 0.75609756097561 8 8 2 0.248 0.223 0.0249999999999999 0.0290000000000001 60000 1515 0.8 1 0.8 0.4
0.393915448439352 0.431125131440589 0.467741935483871 0.439024390243902 60 22 2 1.655 0.57 0.0270000000000001 0.0299999999999998 60000 1444 0.46 0 0.8 0.4
0.389270386266094 0.419766206163656 0.418032786885246 0.378048780487805 56 22 2 2.497 0.605 0.0249999999999995 0.0280000000000005 60000 1469 0.46 1 0.8 0.4
0.409318785019168 0.444676409185804 0.414634146341463 0.402439024390244 80 22 2 1.999 0.55 0.0230000000000001 0.0249999999999999 60000 1435 0.46 1 0.8 0.4
0.383194829178209 0.422037422037422 0.446280991735537 0.451219512195122 53 23 2 2.414 0.615 0.0249999999999995 0.0250000000000004 60000 1499 0.46 1 0.8 0.4
0.792168674698795 0.792168674698795 0.782258064516129 0.75609756097561 7 7 2 0.449 0.247 0.0279999999999998 0.0230000000000001 60000 1446 0.8 0 0.8 0.4
0.780821917808219 0.780821917808219 0.813008130081301 0.792682926829268 8 8 2 0.234 0.218 0.028 0.0309999999999999 60000 1480 0.8 1 0.8 0.4
0.785515320334262 0.785515320334262 0.795081967213115 0.75609756097561 8 8 2 0.323 0.461 0.0490000000000004 0.0419999999999998 60000 1518 0.8 1 0.8 0.4
0.37534549474848 0.420725388601036 0.411290322580645 0.378048780487805 44 23 2 2.208 1.074 0.032 0.0289999999999999 60000 1491 0.46 1 0.8 0.4
0.819727891156463 0.819727891156463 0.806451612903226 0.804878048780488 6 6 2 0.2 0.177 0.0250000000000001 0.024 60000 1429 0.8 1 0.8 0.4
0.383094414236283 0.39047619047619 0.385245901639344 0.378048780487805 48 22 2 2.413 0.995 0.0409999999999995 0.0469999999999997 60000 1453 0.46 0 0.8 0.4
0.563654881420049 0.397872340425532 0.290322580645161 0.25609756097561 167 22 2 4.475 0.593 0.0249999999999995 0.0289999999999999 60000 1466 0.2 0 0.8 0.4
0.398573975044563 0.43940990516333 0.435483870967742 0.463414634146341 67 22 2 1.821 0.578 0.0249999999999999 0.0250000000000004 60000 1453 0.46 1 0.8 0.4
0.810169491525424 0.810169491525424 0.80952380952381 0.817073170731707 6 6 2 0.202 0.185 0.024 0.024 60000 1413 0.8 1 0.8 0.4
0.786703601108033 0.786703601108033 0.795081967213115 0.817073170731707 8 8 2 0.24 0.219 0.024 0.028 60000 1502 0.8 1 0.8 0.4
0.360158311345646 0.363829787234043 0.439024390243902 0.451219512195122 36 22 2 1.714 0.829 0.0249999999999999 0.0270000000000001 60000 1467 0.376970274078214 1 0.8 0.4
0.82370820668693 0.82370820668693 0.798387096774194 0.853658536585366 7 7 2 0.545 0.451 0.0659999999999998 0.0569999999999999 60000 1449 0.8 0 0.8 0.4
0.687272727272727 0.687272727272727 0.731707317073171 0.74390243902439 19 19 2 1.242 1.195 0.0660000000000007 0.0569999999999995 60000 1450 0.8 1 0.8 0.4
0.869918699186992 0.869918699186992 0.845528455284553 0.865853658536585 5 5 2 0.308 0.179 0.0269999999999999 0.028 60000 1465 0.8 1 0.8 0.4
0.764705882352941 0.764705882352941 0.729508196721312 0.707317073170732 9 9 2 0.455 0.23 0.0229999999999999 0.022 60000 1469 0.8 1 0.8 0.4
0.830388692579505 0.830388692579505 0.860655737704918 0.865853658536585 6 6 2 0.185 0.163 0.024 0.0230000000000001 60000 1496 0.8 1 0.8 0.4
0.777239709443099 0.777239709443099 0.729508196721312 0.670731707317073 9 9 2 0.271 0.253 0.0229999999999999 0.0230000000000001 60000 1460 0.8 0 0.8 0.4
0.367574257425743 0.368586387434555 0.42741935483871 0.475609756097561 38 22 2 1.066 0.592 0.0249999999999999 0.024 60000 1447 0.411045683395181 1 0.8 0.4
0.37085308056872 0.369678089304258 0.40650406504065 0.402439024390244 41 23 2 1.492 1.181 0.032 0.048 60000 1494 0.46 1 0.8 0.4
0.798761609907121 0.798761609907121 0.813008130081301 0.768292682926829 7 7 2 0.22 0.272 0.0619999999999998 0.0529999999999999 60000 1487 0.8 1 0.8 0.4
0.377013963480129 0.400621118012422 0.426229508196721 0.414634146341463 45 23 2 1.643 1.091 0.0229999999999997 0.0229999999999997 60000 1482 0.46 0 0.8 0.4
0.817241379310345 0.817241379310345 0.813008130081301 0.853658536585366 6 6 2 0.47 0.4 0.056 0.0569999999999999 60000 1443 0.8 1 0.8 0.4
0.784153005464481 0.784153005464481 0.772357723577236 0.75609756097561 8 8 2 0.304 0.584 0.0760000000000001 0.0940000000000003 60000 1469 0.8 1 0.8 0.4
0.410923648841864 0.43114406779661 0.516393442622951 0.536585365853659 84 22 2 2.455 0.971 0.0250000000000004 0.0359999999999996 60000 1459 0.46 0 0.8 0.4
0.814285714285714 0.814285714285714 0.75609756097561 0.768292682926829 6 6 2 0.19 0.175 0.0250000000000001 0.024 60000 1502 0.8 1 0.8 0.4
0.598340822675423 0.5299055613851 0.421487603305785 0.439024390243902 72 23 2 2.783 0.851 0.0469999999999997 0.0490000000000004 60000 1514 0.343393746146266 0 0.8 0.4
0.810810810810811 0.810810810810811 0.808 0.817073170731707 7 7 2 0.551 0.456 0.0669999999999997 0.0570000000000004 60000 1438 0.8 1 0.8 0.4
0.8125 0.8125 0.827868852459016 0.890243902439024 6 6 2 0.479 0.406 0.0569999999999999 0.056 60000 1453 0.8 0 0.8 0.4
0.58636486122339 0.496357960457856 0.439024390243902 0.463414634146341 88 22 2 2.973 0.912 0.0289999999999999 0.0420000000000007 60000 1439 0.221297030962877 0 0.8 0.4
0.349048800661704 0.34984520123839 0.352 0.353658536585366 28 22 2 0.767 0.631 0.0249999999999999 0.0260000000000002 60000 1429 0.313058103459062 0 0.8 0.4
0.3997113997114 0.442105263157895 0.471544715447154 0.439024390243902 66 22 2 5.042 1.218 0.052999999999999 0.0519999999999996 60000 1450 0.46 0 0.8 0.4
0.403993344425957 0.442505133470226 0.442622950819672 0.414634146341463 73 23 2 3.002 0.699000000000001 0.0459999999999994 0.0800000000000001 60000 1477 0.46 0 0.8 0.4
0.415392588753563 0.448744769874477 0.448 0.402439024390244 92 22 2 4.344 1.132 0.0249999999999995 0.0529999999999999 60000 1445 0.46 0 0.8 0.4
0.569545612209504 0.413249211356467 0.300813008130081 0.353658536585366 138 22 2 8.7 1.364 0.0589999999999993 0.0579999999999998 60000 1446 0.2 0 0.8 0.4
0.402684563758389 0.443632567849687 0.479338842975207 0.524390243902439 74 23 2 1.933 0.592 0.0230000000000001 0.024 60000 1508 0.46 0 0.8 0.4
0.379865075246497 0.365244536940687 0.435483870967742 0.451219512195122 47 23 2 2.963 1.449 0.056 0.0629999999999997 60000 1494 0.46 1 0.8 0.4
0.786486486486486 0.786486486486486 0.786885245901639 0.780487804878049 8 8 2 0.589 0.506 0.056 0.0649999999999999 60000 1467 0.8 1 0.8 0.4
0.357818181818182 0.35523613963039 0.403225806451613 0.365853658536585 33 23 2 1.695 0.678 0.024 0.0270000000000001 60000 1482 0.30905374602796 1 0.8 0.4
0.696476964769648 0.696476964769648 0.772357723577236 0.817073170731707 17 17 2 0.471 0.448 0.024 0.028 60000 1457 0.8 0 0.8 0.4
0.821305841924399 0.821305841924399 0.82258064516129 0.829268292682927 6 6 2 0.49 0.318 0.04 0.0540000000000003 60000 1447 0.8 1 0.8 0.4
0.38765541740675 0.394736842105263 0.355371900826446 0.378048780487805 56 23 2 1.899 1.129 0.0679999999999996 0.0280000000000005 60000 1519 0.46 1 0.8 0.4
0.385876993166287 0.435517970401691 0.458333333333333 0.426829268292683 55 23 2 1.478 1.15 0.024 0.0269999999999997 60000 1529 0.46 1 0.8 0.4
0.393109173931092 0.418125643666323 0.459677419354839 0.463414634146341 56 22 2 1.519 1.137 0.0249999999999999 0.028 60000 1418 0.46 1 0.8 0.4
0.359084406294707 0.355578727841502 0.344262295081967 0.365853658536585 34 23 2 2.145 1.459 0.0570000000000004 0.0570000000000004 60000 1508 0.386654428419476 0 0.8 0.4
0.397837434750186 0.432489451476793 0.424 0.402439024390244 64 22 2 2.115 0.528 0.0230000000000001 0.0249999999999999 60000 1453 0.46 0 0.8 0.4
0.636916835699797 0.618697478991597 0.57258064516129 0.573170731707317 35 22 2 1.403 0.668 0.048 0.0569999999999999 60000 1460 0.618883781289796 1 0.8 0.4
0.795580110497238 0.795580110497238 0.785123966942149 0.75609756097561 8 8 2 0.489 0.28 0.0460000000000003 0.0569999999999999 60000 1492 0.8 1 0.8 0.4
0.414307771487391 0.45681581685744 0.443548387096774 0.414634146341463 92 22 2 3.421 0.947 0.048 0.0820000000000007 60000 1435 0.46 0 0.8 0.4
0.3792194092827 0.40713536201469 0.471544715447154 0.475609756097561 45 22 2 2.132 1.064 0.0540000000000003 0.04 60000 1455 0.46 1 0.8 0.4
0.392592592592593 0.43048403707518 0.454545454545455 0.426829268292683 59 23 2 1.488 0.579 0.0220000000000002 0.0329999999999999 60000 1484 0.46 0 0.8 0.4
0.798192771084337 0.798192771084337 0.798387096774194 0.768292682926829 7 7 2 0.209 0.181 0.026 0.0230000000000001 60000 1432 0.8 0 0.8 0.4
0.803030303030303 0.803030303030303 0.766129032258065 0.74390243902439 7 7 2 0.216 0.189 0.028 0.024 60000 1444 0.8 1 0.8 0.4
0.3272921108742 0.3272921108742 0.338709677419355 0.353658536585366 22 22 2 1.427 1.363 0.0639999999999992 0.056 60000 1472 0.201159409964127 0 0.8 0.4
0.409545584452701 0.438025210084034 0.411290322580645 0.365853658536585 84 22 2 2.288 0.583 0.0250000000000004 0.0279999999999996 60000 1458 0.46 0 0.8 0.4
0.375141242937853 0.383177570093458 0.422764227642276 0.439024390243902 41 22 2 1.09 0.593 0.0259999999999998 0.0229999999999997 60000 1427 0.46 1 0.8 0.4
0.388295600170867 0.401869158878505 0.536585365853659 0.560975609756098 55 22 2 1.516 0.577 0.0259999999999998 0.0260000000000002 60000 1436 0.46 0 0.8 0.4
0.576124218592458 0.4519535374868 0.352459016393443 0.341463414634146 119 22 2 4.354 0.848 0.0510000000000002 0.0430000000000001 60000 1451 0.2 0 0.8 0.4
0.407660332541568 0.452772073921971 0.379032258064516 0.353658536585366 82 23 2 6.747 1.481 0.133000000000001 0.122999999999999 60000 1479 0.46 1 0.8 0.4
0.393103448275862 0.423553719008264 0.40650406504065 0.402439024390244 60 23 2 2.634 0.622 0.0289999999999999 0.032 60000 1484 0.46 1 0.8 0.4
0.829181494661922 0.829181494661922 0.852459016393443 0.853658536585366 6 6 2 0.193 0.195 0.0330000000000001 0.032 60000 1497 0.8 1 0.8 0.4
0.780281690140845 0.780281690140845 0.791666666666667 0.817073170731707 8 8 2 0.236 0.201 0.022 0.0250000000000001 60000 1506 0.8 1 0.8 0.4
0.378780112762686 0.389064143007361 0.447154471544715 0.463414634146341 46 22 2 1.561 1 0.0270000000000001 0.0249999999999999 60000 1446 0.46 1 0.8 0.4
0.774193548387097 0.774193548387097 0.75609756097561 0.75609756097561 8 8 2 0.226 0.193 0.0209999999999999 0.024 60000 1453 0.8 1 0.8 0.4
0.41906769735301 0.454451345755694 0.479674796747967 0.426829268292683 105 23 2 3.869 0.878 0.0249999999999995 0.0250000000000004 60000 1489 0.46 0 0.8 0.4
0.289968652037618 0.289968652037618 0.28099173553719 0.25609756097561 15 15 2 1.014 0.971 0.0630000000000006 0.0620000000000003 60000 1508 0.2 0 0.8 0.4
0.370674486803519 0.390721649484536 0.553719008264463 0.51219512195122 43 24 2 1.635 0.661 0.0470000000000002 0.0449999999999999 60000 1548 0.46 1 0.8 0.4
0.793846153846154 0.793846153846154 0.793388429752066 0.829268292682927 7 7 2 0.226 0.189 0.0269999999999999 0.0229999999999999 60000 1478 0.8 0 0.8 0.4
0.379201680672269 0.426470588235294 0.467213114754098 0.5 45 22 2 1.187 0.66 0.0899999999999999 0.069 60000 1450 0.46 0 0.8 0.4
0.379452762003098 0.381687242798354 0.462809917355372 0.48780487804878 47 23 2 1.253 0.628 0.0250000000000004 0.028 60000 1487 0.46 0 0.8 0.4
0.776243093922652 0.776243093922652 0.774193548387097 0.768292682926829 8 8 2 0.553 0.54 0.0579999999999998 0.0640000000000001 60000 1488 0.8 1 0.8 0.4
0.389786119598429 0.434920634920635 0.5 0.5 55 22 2 3.568 1.361 0.0580000000000007 0.0579999999999998 60000 1468 0.46 0 0.8 0.4
0.38436018957346 0.408247422680412 0.483870967741935 0.5 49 22 2 1.528 0.597 0.0289999999999999 0.0710000000000002 60000 1420 0.46 1 0.8 0.4
0.796352583586626 0.796352583586626 0.795081967213115 0.804878048780488 7 7 2 0.356 0.289 0.112 0.0780000000000003 60000 1450 0.8 0 0.8 0.4
0.376898047722343 0.38006230529595 0.468253968253968 0.48780487804878 43 22 2 1.203 1.163 0.0409999999999999 0.0249999999999999 60000 1433 0.46 0 0.8 0.4
0.75 0.75 0.808333333333333 0.829268292682927 11 11 2 0.337 0.391 0.0390000000000001 0.0670000000000002 60000 1545 0.8 1 0.8 0.4
0.782258064516129 0.782258064516129 0.701612903225806 0.719512195121951 8 8 2 0.591 0.51 0.0569999999999999 0.0649999999999999 60000 1440 0.8 1 0.8 0.4
0.804281345565749 0.804281345565749 0.801652892561983 0.817073170731707 7 7 2 0.284 0.465 0.107 0.0420000000000003 60000 1475 0.8 1 0.8 0.4
0.387946428571429 0.422916666666667 0.442622950819672 0.414634146341463 55 23 2 3.421 1.415 0.056 0.0609999999999999 60000 1500 0.46 0 0.8 0.4
0.410330818340104 0.457083764219235 0.467213114754098 0.48780487804878 85 23 2 5.113 1.387 0.0559999999999992 0.0559999999999992 60000 1496 0.46 1 0.8 0.4
0.347576006573541 0.346980552712385 0.39344262295082 0.439024390243902 29 23 2 1.846 1.512 0.0640000000000001 0.0569999999999995 60000 1475 0.457996002004667 0 0.8 0.4
0.796352583586626 0.796352583586626 0.80327868852459 0.817073170731707 7 7 2 0.216 0.19 0.0270000000000001 0.024 60000 1476 0.8 1 0.8 0.4
0.381407035175879 0.39917695473251 0.42741935483871 0.390243902439024 46 22 2 1.141 0.564 0.0229999999999997 0.0230000000000001 60000 1416 0.46 0 0.8 0.4
0.815972222222222 0.815972222222222 0.804878048780488 0.817073170731707 6 6 2 0.188 0.168 0.024 0.0229999999999999 60000 1448 0.8 1 0.8 0.4
0.368190356919224 0.40124095139607 0.463414634146341 0.451219512195122 37 22 2 1.46 0.583 0.0270000000000001 0.0270000000000001 60000 1428 0.46 1 0.8 0.4
0.400281392894829 0.430540827147402 0.40650406504065 0.378048780487805 68 22 2 1.72 0.552 0.024 0.0269999999999997 60000 1454 0.46 0 0.8 0.4
0.796195652173913 0.796195652173913 0.75609756097561 0.792682926829268 8 8 2 0.574 0.496 0.0539999999999998 0.0620000000000003 60000 1465 0.8 1 0.8 0.4
0.387817703768624 0.372192513368984 0.344262295081967 0.341463414634146 55 22 2 3.478 1.324 0.0570000000000004 0.0570000000000004 60000 1470 0.377059981674859 1 0.8 0.4
0.383620689655172 0.413205537806177 0.459016393442623 0.451219512195122 50 22 2 1.255 0.529 0.0230000000000001 0.0229999999999997 60000 1465 0.46 0 0.8 0.4
0.388789237668161 0.417815482502651 0.419354838709677 0.414634146341463 51 21 2 2.338 0.528 0.0229999999999997 0.0229999999999997 60000 1398 0.46 0 0.8 0.4
0.399133886683508 0.456905503634476 0.491803278688525 0.48780487804878 68 23 2 2.055 1.204 0.0980000000000008 0.0459999999999994 60000 1495 0.46 1 0.8 0.4
0.352763058289175 0.356456776947705 0.392 0.390243902439024 30 21 2 1.197 1.192 0.028 0.024 60000 1403 0.249075241733829 0 0.8 0.4
0.756501182033097 0.756501182033097 0.766129032258065 0.780487804878049 9 9 2 0.581 0.413 0.0469999999999997 0.036 60000 1408 0.8 0 0.8 0.4
0.790273556231003 0.790273556231003 0.80327868852459 0.829268292682927 7 7 2 0.214 0.198 0.0289999999999999 0.024 60000 1446 0.8 1 0.8 0.4
0.41520618556701 0.448024948024948 0.42741935483871 0.451219512195122 92 22 2 5.658 1.318 0.0560000000000009 0.0649999999999995 60000 1438 0.46 1 0.8 0.4
0.376513954713007 0.3913491246138 0.360655737704918 0.365853658536585 46 23 2 2.941 1.485 0.0590000000000002 0.0579999999999998 60000 1486 0.46 0 0.8 0.4
0.852589641434263 0.852589641434263 0.82258064516129 0.817073170731707 5 5 2 0.164 0.141 0.0310000000000001 0.028 60000 1426 0.8 1 0.8 0.4
0.32560706401766 0.32560706401766 0.286885245901639 0.268292682926829 21 21 2 0.542 0.526 0.0300000000000002 0.0259999999999998 60000 1455 0.226279078603876 0 0.8 0.4
0.392770105605199 0.434737923946557 0.40650406504065 0.378048780487805 60 23 2 2.361 1.233 0.0270000000000001 0.0229999999999997 60000 1487 0.46 1 0.8 0.4
0.372037914691943 0.41850683491062 0.447154471544715 0.463414634146341 40 22 2 0.97 0.548 0.0219999999999998 0.0249999999999999 60000 1454 0.46 1 0.8 0.4
0.181818181818182 0.181818181818182 0.19672131147541 0.231707317073171 6 6 2 0.184 0.163 0.024 0.024 60000 1469 0.2 0 0.8 0.4
0.383924349881797 0.41948717948718 0.430894308943089 0.439024390243902 51 23 2 2.534 1.044 0.0270000000000001 0.0359999999999996 60000 1475 0.46 1 0.8 0.4
0.39453125 0.408902691511387 0.42741935483871 0.439024390243902 60 22 2 2.623 0.664000000000001 0.0430000000000001 0.0970000000000004 60000 1430 0.46 1 0.8 0.4
0.407112201103617 0.459100204498977 0.409836065573771 0.439024390243902 79 23 2 4.66 1.346 0.052999999999999 0.0589999999999993 60000 1472 0.46 0 0.8 0.4
0.39943242284498 0.432851239669421 0.467213114754098 0.51219512195122 69 23 2 2.692 0.677 0.0229999999999997 0.0229999999999997 60000 1491 0.46 1 0.8 0.4
0.785714285714286 0.785714285714286 0.793650793650794 0.792682926829268 8 8 2 0.586 0.502 0.0550000000000002 0.0640000000000001 60000 1419 0.8 1 0.8 0.4
0.792792792792793 0.792792792792793 0.795081967213115 0.75609756097561 7 7 2 0.21 0.164 0.024 0.0209999999999999 60000 1445 0.8 1 0.8 0.4
0.395081316937723 0.421383647798742 0.414634146341463 0.439024390243902 60 22 2 2.235 0.56 0.0249999999999999 0.0270000000000001 60000 1451 0.46 0 0.8 0.4
0.377111716621253 0.412140575079872 0.430894308943089 0.439024390243902 44 22 2 2.102 0.611 0.0219999999999998 0.0250000000000004 60000 1471 0.46 0 0.8 0.4
0.850806451612903 0.850806451612903 0.848 0.841463414634146 5 5 2 0.161 0.144 0.0269999999999999 0.0230000000000001 60000 1443 0.8 1 0.8 0.4
0.817543859649123 0.817543859649123 0.836065573770492 0.853658536585366 6 6 2 0.196 0.256 0.0600000000000001 0.0699999999999998 60000 1449 0.8 1 0.8 0.4
0.790419161676647 0.790419161676647 0.832 0.829268292682927 7 7 2 0.224 0.37 0.0920000000000001 0.0689999999999997 60000 1431 0.8 1 0.8 0.4
0.391178895300907 0.414151925078044 0.382113821138211 0.378048780487805 57 22 2 3.508 1.289 0.0620000000000003 0.056 60000 1434 0.46 1 0.8 0.4
0.802431610942249 0.802431610942249 0.832 0.780487804878049 7 7 2 0.162 0.148 0.02 0.0169999999999999 60000 1457 0.8 1 0.8 0.4
0.77445652173913 0.77445652173913 0.770491803278688 0.75609756097561 8 8 2 0.222 0.211 0.0330000000000001 0.0379999999999998 60000 1471 0.8 1 0.8 0.4
0.778975741239892 0.778975741239892 0.691056910569106 0.695121951219512 8 8 2 0.416 0.382 0.032 0.0600000000000001 60000 1452 0.8 1 0.8 0.4
0.365150544522742 0.386722866174921 0.422764227642276 0.378048780487805 37 22 2 2.276 1.365 0.0609999999999999 0.056 60000 1462 0.46 1 0.8 0.4
0.788203753351206 0.788203753351206 0.830645161290323 0.829268292682927 8 8 2 0.595 0.509 0.056 0.0629999999999997 60000 1458 0.8 1 0.8 0.4
0.384283660757068 0.406382978723404 0.435483870967742 0.390243902439024 50 22 2 1.574 0.99 0.024 0.024 60000 1466 0.46 0 0.8 0.4
0.796296296296296 0.796296296296296 0.778688524590164 0.792682926829268 7 7 2 0.196 0.166 0.0250000000000001 0.0269999999999999 60000 1480 0.8 0 0.8 0.4
0.379078197824961 0.398348813209494 0.396694214876033 0.353658536585366 47 23 2 1.278 1.232 0.0389999999999997 0.0610000000000004 60000 1491 0.46 1 0.8 0.4
0.822463768115942 0.822463768115942 0.836065573770492 0.792682926829268 6 6 2 0.456 0.379 0.0540000000000003 0.0539999999999998 60000 1538 0.8 1 0.8 0.4
0.420316441183215 0.514613778705637 0.528455284552846 0.536585365853659 104 22 2 3.731 1.178 0.0909999999999993 0.0390000000000006 60000 1445 0.46 1 0.8 0.4
0.309963099630996 0.309963099630996 0.30327868852459 0.292682926829268 19 19 2 1.171 1.118 0.0629999999999997 0.0529999999999999 60000 1473 0.2 0 0.8 0.4
0.369098712446352 0.373569198751301 0.352459016393443 0.414634146341463 40 23 2 2.374 1.371 0.0590000000000002 0.0530000000000008 60000 1505 0.46 0 0.8 0.4
0.39041394335512 0.420940170940171 0.40495867768595 0.414634146341463 55 22 2 3.317 1.267 0.0540000000000003 0.0540000000000003 60000 1468 0.46 0 0.8 0.4
0.378235604860011 0.403726708074534 0.451612903225806 0.451219512195122 46 23 2 2.745 1.399 0.0559999999999992 0.056 60000 1488 0.46 0 0.8 0.4
0.405865657521287 0.44350580781415 0.577235772357724 0.597560975609756 76 22 2 4.397 1.274 0.0539999999999994 0.0600000000000005 60000 1457 0.46 1 0.8 0.4
0.797260273972603 0.797260273972603 0.780487804878049 0.780487804878049 8 8 2 0.542 0.465 0.0510000000000002 0.0589999999999997 60000 1487 0.8 1 0.8 0.4
0.784366576819407 0.784366576819407 0.798387096774194 0.768292682926829 8 8 2 0.543 0.459 0.0500000000000003 0.0590000000000002 60000 1460 0.8 1 0.8 0.4
0.784530386740331 0.784530386740331 0.785123966942149 0.75609756097561 8 8 2 0.331 0.432 0.0580000000000003 0.0669999999999997 60000 1491 0.8 1 0.8 0.4
0.84297520661157 0.84297520661157 0.868852459016393 0.853658536585366 5 5 2 0.334 0.215 0.0369999999999999 0.0310000000000001 60000 1507 0.8 1 0.8 0.4
0.847107438016529 0.847107438016529 0.89344262295082 0.902439024390244 5 5 2 0.381 0.303 0.0579999999999998 0.0510000000000002 60000 1496 0.8 1 0.8 0.4
0.396329558766107 0.425793244626407 0.377049180327869 0.329268292682927 62 23 2 4.773 1.579 0.0789999999999988 0.0649999999999995 60000 1476 0.46 0 0.8 0.4
0.222527472527473 0.222527472527473 0.24390243902439 0.24390243902439 8 8 2 0.551 0.47 0.0510000000000002 0.0600000000000001 60000 1477 0.2 0 0.8 0.4
0.380539989811513 0.410010649627263 0.418032786885246 0.378048780487805 47 22 2 3.807 1.431 0.0550000000000015 0.0549999999999997 60000 1465 0.46 0 0.8 0.4
