0.78551912568306 0.78551912568306 0.78551912568306 0.78551912568306 1 1 1 0.169 0.168 0.124 0.12 60000 198 0.8 1 0.8 0.6
0.791836734693877 0.791836734693877 0.791836734693877 0.791836734693877 1 1 1 0.172 0.175 0.128 0.127 60000 186 0.8 0 0.8 0.6
0.698910081743869 0.698910081743869 0.698910081743869 0.698910081743869 1 1 1 0.193 0.194 0.149999999999999 0.134 60000 190 0.759927581219316 1 0.8 0.6
0.782016348773842 0.782016348773842 0.782016348773842 0.782016348773842 1 1 1 0.175 0.17 0.127 0.124 60000 187 0.8 1 0.8 0.6
0.387515710096355 0.380129589632829 0.385034013605442 0.385034013605442 6 3 1 1.429 0.528 0.154999999999999 0.233 60000 179 0.46 1 0.8 0.6
0.369565217391304 0.374520337682272 0.378415300546448 0.378415300546448 5 3 1 0.922 0.738 0.146 0.131 60000 199 0.46 1 0.8 0.6
0.788251366120219 0.788251366120219 0.788251366120219 0.788251366120219 1 1 1 0.371 0.263 0.144 0.135999999999999 60000 190 0.8 1 0.8 0.6
0.742857142857143 0.742857142857143 0.742857142857143 0.742857142857143 1 1 1 0.174 0.202 0.142 0.129 60000 188 0.8 1 0.8 0.6
0.382829610162067 0.397026022304833 0.416438356164384 0.416438356164384 6 3 1 0.862 0.537 0.205 0.220000000000001 60000 188 0.46 0 0.8 0.6
0.786301369863014 0.786301369863014 0.786301369863014 0.786301369863014 1 1 1 0.313000000000001 0.260999999999999 0.129 0.122 60000 187 0.8 1 0.8 0.6
0.374342797055731 0.3777441332324 0.384196185286104 0.384196185286104 5 3 1 0.986 0.757 0.181 0.148 60000 196 0.46 0 0.8 0.6
0.381422924901186 0.3918426802622 0.397805212620027 0.397805212620027 5 3 1 1.034 0.571000000000001 0.125999999999999 0.123 60000 180 0.46 0 0.8 0.6
0.788540245566166 0.788540245566166 0.788540245566166 0.788540245566166 1 1 1 0.182 0.235 0.224 0.205 60000 181 0.8 1 0.8 0.6
0.30150068212824 0.30150068212824 0.30150068212824 0.30150068212824 1 1 1 0.288 0.339 0.138 0.132 60000 197 0.2 0 0.8 0.6
0.379185986604843 0.399399399399399 0.403819918144611 0.403819918144611 5 3 1 1.018 0.404 0.237 0.276 60000 192 0.46 0 0.8 0.6
0.306201550387597 0.306201550387597 0.313269493844049 0.313269493844049 2 2 1 0.387 0.266 0.128 0.128 60000 188 0.2 0 0.8 0.6
0.393754760091394 0.411547002220577 0.431105047748977 0.431105047748977 7 3 1 0.875 0.363 0.117 0.116 60000 187 0.46 1 0.8 0.6
0.264945652173913 0.264945652173913 0.264945652173913 0.264945652173913 1 1 1 0.351 0.236 0.130999999999999 0.128 60000 191 0.2 0 0.8 0.6
0.349557522123894 0.349557522123894 0.364754098360656 0.364754098360656 3 3 1 0.476 0.423 0.141 0.131 60000 186 0.322373452281105 1 0.8 0.6
0.770491803278688 0.770491803278688 0.770491803278688 0.770491803278688 1 1 1 0.203 0.172000000000001 0.13 0.128 60000 176 0.8 1 0.8 0.6
0.349008082292432 0.349008082292432 0.369713506139154 0.369713506139154 3 3 1 0.509 0.387 0.141 0.132 60000 187 0.2 0 0.8 0.6
0.314397649363369 0.314397649363369 0.327421555252387 0.327421555252387 2 2 1 0.323 0.233 0.128 0.119 60000 196 0.2 0 0.8 0.6
0.663524976437323 0.663524976437323 0.660738714090287 0.660738714090287 2 2 1 0.36 0.386 0.196 0.181 60000 178 0.748159975479836 1 0.8 0.6
0.297814207650273 0.297814207650273 0.297814207650273 0.297814207650273 1 1 1 0.173 0.177 0.145 0.127 60000 195 0.2 0 0.8 0.6
0.773841961852861 0.773841961852861 0.773841961852861 0.773841961852861 1 1 1 0.27 0.245 0.133 0.130999999999999 60000 193 0.8 0 0.8 0.6
0.798639455782313 0.798639455782313 0.798639455782313 0.798639455782313 1 1 1 0.301 0.183 0.131 0.13 60000 194 0.8 1 0.8 0.6
0.299180327868852 0.299180327868852 0.299180327868852 0.299180327868852 1 1 1 0.241 0.383 0.258 0.187 60000 186 0.32488394793238 0 0.8 0.6
0.379942140790743 0.380271622587563 0.39047619047619 0.39047619047619 5 3 1 1.151 0.411 0.133 0.132000000000001 60000 177 0.46 0 0.8 0.6
0.388287952256621 0.401753104455807 0.406292749658003 0.406292749658003 7 3 1 1.297 0.366 0.143000000000001 0.127999999999999 60000 182 0.46 0 0.8 0.6
0.770177838577291 0.770177838577291 0.770177838577291 0.770177838577291 1 1 1 0.179 0.179 0.129 0.136 60000 190 0.8 1 0.8 0.6
0.79291553133515 0.79291553133515 0.79291553133515 0.79291553133515 1 1 1 0.172 0.176 0.145 0.127 60000 194 0.8 1 0.8 0.6
0.357091432685385 0.357091432685385 0.356462585034014 0.356462585034014 3 3 1 0.467 0.703 0.223 0.173999999999999 60000 180 0.245772566384881 0 0.8 0.6
0.379310344827586 0.393019726858877 0.411444141689373 0.411444141689373 5 3 1 0.742 0.413 0.133999999999999 0.131 60000 192 0.46 1 0.8 0.6
0.782786885245902 0.782786885245902 0.782786885245902 0.782786885245902 1 1 1 0.17 0.169 0.125 0.123 60000 177 0.8 1 0.8 0.6
0.563513707478111 0.481040892193309 0.454918032786885 0.454918032786885 21 3 1 3.474 0.629 0.222 0.124000000000001 60000 191 0.262959511451729 1 0.8 0.6
0.391425583827117 0.408650260999254 0.414733969986357 0.414733969986357 8 3 1 1.18 0.663 0.21 0.134 60000 193 0.46 1 0.8 0.6
0.377218934911243 0.402315484804631 0.394808743169399 0.394808743169399 5 3 1 0.772 0.613 0.114 0.11 60000 182 0.46 1 0.8 0.6
0.663873370577281 0.663873370577281 0.657103825136612 0.657103825136612 2 2 1 0.33 0.281000000000001 0.130000000000001 0.129 60000 177 0.646345255564323 1 0.8 0.6
0.821525885558583 0.821525885558583 0.821525885558583 0.821525885558583 1 1 1 0.303 0.298 0.186 0.181999999999999 60000 195 0.8 1 0.8 0.6
0.380570856284427 0.400593471810089 0.395634379263302 0.395634379263302 5 3 1 0.629 0.351 0.116 0.114999999999999 60000 186 0.46 1 0.8 0.6
0.397265336289727 0.395398993529835 0.430327868852459 0.430327868852459 7 3 1 1.191 0.369 0.192 0.258 60000 180 0.46 1 0.8 0.6
0.278308321964529 0.278308321964529 0.278308321964529 0.278308321964529 1 1 1 0.186 0.187 0.151000000000001 0.137 60000 188 0.2 1 0.8 0.6
0.780653950953679 0.780653950953679 0.780653950953679 0.780653950953679 1 1 1 0.300000000000001 0.298 0.17 0.13 60000 196 0.8 1 0.8 0.6
0.766393442622951 0.766393442622951 0.766393442622951 0.766393442622951 1 1 1 0.176 0.173 0.119 0.117 60000 182 0.8 1 0.8 0.6
0.35934664246824 0.365455893254262 0.387448840381992 0.387448840381992 4 3 1 0.59 0.394 0.130999999999999 0.11 60000 188 0.363037826004177 1 0.8 0.6
0.363237139272271 0.361882716049383 0.361149110807114 0.361149110807114 4 3 1 0.724000000000001 0.386 0.133 0.142 60000 198 0.46 1 0.8 0.6
0.34620886981402 0.34620886981402 0.34924965893588 0.34924965893588 3 3 1 0.469 0.426 0.13 0.129 60000 179 0.2 0 0.8 0.6
0.363210310486233 0.364620938628159 0.361643835616438 0.361643835616438 4 3 1 0.794 0.417 0.126 0.145 60000 181 0.266269413354276 0 0.8 0.6
0.7 0.7 0.693042291950887 0.693042291950887 2 2 1 0.317 0.255 0.185 0.244 60000 189 0.8 1 0.8 0.6
0.387860525182953 0.401171303074671 0.394808743169399 0.394808743169399 6 3 1 0.902 0.425 0.135000000000001 0.14 60000 185 0.46 0 0.8 0.6
0.393574297188755 0.436920883820385 0.452316076294278 0.452316076294278 7 3 1 0.973 0.37 0.191000000000001 0.244 60000 178 0.46 0 0.8 0.6
0.796725784447476 0.796725784447476 0.796725784447476 0.796725784447476 1 1 1 0.217 0.158 0.116 0.114 60000 184 0.8 1 0.8 0.6
0.388081395348837 0.405289492494639 0.39344262295082 0.39344262295082 7 3 1 0.974 0.403 0.134 0.131 60000 177 0.46 1 0.8 0.6
0.619827194179172 0.598024316109423 0.599455040871935 0.599455040871935 6 3 1 1.407 0.566000000000001 0.201000000000001 0.221 60000 197 0.547370421950225 0 0.8 0.6
0.356296296296296 0.356296296296296 0.346994535519126 0.346994535519126 3 3 1 0.717 0.394 0.127 0.127 60000 187 0.252106408089645 1 0.8 0.6
0.373184898354308 0.380747126436782 0.393150684931507 0.393150684931507 5 3 1 1.174 0.709 0.125 0.16 60000 177 0.46 1 0.8 0.6
0.397154940407536 0.419259259259259 0.415068493150685 0.415068493150685 7 3 1 0.984 0.407 0.13 0.127 60000 188 0.46 1 0.8 0.6
0.391640866873065 0.418708240534521 0.427792915531335 0.427792915531335 7 3 1 1.242 0.745 0.215 0.162 60000 189 0.46 0 0.8 0.6
0.807901907356948 0.807901907356948 0.807901907356948 0.807901907356948 1 1 1 0.164 0.174 0.135 0.136 60000 189 0.8 1 0.8 0.6
0.392418032786885 0.403860430586489 0.417687074829932 0.417687074829932 8 3 1 1.14 0.421 0.133999999999999 0.132000000000001 60000 189 0.444045526907076 0 0.8 0.6
0.775510204081633 0.775510204081633 0.775510204081633 0.775510204081633 1 1 1 0.252999999999999 0.39 0.248 0.172 60000 183 0.8 1 0.8 0.6
0.579626334519573 0.491346877351392 0.461224489795918 0.461224489795918 13 3 1 2.413 0.471 0.212 0.217000000000001 60000 189 0.2 0 0.8 0.6
0.792633015006821 0.792633015006821 0.792633015006821 0.792633015006821 1 1 1 0.168 0.172 0.128 0.126 60000 185 0.8 1 0.8 0.6
0.767029972752044 0.767029972752044 0.767029972752044 0.767029972752044 1 1 1 0.197 0.176 0.146 0.133999999999999 60000 182 0.8 1 0.8 0.6
0.352852852852853 0.352852852852853 0.336986301369863 0.336986301369863 3 3 1 0.488 0.401 0.144 0.139 60000 191 0.317970614483795 0 0.8 0.6
0.789617486338798 0.789617486338798 0.789617486338798 0.789617486338798 1 1 1 0.151 0.157 0.108000000000001 0.106 60000 184 0.8 1 0.8 0.6
0.741144414168937 0.741144414168937 0.741144414168937 0.741144414168937 1 1 1 0.249 0.19 0.224 0.265 60000 187 0.8 1 0.8 0.6
0.380076955964087 0.391399416909621 0.419972640218878 0.419972640218878 6 3 1 1.18 0.573 0.137 0.151000000000001 60000 183 0.46 0 0.8 0.6
0.407303370786517 0.442018072289157 0.444141689373297 0.444141689373297 9 3 1 1.702 0.593 0.154 0.138 60000 191 0.46 1 0.8 0.6
0.377708978328173 0.389591078066915 0.400544959128065 0.400544959128065 5 3 1 1.031 0.496 0.22 0.21 60000 191 0.46 1 0.8 0.6
0.379817444219067 0.38501872659176 0.401091405184175 0.401091405184175 5 3 1 0.759 0.419 0.136 0.133 60000 189 0.46 0 0.8 0.6
0.350903614457831 0.350903614457831 0.35149863760218 0.35149863760218 3 3 1 0.485 0.441000000000001 0.135 0.136 60000 195 0.254106848331144 0 0.8 0.6
0.397435897435897 0.448604992657856 0.447619047619048 0.447619047619048 10 3 1 1.93 0.438000000000001 0.135 0.129 60000 187 0.46 1 0.8 0.6
0.373171961674231 0.376400298730396 0.372093023255814 0.372093023255814 5 3 1 0.742 0.406000000000001 0.132 0.13 60000 188 0.372795173960558 0 0.8 0.6
0.791553133514986 0.791553133514986 0.791553133514986 0.791553133514986 1 1 1 0.340999999999999 0.239000000000001 0.117999999999999 0.117 60000 182 0.8 1 0.8 0.6
0.38843721770551 0.408024224072672 0.4141689373297 0.4141689373297 6 3 1 1.02 0.39 0.129 0.132 60000 196 0.46 1 0.8 0.6
0.776261937244202 0.776261937244202 0.776261937244202 0.776261937244202 1 1 1 0.162 0.163 0.184 0.215 60000 191 0.8 1 0.8 0.6
0.372663551401869 0.375180375180375 0.406548431105048 0.406548431105048 4 3 1 0.595 0.403 0.196000000000001 0.215 60000 179 0.46 0 0.8 0.6
0.786394557823129 0.786394557823129 0.786394557823129 0.786394557823129 1 1 1 0.235 0.318 0.194 0.137 60000 197 0.8 1 0.8 0.6
0.796448087431694 0.796448087431694 0.796448087431694 0.796448087431694 1 1 1 0.35 0.403 0.182 0.121 60000 194 0.8 1 0.8 0.6
0.299319727891156 0.299319727891156 0.299319727891156 0.299319727891156 1 1 1 0.171 0.17 0.13 0.126 60000 188 0.2 1 0.8 0.6
0.362779740871614 0.360230547550432 0.359183673469388 0.359183673469388 4 3 1 0.572 0.371 0.122 0.131 60000 182 0.326366269259366 1 0.8 0.6
0.285129604365621 0.285129604365621 0.285129604365621 0.285129604365621 1 1 1 0.337 0.248 0.178 0.206 60000 194 0.2 0 0.8 0.6
0.415401540154015 0.479734708916728 0.497953615279673 0.497953615279673 13 3 1 2.513 0.643000000000001 0.189 0.141 60000 187 0.46 0 0.8 0.6
0.357658959537572 0.357658959537572 0.362892223738063 0.362892223738063 3 3 1 0.683 0.538 0.143999999999999 0.139 60000 180 0.323731565491136 0 0.8 0.6
0.732605729877217 0.732605729877217 0.732605729877217 0.732605729877217 1 1 1 0.266 0.210999999999999 0.186 0.209000000000001 60000 184 0.8 1 0.8 0.6
0.393697798025816 0.405185185185185 0.401639344262295 0.401639344262295 7 3 1 2.151 0.895 0.295999999999999 0.283000000000001 60000 186 0.46 0 0.8 0.6
0.789617486338798 0.789617486338798 0.789617486338798 0.789617486338798 1 1 1 0.179 0.182 0.134 0.143 60000 195 0.8 1 0.8 0.6
0.384972562262558 0.40684133915575 0.416326530612245 0.416326530612245 6 3 1 1.925 0.920999999999999 0.291 0.311999999999999 60000 180 0.46 1 0.8 0.6
0.410618996798292 0.448545067423705 0.463215258855586 0.463215258855586 10 3 1 2.118 0.632 0.259 0.275 60000 177 0.46 1 0.8 0.6
0.414870944825953 0.441328413284133 0.442019099590723 0.442019099590723 12 3 1 2.322 0.441 0.137 0.128 60000 187 0.46 0 0.8 0.6
0.708618331053352 0.708618331053352 0.708618331053352 0.708618331053352 1 1 1 0.278 0.297 0.198 0.145 60000 184 0.8 1 0.8 0.6
0.367947178871549 0.364038319823139 0.386920980926431 0.386920980926431 4 3 1 0.573 0.406 0.126 0.137 60000 187 0.40214689131824 1 0.8 0.6
0.795081967213115 0.795081967213115 0.795081967213115 0.795081967213115 1 1 1 0.395 0.395999999999999 0.286 0.279 60000 194 0.8 1 0.8 0.6
0.392870980240217 0.409361069836553 0.419398907103825 0.419398907103825 7 3 1 1.062 0.743 0.143000000000001 0.140000000000001 60000 190 0.46 0 0.8 0.6
0.784447476125512 0.784447476125512 0.784447476125512 0.784447476125512 1 1 1 0.404000000000001 0.401 0.294 0.286 60000 179 0.8 1 0.8 0.6
0.771117166212534 0.771117166212534 0.771117166212534 0.771117166212534 1 1 1 0.405 0.396000000000001 0.293000000000001 0.288 60000 185 0.8 1 0.8 0.6
0.801089918256131 0.801089918256131 0.801089918256131 0.801089918256131 1 1 1 0.153999999999999 0.152 0.138 0.165 60000 190 0.8 1 0.8 0.6
0.381718154887854 0.384225759768452 0.400544959128065 0.400544959128065 6 3 1 1.349 0.647 0.140000000000001 0.167 60000 180 0.46 0 0.8 0.6
0.799727520435967 0.799727520435967 0.799727520435967 0.799727520435967 1 1 1 0.172 0.173 0.129 0.138 60000 183 0.8 1 0.8 0.6
0.811989100817439 0.811989100817439 0.811989100817439 0.811989100817439 1 1 1 0.168 0.168 0.104 0.114999999999999 60000 187 0.8 1 0.8 0.6
0.787175989085948 0.787175989085948 0.787175989085948 0.787175989085948 1 1 1 0.433999999999999 0.373000000000001 0.291 0.281000000000001 60000 202 0.8 1 0.8 0.6
0.771857923497268 0.771857923497268 0.771857923497268 0.771857923497268 1 1 1 0.172 0.169 0.138 0.128 60000 182 0.8 1 0.8 0.6
0.386173491853809 0.393308550185874 0.40625 0.40625 6 3 1 1.362 0.634 0.139 0.129 60000 189 0.46 0 0.8 0.6
0.811989100817439 0.811989100817439 0.811989100817439 0.811989100817439 1 1 1 0.258 0.293 0.213 0.149 60000 186 0.8 1 0.8 0.6
0.353049907578558 0.357997010463378 0.348360655737705 0.348360655737705 4 3 1 1.314 0.882 0.279999999999999 0.288 60000 193 0.2 0 0.8 0.6
0.381147540983607 0.386397608370703 0.397820163487738 0.397820163487738 5 3 1 1.63 0.913 0.297000000000001 0.289999999999999 60000 190 0.46 0 0.8 0.6
0.794520547945205 0.794520547945205 0.794520547945205 0.794520547945205 1 1 1 0.386 0.382 0.280999999999999 0.273999999999999 60000 186 0.8 1 0.8 0.6
0.799454297407913 0.799454297407913 0.799454297407913 0.799454297407913 1 1 1 0.387 0.255 0.139 0.138 60000 192 0.8 1 0.8 0.6
0.792633015006821 0.792633015006821 0.792633015006821 0.792633015006821 1 1 1 0.282 0.198 0.139 0.159000000000001 60000 182 0.8 1 0.8 0.6
0.381483069009859 0.405090909090909 0.406548431105048 0.406548431105048 6 3 1 1.456 0.439 0.117 0.122 60000 184 0.46 1 0.8 0.6
0.402017731580556 0.4309963099631 0.429548563611491 0.429548563611491 9 3 1 1.551 0.435 0.129 0.127 60000 187 0.46 0 0.8 0.6
0.810368349249659 0.810368349249659 0.810368349249659 0.810368349249659 1 1 1 0.321 0.254 0.125999999999999 0.128 60000 190 0.8 1 0.8 0.6
0.784741144414169 0.784741144414169 0.784741144414169 0.784741144414169 1 1 1 0.179 0.176 0.140000000000001 0.199999999999999 60000 188 0.8 1 0.8 0.6
0.353252647503782 0.353252647503782 0.366120218579235 0.366120218579235 3 3 1 0.443 0.412 0.124 0.123 60000 192 0.396183178704293 0 0.8 0.6
0.771857923497268 0.771857923497268 0.771857923497268 0.771857923497268 1 1 1 0.248 0.245 0.252 0.257 60000 195 0.8 1 0.8 0.6
0.775956284153005 0.775956284153005 0.775956284153005 0.775956284153005 1 1 1 0.183 0.186 0.136 0.146999999999999 60000 188 0.8 1 0.8 0.6
0.391520244461421 0.419117647058824 0.444141689373297 0.444141689373297 7 3 1 2.126 0.873999999999999 0.289 0.286000000000001 60000 186 0.46 0 0.8 0.6
0.375926733536851 0.394833948339483 0.427210884353741 0.427210884353741 6 3 1 0.846 0.408 0.127999999999999 0.147 60000 189 0.46 0 0.8 0.6
0.813096862210095 0.813096862210095 0.813096862210095 0.813096862210095 1 1 1 0.189 0.192 0.149999999999999 0.139 60000 185 0.8 1 0.8 0.6
0.40933221570271 0.433382137628111 0.426229508196721 0.426229508196721 10 3 1 1.672 0.419 0.139 0.132000000000001 60000 187 0.46 1 0.8 0.6
0.801641586867305 0.801641586867305 0.801641586867305 0.801641586867305 1 1 1 0.398000000000001 0.386000000000001 0.289999999999999 0.284000000000001 60000 190 0.8 1 0.8 0.6
0.592909896602659 0.560835133189345 0.55449591280654 0.55449591280654 9 3 1 1.183 0.383 0.118 0.118 60000 179 0.359773141080692 0 0.8 0.6
0.27012278308322 0.27012278308322 0.27012278308322 0.27012278308322 1 1 1 0.218999999999999 0.159 0.12 0.119000000000001 60000 186 0.2 0 0.8 0.6
0.796448087431694 0.796448087431694 0.796448087431694 0.796448087431694 1 1 1 0.217000000000001 0.21 0.22 0.205 60000 193 0.8 1 0.8 0.6
0.773533424283765 0.773533424283765 0.773533424283765 0.773533424283765 1 1 1 0.154 0.155 0.115 0.113 60000 186 0.8 1 0.8 0.6
0.783083219645293 0.783083219645293 0.783083219645293 0.783083219645293 1 1 1 0.29 0.234 0.172999999999999 0.227 60000 185 0.8 1 0.8 0.6
0.783083219645293 0.783083219645293 0.783083219645293 0.783083219645293 1 1 1 0.169 0.173 0.13 0.124 60000 197 0.8 1 0.8 0.6
0.795640326975477 0.795640326975477 0.795640326975477 0.795640326975477 1 1 1 0.565 0.512 0.362 0.309000000000001 60000 178 0.8 1 0.8 0.6
0.761643835616438 0.761643835616438 0.761643835616438 0.761643835616438 1 1 1 0.282 0.264 0.175 0.237 60000 184 0.8 1 0.8 0.6
0.798639455782313 0.798639455782313 0.798639455782313 0.798639455782313 1 1 1 0.172 0.171 0.126 0.127 60000 183 0.8 1 0.8 0.6
0.402698145025295 0.421245421245421 0.416893732970027 0.416893732970027 8 3 1 1.456 0.425 0.115 0.114 60000 184 0.46 0 0.8 0.6
0.804644808743169 0.804644808743169 0.804644808743169 0.804644808743169 1 1 1 0.164 0.233 0.244999999999999 0.24 60000 180 0.8 1 0.8 0.6
0.294277929155313 0.294277929155313 0.294277929155313 0.294277929155313 1 1 1 0.281 0.178000000000001 0.124 0.122 60000 192 0.2 1 0.8 0.6
0.401821862348178 0.412582297000732 0.41120218579235 0.41120218579235 8 3 1 1.069 0.33 0.104 0.105 60000 184 0.46 0 0.8 0.6
0.266393442622951 0.266393442622951 0.266393442622951 0.266393442622951 1 1 1 0.229 0.255000000000001 0.279 0.247999999999999 60000 196 0.2 0 0.8 0.6
0.801089918256131 0.801089918256131 0.801089918256131 0.801089918256131 1 1 1 0.399 0.390000000000001 0.289 0.282 60000 183 0.8 1 0.8 0.6
0.377248013383522 0.38940586972083 0.403819918144611 0.403819918144611 6 3 1 1.256 0.726999999999999 0.146 0.147 60000 178 0.46 0 0.8 0.6
0.39041095890411 0.395245170876672 0.412568306010929 0.412568306010929 7 3 1 1.49 0.647 0.146999999999999 0.148 60000 186 0.46 0 0.8 0.6
0.808743169398907 0.808743169398907 0.808743169398907 0.808743169398907 1 1 1 0.398 0.395000000000001 0.292999999999999 0.287000000000001 60000 184 0.8 0 0.8 0.6
0.804644808743169 0.804644808743169 0.804644808743169 0.804644808743169 1 1 1 0.164 0.163 0.127 0.118 60000 197 0.8 1 0.8 0.6
0.793715846994536 0.793715846994536 0.793715846994536 0.793715846994536 1 1 1 0.397999999999999 0.389999999999999 0.288 0.282 60000 184 0.8 1 0.8 0.6
0.586846543001686 0.542410714285714 0.523160762942779 0.523160762942779 12 3 1 2.073 0.395 0.126 0.162 60000 190 0.2 0 0.8 0.6
0.759890859481583 0.759890859481583 0.759890859481583 0.759890859481583 1 1 1 0.391000000000001 0.378 0.282 0.275 60000 187 0.8 1 0.8 0.6
0.800546448087432 0.800546448087432 0.800546448087432 0.800546448087432 1 1 1 0.29 0.273 0.129 0.128 60000 201 0.8 1 0.8 0.6
0.779891304347826 0.779891304347826 0.779891304347826 0.779891304347826 1 1 1 0.175 0.174 0.128000000000001 0.138 60000 195 0.8 1 0.8 0.6
0.410538179768949 0.433088235294118 0.440054495912807 0.440054495912807 10 3 1 2.993 0.905999999999999 0.285 0.285 60000 188 0.46 1 0.8 0.6
0.778990450204638 0.778990450204638 0.778990450204638 0.778990450204638 1 1 1 0.156 0.154 0.116 0.118 60000 188 0.8 1 0.8 0.6
0.374803149606299 0.385779122541604 0.405442176870748 0.405442176870748 5 3 1 0.734 0.409 0.236 0.265 60000 196 0.46 0 0.8 0.6
0.400498398006408 0.409674981103553 0.430327868852459 0.430327868852459 8 3 1 2.385 0.886000000000001 0.276 0.283999999999999 60000 196 0.46 1 0.8 0.6
0.391085271317829 0.402222222222222 0.428571428571429 0.428571428571429 7 3 1 1.532 0.412999999999999 0.107 0.104 60000 189 0.46 0 0.8 0.6
0.748976807639836 0.748976807639836 0.748976807639836 0.748976807639836 1 1 1 0.282999999999999 0.286 0.134 0.135 60000 182 0.8 1 0.8 0.6
0.396626926432102 0.416097190584662 0.43656207366985 0.43656207366985 10 3 1 2.938 0.894 0.279 0.278 60000 195 0.46 0 0.8 0.6
0.387732749178532 0.40301724137931 0.427792915531335 0.427792915531335 7 3 1 1.319 0.582999999999999 0.3 0.245 60000 178 0.46 0 0.8 0.6
0.792065663474692 0.792065663474692 0.792065663474692 0.792065663474692 1 1 1 0.263 0.175999999999999 0.124000000000001 0.127 60000 184 0.8 1 0.8 0.6
0.799727520435967 0.799727520435967 0.799727520435967 0.799727520435967 1 1 1 0.387 0.375999999999999 0.280000000000001 0.273 60000 188 0.8 1 0.8 0.6
0.788828337874659 0.788828337874659 0.788828337874659 0.788828337874659 1 1 1 0.185 0.182 0.148000000000001 0.129 60000 197 0.8 1 0.8 0.6
0.380009657170449 0.395565092989986 0.39344262295082 0.39344262295082 5 3 1 1.094 0.428 0.142 0.125999999999999 60000 178 0.46 1 0.8 0.6
0.799727520435967 0.799727520435967 0.799727520435967 0.799727520435967 1 1 1 0.173 0.163 0.12 0.117 60000 183 0.8 1 0.8 0.6
0.79291553133515 0.79291553133515 0.79291553133515 0.79291553133515 1 1 1 0.177 0.177 0.132 0.129 60000 184 0.8 1 0.8 0.6
0.782191780821918 0.782191780821918 0.782191780821918 0.782191780821918 1 1 1 0.171 0.175 0.142 0.129 60000 184 0.8 1 0.8 0.6
0.406183692027887 0.432412790697674 0.439290586630286 0.439290586630286 9 3 1 2.706 0.917 0.284000000000001 0.284000000000001 60000 184 0.46 0 0.8 0.6
0.404015056461731 0.435762584522915 0.445355191256831 0.445355191256831 9 3 1 1.334 0.626 0.137 0.143 60000 192 0.46 1 0.8 0.6
0.369554331497246 0.383755588673621 0.38957475994513 0.38957475994513 5 3 1 1.558 0.868 0.276 0.280999999999999 60000 186 0.46 0 0.8 0.6
0.79700272479564 0.79700272479564 0.79700272479564 0.79700272479564 1 1 1 0.229 0.256 0.215 0.205 60000 181 0.8 1 0.8 0.6
0.828767123287671 0.828767123287671 0.828767123287671 0.828767123287671 1 1 1 0.222 0.302 0.214 0.188000000000001 60000 189 0.8 1 0.8 0.6
0.784447476125512 0.784447476125512 0.784447476125512 0.784447476125512 1 1 1 0.398000000000001 0.387 0.289 0.282999999999999 60000 183 0.8 0 0.8 0.6
0.78581173260573 0.78581173260573 0.78581173260573 0.78581173260573 1 1 1 0.198 0.289000000000001 0.211 0.192 60000 181 0.8 1 0.8 0.6
0.396309963099631 0.410237923576063 0.457765667574932 0.457765667574932 7 3 1 1.665 0.488 0.146 0.141 60000 181 0.46 1 0.8 0.6
0.354744525547445 0.354744525547445 0.332878581173261 0.332878581173261 3 3 1 0.374 0.350000000000001 0.123 0.112 60000 185 0.2 0 0.8 0.6
0.412136536030341 0.443873807776963 0.442019099590723 0.442019099590723 11 3 1 1.784 0.331 0.104 0.106 60000 185 0.46 0 0.8 0.6
0.41198419666374 0.469941348973607 0.452185792349727 0.452185792349727 13 3 1 1.765 0.712000000000001 0.24 0.177 60000 186 0.46 0 0.8 0.6
0.363799283154122 0.365889212827988 0.362771739130435 0.362771739130435 4 3 1 1.319 0.891 0.284000000000001 0.291 60000 187 0.46 0 0.8 0.6
0.273224043715847 0.273224043715847 0.273224043715847 0.273224043715847 1 1 1 0.187 0.202 0.225 0.208 60000 192 0.2 0 0.8 0.6
0.390381282495667 0.400440852314475 0.429155313351499 0.429155313351499 6 3 1 1.819 0.869 0.276 0.286000000000001 60000 187 0.46 0 0.8 0.6
0.393515106853353 0.413592233009709 0.423497267759563 0.423497267759563 8 4 1 1.167 0.545 0.118 0.137 60000 204 0.46 0 0.8 0.6
0.398167938931298 0.429420505200594 0.403005464480874 0.403005464480874 9 3 1 0.81 0.265 0.0820000000000007 0.0819999999999999 60000 186 0.46 1 0.8 0.6
0.407010971367407 0.432597105864433 0.440054495912807 0.440054495912807 11 3 1 3.223 0.879 0.279999999999999 0.283999999999999 60000 195 0.46 0 0.8 0.6
0.38126582278481 0.391464311994113 0.431880108991826 0.431880108991826 5 3 1 1.03 0.324 0.104 0.138 60000 188 0.46 1 0.8 0.6
0.783083219645293 0.783083219645293 0.783083219645293 0.783083219645293 1 1 1 0.289000000000001 0.321999999999999 0.164000000000001 0.151 60000 183 0.8 1 0.8 0.6
0.762942779291553 0.762942779291553 0.762942779291553 0.762942779291553 1 1 1 0.157999999999999 0.187 0.23 0.26 60000 189 0.8 0 0.8 0.6
0.391222096102913 0.409190371991247 0.415868673050616 0.415868673050616 7 3 1 0.911 0.77 0.175 0.137 60000 185 0.46 1 0.8 0.6
0.348169418521177 0.348169418521177 0.351978171896317 0.351978171896317 3 3 1 0.768 0.372 0.11 0.106 60000 181 0.297265219222224 1 0.8 0.6
0.803814713896458 0.803814713896458 0.803814713896458 0.803814713896458 1 1 1 0.227 0.333 0.26 0.226 60000 185 0.8 1 0.8 0.6
0.398830006882312 0.423019431988042 0.420190995907231 0.420190995907231 8 3 1 2.366 0.866 0.275 0.279 60000 189 0.46 1 0.8 0.6
0.802721088435374 0.802721088435374 0.802721088435374 0.802721088435374 1 1 1 0.388 0.382000000000001 0.283999999999999 0.276 60000 187 0.8 1 0.8 0.6
0.385579937304075 0.397873955960516 0.417236662106703 0.417236662106703 6 3 1 1.878 0.890000000000001 0.282 0.293000000000001 60000 193 0.46 1 0.8 0.6
0.802182810368349 0.802182810368349 0.802182810368349 0.802182810368349 1 1 1 0.380000000000001 0.365 0.273 0.269 60000 188 0.8 1 0.8 0.6
0.806539509536785 0.806539509536785 0.806539509536785 0.806539509536785 1 1 1 0.377 0.367999999999999 0.273000000000001 0.266 60000 195 0.8 1 0.8 0.6
0.814965986394558 0.814965986394558 0.814965986394558 0.814965986394558 1 1 1 0.384000000000001 0.371 0.273999999999999 0.269 60000 185 0.8 1 0.8 0.6
0.806802721088435 0.806802721088435 0.806802721088435 0.806802721088435 1 1 1 0.379999999999999 0.366999999999999 0.274000000000001 0.266999999999999 60000 184 0.8 1 0.8 0.6
0.401987353206865 0.435036496350365 0.436986301369863 0.436986301369863 9 3 1 2.647 0.879999999999999 0.278 0.278 60000 183 0.46 0 0.8 0.6
0.381072874493927 0.411501120238984 0.404371584699454 0.404371584699454 5 3 1 1.52 0.847000000000001 0.277999999999999 0.272 60000 189 0.46 0 0.8 0.6
0.709986320109439 0.709986320109439 0.709986320109439 0.709986320109439 1 1 1 0.245 0.386 0.258999999999999 0.175 60000 200 0.8 0 0.8 0.6
0.407894736842105 0.427659574468085 0.433423913043478 0.433423913043478 9 3 1 2.641 0.882 0.273999999999999 0.276 60000 177 0.46 1 0.8 0.6
0.564984044096316 0.400600150037509 0.364754098360656 0.364754098360656 21 3 1 2.978 0.669 0.109 0.106 60000 193 0.2 0 0.8 0.6
0.780653950953679 0.780653950953679 0.780653950953679 0.780653950953679 1 1 1 0.380000000000001 0.362 0.272 0.264999999999999 60000 192 0.8 1 0.8 0.6
0.799454297407913 0.799454297407913 0.799454297407913 0.799454297407913 1 1 1 0.385999999999999 0.369999999999999 0.280000000000001 0.273 60000 192 0.8 1 0.8 0.6
0.559158203841918 0.437219730941704 0.392905866302865 0.392905866302865 25 3 1 9.001 0.924999999999997 0.383000000000003 0.487000000000002 60000 192 0.2 0 0.8 0.6
0.779291553133515 0.779291553133515 0.779291553133515 0.779291553133515 1 1 1 0.427999999999999 0.507 0.361000000000001 0.345000000000001 60000 183 0.8 1 0.8 0.6
