0.387141535615171 0.422099447513812 0.476923076923077 0.6 393 164 11 5.155 2.088 0.0129999999999999 0.0120000000000005 60000 10931 0.46 0 0.8 0.2
0.833333333333333 0.833333333333333 0.738461538461539 0.7 45 45 11 1.18 1.031 0.0139999999999998 0.0129999999999999 60000 10867 0.8 1 0.8 0.2
0.387448840381992 0.414823008849558 0.454545454545455 0.7 397 163 11 5.286 2.105 0.0120000000000005 0.0129999999999999 60000 10855 0.46 1 0.8 0.2
0.409415971394517 0.446408839779006 0.415384615384615 0.3 606 163 11 9.435 2.206 0.0129999999999999 0.0129999999999999 60000 10852 0.46 0 0.8 0.2
0.78448275862069 0.78448275862069 0.707692307692308 0.6 63 63 11 1.829 1.502 0.0439999999999996 0.0179999999999998 60000 10984 0.8 1 0.8 0.2
0.817543859649123 0.817543859649123 0.846153846153846 0.9 51 51 11 0.705 0.645 0.012 0.012 60000 10991 0.8 1 0.8 0.2
0.818505338078292 0.818505338078292 0.818181818181818 0.9 50 50 11 1.111 1.311 0.0380000000000003 0.0369999999999999 60000 10852 0.8 1 0.8 0.2
0.805921052631579 0.805921052631579 0.876923076923077 0.8 55 55 11 0.773 1.131 0.012 0.012 60000 11015 0.8 0 0.8 0.2
0.401882188915999 0.465193370165746 0.492307692307692 0.4 512 161 11 12.067 3.44 0.0179999999999971 0.0169999999999995 60000 10727 0.46 0 0.8 0.2
0.255863539445629 0.255863539445629 0.215384615384615 0.2 85 85 11 1.534 1.344 0.016 0.0129999999999999 60000 10966 0.2 0 0.8 0.2
0.817518248175182 0.817518248175182 0.861538461538462 0.8 49 49 11 0.864 0.727 0.0150000000000001 0.0139999999999998 60000 10867 0.8 1 0.8 0.2
0.780487804878049 0.780487804878049 0.738461538461539 0.8 66 66 11 1.268 0.974 0.0130000000000003 0.0129999999999999 60000 10907 0.8 1 0.8 0.2
0.831372549019608 0.831372549019608 0.878787878787879 0.8 45 45 11 0.641 0.747 0.0139999999999998 0.0310000000000001 60000 10756 0.8 1 0.8 0.2
0.818505338078292 0.818505338078292 0.772727272727273 0.9 50 50 11 0.731 0.715 0.016 0.0129999999999999 60000 10852 0.8 1 0.8 0.2
0.82089552238806 0.82089552238806 0.830769230769231 0.8 48 48 11 0.724 1.064 0.0150000000000001 0.016 60000 10965 0.8 0 0.8 0.2
0.238213399503722 0.238213399503722 0.307692307692308 0.5 72 72 11 1.304 1.87 0.0140000000000002 0.016 60000 10832 0.2 0 0.8 0.2
0.312020460358056 0.312020460358056 0.196969696969697 0.4 140 140 11 2.049 2.716 0.0150000000000006 0.0420000000000007 60000 10813 0.2 0 0.8 0.2
0.804713804713805 0.804713804713805 0.815384615384615 0.8 53 53 11 1.261 0.995 0.0310000000000001 0.024 60000 10857 0.8 1 0.8 0.2
0.780281690140845 0.780281690140845 0.818181818181818 0.8 63 63 11 1.296 1.378 0.0420000000000003 0.024 60000 10756 0.8 0 0.8 0.2
0.357352941176471 0.359116022099448 0.292307692307692 0.5 247 164 11 4.581 3.111 0.016 0.0229999999999997 60000 10935 0.328658649414229 0 0.8 0.2
0.669079627714581 0.667770419426049 0.753846153846154 0.5 176 165 11 3.542 3.292 0.016 0.0179999999999998 60000 10981 0.739118838954877 0 0.8 0.2
0.799352750809062 0.799352750809062 0.815384615384615 0.9 55 55 11 0.966 1.566 0.024 0.0379999999999998 60000 10863 0.8 0 0.8 0.2
0.380708055413032 0.403100775193798 0.560606060606061 0.4 350 162 11 6.23 2.863 0.0129999999999999 0.0129999999999999 60000 10808 0.46 1 0.8 0.2
0.806779661016949 0.806779661016949 0.892307692307692 1 53 53 11 0.671 0.643 0.0109999999999997 0.0140000000000002 60000 10913 0.8 0 0.8 0.2
0.796875 0.796875 0.830769230769231 0.9 58 58 11 0.919 1.059 0.0129999999999999 0.0129999999999999 60000 11004 0.8 1 0.8 0.2
0.825278810408922 0.825278810408922 0.8 0.7 48 48 11 0.636 0.598 0.0110000000000001 0.012 60000 10912 0.8 1 0.8 0.2
0.728464419475655 0.728464419475655 0.772727272727273 0.8 96 96 11 1.994 1.745 0.0129999999999999 0.0129999999999999 60000 10905 0.8 1 0.8 0.2
0.389793224813022 0.41767955801105 0.476923076923077 0.3 408 162 11 8.396 2.63 0.0129999999999999 0.0129999999999999 60000 10794 0.46 0 0.8 0.2
0.382483918852053 0.406181015452539 0.430769230769231 0.6 371 166 11 6.233 3.334 0.0179999999999989 0.016 60000 11045 0.419751683265062 1 0.8 0.2
0.783625730994152 0.783625730994152 0.8 0.8 62 62 11 0.883 1.487 0.012 0.0130000000000003 60000 10993 0.8 1 0.8 0.2
0.611510791366906 0.562569213732004 0.417910447761194 0.2 395 160 11 8.167 2.923 0.0399999999999991 0.0200000000000014 60000 10680 0.46078097896252 1 0.8 0.2
0.38109756097561 0.409745293466224 0.461538461538462 0.5 359 164 11 7.953 3.253 0.0190000000000001 0.0199999999999996 60000 10964 0.46 0 0.8 0.2
0.82089552238806 0.82089552238806 0.859375 0.9 49 49 11 0.756 1.229 0.0129999999999999 0.016 60000 11170 0.8 0 0.8 0.2
0.383823529411765 0.416851441241685 0.461538461538462 0.5 370 163 11 7.778 3.267 0.0190000000000001 0.0129999999999999 60000 10902 0.46 0 0.8 0.2
0.391599490878235 0.412995594713656 0.4 0.6 425 163 11 7.499 3.317 0.0140000000000011 0.0129999999999999 60000 10846 0.46 0 0.8 0.2
0.834677419354839 0.834677419354839 0.769230769230769 0.5 44 44 11 1.046 0.626 0.0130000000000003 0.0129999999999999 60000 10847 0.8 1 0.8 0.2
0.553345015977734 0.345514950166113 0.230769230769231 0.2 1800 167 11 25.927 2.216 0.0159999999999982 0.0130000000000017 60000 11137 0.2 0 0.8 0.2
0.633440514469453 0.597345132743363 0.492307692307692 0.6 281 163 11 6.492 2.911 0.0129999999999999 0.0180000000000007 60000 10876 0.530605298257103 0 0.8 0.2
0.414202745512144 0.46843853820598 0.523076923076923 0.6 695 165 11 12.364 2.648 0.0129999999999999 0.016 60000 11025 0.46 0 0.8 0.2
0.766066838046273 0.766066838046273 0.753846153846154 0.8 70 70 11 0.976 1.345 0.0130000000000003 0.0129999999999999 60000 10859 0.8 1 0.8 0.2
0.20253164556962 0.20253164556962 0.2 0.3 57 57 11 0.876 1.603 0.0370000000000004 0.0289999999999999 60000 11008 0.2 0 0.8 0.2
0.407303370786517 0.436946902654867 0.384615384615385 0.5 586 165 11 7.212 2.002 0.0119999999999987 0.011000000000001 60000 10995 0.46 0 0.8 0.2
0.39773156899811 0.431893687707641 0.5 0.7 476 162 11 6.177 2.066 0.0119999999999987 0.0129999999999999 60000 10820 0.46 1 0.8 0.2
0.415967454869057 0.473509933774834 0.461538461538462 0.4 719 165 11 13.384 3.359 0.0329999999999977 0.0160000000000018 60000 10982 0.46 0 0.8 0.2
0.808873720136519 0.808873720136519 0.8 0.8 53 53 11 1.28 1.094 0.036 0.0169999999999999 60000 10958 0.8 1 0.8 0.2
0.405852417302799 0.442477876106195 0.454545454545455 0.7 573 164 11 12.305 3.259 0.0129999999999981 0.0130000000000017 60000 10956 0.46 0 0.8 0.2
0.159836065573771 0.159836065573771 0.138461538461538 0 44 44 11 0.692 0.677 0.016 0.016 60000 11050 0.2 0 0.8 0.2
0.790273556231003 0.790273556231003 0.818181818181818 0.7 59 59 11 1.023 1.013 0.0129999999999999 0.0129999999999999 60000 10864 0.8 1 0.8 0.2
0.398050974512744 0.41832229580574 0.446153846153846 0.4 488 165 11 10.572 2.62 0.0129999999999999 0.0129999999999999 60000 10989 0.46 1 0.8 0.2
0.798136645962733 0.798136645962733 0.738461538461539 0.8 58 58 11 1.408 0.79 0.0130000000000003 0.0129999999999999 60000 10973 0.8 1 0.8 0.2
0.800653594771242 0.800653594771242 0.861538461538462 0.9 55 55 11 1.041 1.432 0.0129999999999999 0.0129999999999999 60000 10953 0.8 1 0.8 0.2
0.343585237258348 0.358803986710963 0.384615384615385 0.5 206 163 11 3.328 2.88 0.0140000000000002 0.0140000000000002 60000 10892 0.392869128638575 1 0.8 0.2
0.819852941176471 0.819852941176471 0.909090909090909 0.7 48 48 11 0.69 0.671 0.0140000000000002 0.0140000000000002 60000 10747 0.8 1 0.8 0.2
0.354912414318355 0.368070953436807 0.369230769230769 0.5 239 164 11 4.574 2.926 0.016 0.0139999999999993 60000 10962 0.46 1 0.8 0.2
0.403264195851751 0.435501653803749 0.538461538461538 0.6 537 165 11 7.246 2.182 0.0149999999999988 0.0129999999999999 60000 10978 0.46 1 0.8 0.2
0.384799235181644 0.411504424778761 0.461538461538462 0.1 380 164 11 7.072 3.185 0.0259999999999998 0.0299999999999994 60000 10929 0.46 0 0.8 0.2
0.380681818181818 0.399113082039911 0.461538461538462 0.5 355 165 11 5.093 2.296 0.0140000000000011 0.0129999999999999 60000 11027 0.46 1 0.8 0.2
0.792569659442725 0.792569659442725 0.815384615384615 0.8 58 58 11 1.625 0.971 0.0129999999999999 0.0130000000000003 60000 10944 0.8 1 0.8 0.2
0.373549883990719 0.392699115044248 0.46969696969697 0.6 310 162 11 4.528 2.235 0.0150000000000006 0.0209999999999999 60000 10810 0.46 1 0.8 0.2
0.822463768115942 0.822463768115942 0.818181818181818 0.9 49 49 11 0.84 0.785 0.0139999999999998 0.0419999999999998 60000 10789 0.8 0 0.8 0.2
0.794952681388013 0.794952681388013 0.757575757575758 0.9 56 56 11 1.12 1.395 0.0129999999999999 0.0129999999999999 60000 10780 0.8 1 0.8 0.2
0.347717842323651 0.362126245847176 0.409090909090909 0.4 219 164 11 3.159 2.309 0.0129999999999999 0.0129999999999999 60000 10943 0.46 0 0.8 0.2
0.341772151898734 0.34619625137817 0.323076923076923 0.2 199 163 11 4.233 3.616 0.0310000000000006 0.0299999999999994 60000 10838 0.324033960174449 0 0.8 0.2
0.365079365079365 0.376940133037694 0.338461538461538 0.4 277 165 11 3.647 2.099 0.0130000000000008 0.0149999999999997 60000 11029 0.323353980845648 0 0.8 0.2
0.391903171953255 0.424778761061947 0.507692307692308 0.5 436 164 11 8.461 3.771 0.0220000000000002 0.0149999999999988 60000 10937 0.46 1 0.8 0.2
0.789156626506024 0.789156626506024 0.846153846153846 0.6 60 60 11 0.863 0.849 0.0129999999999999 0.0129999999999999 60000 10967 0.8 0 0.8 0.2
0.779944289693593 0.779944289693593 0.742424242424242 0.7 64 64 11 1.321 1.124 0.112 0.0289999999999999 60000 10882 0.8 1 0.8 0.2
0.807560137457045 0.807560137457045 0.769230769230769 0.8 52 52 11 0.771 1.336 0.0140000000000002 0.0169999999999999 60000 10860 0.8 1 0.8 0.2
0.348117154811715 0.338478500551268 0.46969696969697 0.5 214 162 11 4.29 3.279 0.0389999999999997 0.0329999999999995 60000 10774 0.386472938529831 0 0.8 0.2
0.780626780626781 0.780626780626781 0.830769230769231 1 63 63 11 1.658 1.26 0.012 0.012 60000 10961 0.8 1 0.8 0.2
0.385087305332704 0.430309734513274 0.384615384615385 0.4 383 163 11 7.38 3.108 0.0180000000000007 0.0150000000000006 60000 10866 0.46 1 0.8 0.2
0.788690476190476 0.788690476190476 0.830769230769231 0.9 60 60 11 0.862 0.812 0.012 0.0129999999999999 60000 10879 0.8 1 0.8 0.2
0.783236994219653 0.783236994219653 0.723076923076923 0.8 62 62 11 2.339 2.2 0.0350000000000001 0.0339999999999998 60000 10921 0.8 1 0.8 0.2
0.165991902834008 0.165991902834008 0.212121212121212 0.1 44 44 11 0.658 0.631 0.016 0.016 60000 10905 0.2 0 0.8 0.2
0.823308270676692 0.823308270676692 0.861538461538462 0.6 48 48 11 1.823 2.173 0.0339999999999998 0.0330000000000004 60000 10965 0.8 1 0.8 0.2
0.345922746781116 0.339601769911504 0.292307692307692 0.2 213 165 11 3.054 2.291 0.016 0.0129999999999999 60000 11012 0.236688336277444 0 0.8 0.2
0.822641509433962 0.822641509433962 0.815384615384615 0.8 48 48 11 1.824 1.724 0.0350000000000001 0.0339999999999998 60000 11011 0.8 1 0.8 0.2
0.796178343949045 0.796178343949045 0.784615384615385 0.9 56 56 11 0.948 1.58 0.024 0.0429999999999997 60000 10845 0.8 0 0.8 0.2
0.401206101454416 0.439024390243902 0.333333333333333 0.6 511 163 11 9.102 3.455 0.0199999999999996 0.0399999999999991 60000 10895 0.46 0 0.8 0.2
0.81184668989547 0.81184668989547 0.830769230769231 0.8 51 51 11 1.45 1.124 0.0150000000000001 0.0129999999999999 60000 10835 0.8 1 0.8 0.2
0.789156626506024 0.789156626506024 0.738461538461539 0.7 60 60 11 1.467 1.221 0.0150000000000001 0.0149999999999997 60000 10956 0.8 1 0.8 0.2
0.384169884169884 0.428097345132743 0.409090909090909 0.4 372 162 11 7.11 2.814 0.0389999999999997 0.0449999999999999 60000 10804 0.46 1 0.8 0.2
0.828793774319066 0.828793774319066 0.753846153846154 0.7 46 46 11 1.875 2.184 0.0570000000000004 0.0529999999999999 60000 10964 0.8 1 0.8 0.2
0.269961977186312 0.269961977186312 0.276923076923077 0.4 96 96 11 3.57 3.489 0.0340000000000007 0.0340000000000007 60000 11032 0.2 0 0.8 0.2
0.81184668989547 0.81184668989547 0.738461538461539 0.7 52 52 11 0.875 0.732 0.0129999999999999 0.0150000000000001 60000 10989 0.8 0 0.8 0.2
0.387304507819687 0.416114790286976 0.523076923076923 0.5 395 164 11 16.7 6.791 0.0309999999999988 0.0289999999999999 60000 10921 0.46 0 0.8 0.2
0.783625730994152 0.783625730994152 0.784615384615385 0.7 61 61 11 0.814 0.857 0.0180000000000002 0.0150000000000001 60000 10881 0.8 1 0.8 0.2
0.836065573770492 0.836065573770492 0.784615384615385 0.6 44 44 11 0.655 0.587 0.0129999999999999 0.0129999999999999 60000 11019 0.8 1 0.8 0.2
0.410812373518358 0.43141592920354 0.5 0.5 623 162 11 11.61 3.276 0.0130000000000017 0.016 60000 10813 0.46 0 0.8 0.2
0.828793774319066 0.828793774319066 0.830769230769231 1 46 46 11 1.077 1.085 0.012 0.016 60000 10922 0.8 0 0.8 0.2
0.379648760330579 0.41749723145072 0.575757575757576 0.6 346 161 11 8.723 3.613 0.0129999999999999 0.016 60000 10749 0.46 1 0.8 0.2
0.390008764241893 0.424141749723145 0.507692307692308 0.4 416 164 11 7.245 3.058 0.0449999999999999 0.016 60000 10961 0.46 0 0.8 0.2
0.38169868554095 0.402885682574917 0.384615384615385 0.2 363 165 11 9.087 3.738 0.0140000000000011 0.016 60000 11031 0.46 1 0.8 0.2
0.815602836879433 0.815602836879433 0.846153846153846 0.9 51 51 11 1.191 1.148 0.012 0.016 60000 10989 0.8 1 0.8 0.2
0.804713804713805 0.804713804713805 0.769230769230769 0.9 54 54 11 1.196 0.736 0.0190000000000001 0.0129999999999999 60000 11045 0.8 0 0.8 0.2
0.390179745725559 0.408637873754153 0.507692307692308 0.6 418 165 11 14.903 5.758 0.0410000000000004 0.0350000000000001 60000 11025 0.46 0 0.8 0.2
0.308 0.308 0.2 0.3 138 138 11 3.073 3.02 0.0129999999999999 0.0129999999999999 60000 11098 0.2 0 0.8 0.2
0.281786941580756 0.281786941580756 0.292307692307692 0.3 105 105 11 2.747 1.814 0.016 0.0439999999999996 60000 10907 0.2 1 0.8 0.2
0.788690476190476 0.788690476190476 0.753846153846154 0.9 61 61 11 1.294 1.199 0.016 0.012 60000 11064 0.8 1 0.8 0.2
0.38334145153434 0.392265193370166 0.4 0.5 369 162 11 13.347 5.65 0.0350000000000001 0.0340000000000025 60000 10807 0.46 1 0.8 0.2
0.803921568627451 0.803921568627451 0.753846153846154 0.8 55 55 11 0.714 0.711 0.012 0.0110000000000001 60000 10884 0.8 1 0.8 0.2
0.385451110061408 0.400662251655629 0.476923076923077 0.5 380 162 11 13.9 5.741 0.0340000000000025 0.0400000000000027 60000 10799 0.46 1 0.8 0.2
0.396697388632873 0.429046563192905 0.415384615384615 0.2 468 162 11 6.507 2.215 0.0190000000000001 0.0140000000000011 60000 10806 0.46 0 0.8 0.2
0.378691983122363 0.400220507166483 0.369230769230769 0.3 342 163 11 6.742 3.238 0.0129999999999999 0.0190000000000001 60000 10844 0.46 1 0.8 0.2
0.766666666666667 0.766666666666667 0.861538461538462 0.9 70 70 11 2.461 2.477 0.032 0.032 60000 10904 0.8 1 0.8 0.2
0.354391371340524 0.357380688124306 0.384615384615385 0.5 235 163 11 4.182 3.177 0.0220000000000002 0.0380000000000003 60000 10899 0.365230605098602 1 0.8 0.2
0.618236472945892 0.569844789356984 0.523076923076923 0.6 364 164 11 7.337 3.859 0.0149999999999988 0.0139999999999993 60000 10966 0.498215264400599 1 0.8 0.2
0.414876898899948 0.451933701657459 0.446153846153846 0.6 711 168 11 29.519 5.89 0.0309999999999988 0.0640000000000001 60000 11189 0.46 0 0.8 0.2
0.399189089568743 0.425249169435216 0.430769230769231 0.5 494 164 11 17.697 5.724 0.0340000000000025 0.0400000000000027 60000 10944 0.46 1 0.8 0.2
0.836 0.836 0.787878787878788 0.8 44 44 11 1.057 0.622 0.0130000000000003 0.0129999999999999 60000 10787 0.8 1 0.8 0.2
0.40598154629335 0.471760797342193 0.538461538461538 0.5 576 165 11 10.164 3.808 0.0129999999999999 0.0139999999999993 60000 11012 0.46 1 0.8 0.2
0.40520325203252 0.448504983388704 0.477611940298507 0.4 551 161 11 7.644 2.205 0.0139999999999993 0.0129999999999999 60000 10767 0.46 1 0.8 0.2
0.822222222222222 0.822222222222222 0.892307692307692 1 48 48 11 1.467 1.114 0.0459999999999998 0.016 60000 10845 0.8 0 0.8 0.2
0.364659166115156 0.387347391786903 0.384615384615385 0.3 277 165 11 4.956 3.36 0.0129999999999999 0.0129999999999999 60000 11038 0.46 1 0.8 0.2
0.811643835616438 0.811643835616438 0.784615384615385 1 52 52 11 1.324 0.982 0.012 0.012 60000 10868 0.8 1 0.8 0.2
0.397323135755258 0.463495575221239 0.5 0.6 470 162 11 7.984 2.586 0.0449999999999999 0.0280000000000005 60000 10807 0.46 0 0.8 0.2
0.778089887640449 0.778089887640449 0.784615384615385 0.7 64 64 11 1.303 0.883 0.0590000000000002 0.016 60000 10962 0.8 1 0.8 0.2
0.839506172839506 0.839506172839506 0.803030303030303 0.8 43 43 11 0.606 0.615 0.0139999999999998 0.0150000000000001 60000 10782 0.8 1 0.8 0.2
0.358381502890173 0.383592017738359 0.446153846153846 0.5 252 164 11 3.518 2.151 0.0119999999999996 0.0149999999999997 60000 10959 0.46 0 0.8 0.2
0.8 0.8 0.861538461538462 0.9 56 56 11 0.887 0.871 0.0149999999999997 0.0149999999999997 60000 11003 0.8 1 0.8 0.2
0.386542923433875 0.41280353200883 0.402985074626866 0.5 384 161 11 5.307 2.059 0.0150000000000006 0.0129999999999999 60000 10722 0.46 1 0.8 0.2
0.804713804713805 0.804713804713805 0.803030303030303 0.9 52 52 11 1.213 1.377 0.0450000000000004 0.0419999999999998 60000 10695 0.8 1 0.8 0.2
0.415364583333333 0.439645625692137 0.461538461538462 0.6 700 164 11 9.687 2.264 0.016 0.0140000000000011 60000 10951 0.46 1 0.8 0.2
0.799363057324841 0.799363057324841 0.738461538461539 0.7 57 57 11 1.289 1.049 0.02 0.0409999999999999 60000 11022 0.8 1 0.8 0.2
0.380165289256198 0.443093922651934 0.439393939393939 0.4 349 163 11 12.197 5.503 0.0329999999999977 0.0330000000000013 60000 10840 0.46 0 0.8 0.2
0.806020066889632 0.806020066889632 0.830769230769231 0.7 54 54 11 1.946 1.882 0.0309999999999997 0.0309999999999997 60000 10955 0.8 1 0.8 0.2
0.409158050221566 0.469613259668508 0.430769230769231 0.4 604 161 11 13.474 3.272 0.0249999999999986 0.0380000000000003 60000 10721 0.46 1 0.8 0.2
0.786350148367952 0.786350148367952 0.707692307692308 0.6 61 61 11 0.781 0.741 0.0150000000000001 0.012 60000 11067 0.8 1 0.8 0.2
0.223140495867769 0.223140495867769 0.230769230769231 0.2 66 66 11 2.376 2.399 0.0350000000000001 0.0350000000000001 60000 11035 0.2 1 0.8 0.2
0.400644468313641 0.438189845474614 0.369230769230769 0.3 507 164 11 17.235 5.45 0.032 0.0330000000000013 60000 10906 0.46 0 0.8 0.2
0.414388107247146 0.457269700332963 0.507692307692308 0.3 691 165 11 12.799 3.66 0.032 0.0129999999999981 60000 11024 0.46 0 0.8 0.2
0.364123159303882 0.36766334440753 0.4 0.4 267 161 11 5.138 3.014 0.0199999999999996 0.0140000000000011 60000 10765 0.431130517756022 0 0.8 0.2
0.281786941580756 0.281786941580756 0.196969696969697 0.2 105 105 11 3.712 3.599 0.0329999999999995 0.0330000000000013 60000 10897 0.2 0 0.8 0.2
0.794392523364486 0.794392523364486 0.830769230769231 0.8 58 58 11 0.742 0.702 0.012 0.0110000000000001 60000 10945 0.8 1 0.8 0.2
0.632408575031526 0.663706992230855 0.769230769230769 0.8 291 165 11 9.625 5.267 0.0309999999999988 0.0309999999999988 60000 11036 0.7393313444877 1 0.8 0.2
0.772727272727273 0.772727272727273 0.8 0.7 67 67 11 1.158 1.331 0.012 0.0129999999999999 60000 10875 0.8 1 0.8 0.2
0.266924564796905 0.266924564796905 0.123076923076923 0.3 94 94 11 1.351 1.344 0.016 0.0129999999999999 60000 10992 0.2 0 0.8 0.2
0.357089829250186 0.362126245847176 0.338461538461538 0.4 245 164 11 5.286 3.328 0.0129999999999999 0.0219999999999985 60000 10953 0.419830793063309 0 0.8 0.2
0.41362660944206 0.468508287292818 0.446153846153846 0.5 685 166 11 23.359 5.53 0.0329999999999977 0.0380000000000003 60000 11039 0.46 1 0.8 0.2
0.8359375 0.8359375 0.833333333333333 0.8 45 45 11 0.637 0.607 0.0129999999999999 0.012 60000 10828 0.8 1 0.8 0.2
0.613037447988904 0.629834254143646 0.584615384615385 0.7 395 165 11 7.084 3.172 0.0259999999999998 0.0449999999999999 60000 10988 0.634606777577396 1 0.8 0.2
0.290423861852433 0.290423861852433 0.287878787878788 0.5 114 114 11 2.512 1.689 0.016 0.0129999999999999 60000 10809 0.2 0 0.8 0.2
0.821561338289963 0.821561338289963 0.784615384615385 0.8 48 48 11 1.065 1.234 0.0489999999999999 0.044 60000 10842 0.8 1 0.8 0.2
0.38724584103512 0.415469613259669 0.415384615384615 0.4 391 163 11 7.21 2.646 0.0130000000000017 0.0129999999999999 60000 10865 0.46 1 0.8 0.2
0.382011116725619 0.417861080485116 0.553846153846154 0.6 357 163 11 7.892 4.237 0.0210000000000008 0.0269999999999992 60000 10843 0.46 0 0.8 0.2
0.387304507819687 0.422099447513812 0.630769230769231 0.5 395 164 11 6.957 2.878 0.0129999999999999 0.0129999999999999 60000 10924 0.46 0 0.8 0.2
0.400851365732529 0.456762749445676 0.430769230769231 0.4 514 164 11 17.938 5.766 0.0339999999999989 0.0400000000000027 60000 10959 0.46 0 0.8 0.2
0.377022653721683 0.413067552602436 0.553846153846154 0.4 335 163 11 4.576 2.164 0.0129999999999999 0.0129999999999999 60000 10869 0.46 1 0.8 0.2
0.670886075949367 0.668508287292818 0.861538461538462 0.8 172 164 11 5.717 5.198 0.0300000000000011 0.0350000000000001 60000 10926 0.778159889027406 1 0.8 0.2
0.282051282051282 0.282051282051282 0.292307692307692 0.3 106 106 11 3.857 3.725 0.0400000000000009 0.0340000000000007 60000 10968 0.2 0 0.8 0.2
0.392378559463987 0.403973509933775 0.424242424242424 0.4 426 161 11 7.871 3.038 0.0139999999999993 0.0169999999999995 60000 10722 0.46 0 0.8 0.2
0.352803738317757 0.347345132743363 0.307692307692308 0.2 232 163 11 5.11 3.374 0.0129999999999999 0.0129999999999999 60000 10871 0.329433150814272 0 0.8 0.2
0.796825396825397 0.796825396825397 0.8 0.8 57 57 11 1.839 1.747 0.0289999999999999 0.0379999999999994 60000 10955 0.8 1 0.8 0.2
0.796296296296296 0.796296296296296 0.815384615384615 0.5 58 58 11 0.793 0.789 0.0129999999999999 0.0130000000000003 60000 10865 0.8 1 0.8 0.2
0.788235294117647 0.788235294117647 0.787878787878788 0.8 61 61 11 0.875 1.507 0.0619999999999998 0.0169999999999999 60000 10935 0.8 1 0.8 0.2
0.803921568627451 0.803921568627451 0.769230769230769 0.8 55 55 11 1.179 1.176 0.0129999999999999 0.012 60000 10905 0.8 1 0.8 0.2
0.81184668989547 0.81184668989547 0.907692307692308 0.8 52 52 11 1.301 0.722 0.0129999999999999 0.012 60000 11034 0.8 1 0.8 0.2
0.811188811188811 0.811188811188811 0.753846153846154 0.9 51 51 11 0.843 0.743 0.0219999999999998 0.0139999999999998 60000 10882 0.8 1 0.8 0.2
0.76984126984127 0.76984126984127 0.830769230769231 0.7 68 68 11 2.174 2.136 0.032 0.0379999999999994 60000 10894 0.8 1 0.8 0.2
0.805280528052805 0.805280528052805 0.8 0.8 54 54 11 0.746 1.018 0.024 0.0369999999999999 60000 10887 0.8 1 0.8 0.2
0.338388625592417 0.342163355408389 0.393939393939394 0.2 190 163 11 2.484 2.054 0.0120000000000005 0.0119999999999996 60000 10849 0.401653501222784 1 0.8 0.2
0.84297520661157 0.84297520661157 0.830769230769231 0.9 43 43 11 0.62 0.815 0.024 0.024 60000 10851 0.8 1 0.8 0.2
0.803986710963455 0.803986710963455 0.791044776119403 0.6 53 53 11 0.719 0.68 0.012 0.016 60000 10700 0.8 1 0.8 0.2
0.231958762886598 0.231958762886598 0.230769230769231 0.4 71 71 11 1.089 2.047 0.0170000000000003 0.0149999999999997 60000 11071 0.2 0 0.8 0.2
0.852017937219731 0.852017937219731 0.846153846153846 0.8 40 40 11 0.593 0.577 0.0170000000000001 0.0129999999999999 60000 11077 0.8 1 0.8 0.2
0.166666666666667 0.166666666666667 0.0923076923076923 0.1 45 45 11 1.699 1.602 0.0329999999999995 0.0329999999999995 60000 10892 0.2 0 0.8 0.2
0.392050209205021 0.438053097345133 0.4 0.5 434 164 11 10.701 4.468 0.0459999999999994 0.0310000000000024 60000 10913 0.46 1 0.8 0.2
0.384541062801932 0.386489479512735 0.476923076923077 0.5 375 163 11 4.766 1.981 0.0119999999999996 0.0120000000000005 60000 10890 0.46 0 0.8 0.2
0.35036496350365 0.355875831485588 0.307692307692308 0.2 223 163 11 3.77 2.685 0.0129999999999999 0.016 60000 10896 0.380400734932587 1 0.8 0.2
0.771276595744681 0.771276595744681 0.661538461538462 0.6 68 68 11 1.006 1.752 0.0449999999999999 0.0169999999999999 60000 10950 0.8 1 0.8 0.2
0.350323624595469 0.343991179713341 0.261538461538462 0.2 223 163 11 4.921 3.282 0.0150000000000006 0.0149999999999988 60000 10858 0.255720863347265 0 0.8 0.2
0.801302931596091 0.801302931596091 0.830769230769231 0.8 55 55 11 0.755 0.766 0.0129999999999999 0.0129999999999999 60000 10912 0.8 1 0.8 0.2
0.768229166666667 0.768229166666667 0.753846153846154 0.4 69 69 11 0.993 1.794 0.0140000000000002 0.032 60000 10910 0.8 1 0.8 0.2
0.391267123287671 0.442477876106195 0.575757575757576 0.8 423 163 11 8.012 2.544 0.0129999999999999 0.0129999999999999 60000 10881 0.46 1 0.8 0.2
0.792168674698795 0.792168674698795 0.753846153846154 1 59 59 11 1.948 1.843 0.0289999999999999 0.0289999999999999 60000 10803 0.8 1 0.8 0.2
0.794952681388013 0.794952681388013 0.815384615384615 0.9 58 58 11 0.808 0.814 0.0150000000000001 0.0180000000000002 60000 11126 0.8 1 0.8 0.2
0.39102287440656 0.415469613259669 0.492307692307692 0.5 419 163 11 6.253 2.717 0.0129999999999999 0.016 60000 10874 0.46 1 0.8 0.2
0.799352750809062 0.799352750809062 0.784615384615385 0.7 55 55 11 0.706 0.655 0.0110000000000001 0.0110000000000001 60000 10848 0.8 1 0.8 0.2
0.754504504504504 0.754504504504504 0.784615384615385 0.7 80 80 11 2.569 2.52 0.0289999999999999 0.0289999999999999 60000 10951 0.8 1 0.8 0.2
0.560456872784561 0.332594235033259 0.181818181818182 0.2 1366 161 11 25.448 2.777 0.0150000000000006 0.0309999999999988 60000 10767 0.2 0 0.8 0.2
0.389282550930027 0.415469613259669 0.569230769230769 0.5 408 163 11 7.732 4.477 0.0489999999999995 0.048 60000 10866 0.46 1 0.8 0.2
0.384800384800385 0.415929203539823 0.430769230769231 0.3 376 163 11 12.224 5.097 0.0309999999999988 0.0300000000000011 60000 10879 0.46 0 0.8 0.2
0.838842975206612 0.838842975206612 0.8 0.8 43 43 11 1.031 1.233 0.0129999999999999 0.012 60000 10823 0.8 1 0.8 0.2
0.763819095477387 0.763819095477387 0.846153846153846 0.8 71 71 11 2.287 2.305 0.0299999999999994 0.0300000000000002 60000 10835 0.8 1 0.8 0.2
0.411797911374541 0.454746136865342 0.461538461538462 0.4 644 164 11 11.299 2.679 0.0129999999999999 0.0139999999999993 60000 10919 0.46 1 0.8 0.2
0.399927351979659 0.424778761061947 0.476923076923077 0.5 504 165 11 10.239 3.498 0.032 0.0380000000000003 60000 11001 0.46 0 0.8 0.2
0.806779661016949 0.806779661016949 0.848484848484849 0.8 52 52 11 1.23 1.272 0.0129999999999999 0.0130000000000003 60000 10728 0.8 1 0.8 0.2
0.810344827586207 0.810344827586207 0.769230769230769 0.8 52 52 11 1.633 1.555 0.0280000000000005 0.0270000000000001 60000 10939 0.8 1 0.8 0.2
0.385956644674835 0.439911797133407 0.424242424242424 0.4 380 162 11 11.494 4.781 0.0279999999999987 0.0279999999999987 60000 10774 0.46 1 0.8 0.2
0.412077159630976 0.434254143646409 0.523076923076923 0.4 654 165 11 20.951 5.236 0.0309999999999988 0.0360000000000014 60000 10988 0.46 1 0.8 0.2
0.370280146163216 0.373068432671082 0.415384615384615 0.5 296 163 11 9.38 5.015 0.0310000000000006 0.0299999999999976 60000 10838 0.46 1 0.8 0.2
0.405344494526722 0.434254143646409 0.584615384615385 0.8 561 163 11 17.741 5.117 0.0350000000000001 0.0309999999999988 60000 10854 0.46 1 0.8 0.2
0.823970037453184 0.823970037453184 0.769230769230769 0.9 48 48 11 1.605 1.463 0.0280000000000005 0.0280000000000005 60000 11005 0.8 1 0.8 0.2
0.283305227655987 0.283305227655987 0.0909090909090909 0 106 106 11 3.324 3.24 0.0360000000000014 0.0289999999999999 60000 10791 0.2 0 0.8 0.2
0.817518248175182 0.817518248175182 0.784615384615385 0.8 49 49 11 1.564 1.163 0.0230000000000001 0.0169999999999999 60000 10908 0.8 1 0.8 0.2
0.653617021276596 0.650776053215078 0.661538461538462 0.8 213 163 11 3.756 3.208 0.0119999999999996 0.0119999999999996 60000 10902 0.590447863365709 1 0.8 0.2
0.396182313985197 0.43078626799557 0.415384615384615 0.9 465 163 11 19.549 6.981 0.0779999999999994 0.0340000000000025 60000 10885 0.46 1 0.8 0.2
0.813380281690141 0.813380281690141 0.846153846153846 0.9 51 51 11 1.523 1.45 0.0270000000000001 0.0270000000000001 60000 10973 0.8 1 0.8 0.2
0.393429158110883 0.38232044198895 0.384615384615385 0.3 442 164 11 12.997 4.696 0.0279999999999987 0.0279999999999987 60000 10915 0.418629608555946 0 0.8 0.2
0.841666666666667 0.841666666666667 0.876923076923077 0.9 43 43 11 1.905 1.598 0.069 0.0620000000000003 60000 10994 0.8 1 0.8 0.2
