0.801980198019802 0.801980198019802 0.784615384615385 1 120 120 25 1.42 1.327 0.0110000000000001 0.0110000000000001 60000 23815 0.8 0 0.8 0.1
0.800653594771242 0.800653594771242 0.8125 0.5 122 122 25 1.354 1.255 0.00999999999999979 0.0130000000000003 60000 23972 0.8 1 0.8 0.1
0.836065573770492 0.836065573770492 0.765625 0.75 97 97 25 1.428 1.44 0.0150000000000001 0.0139999999999998 60000 23930 0.8 1 0.8 0.1
0.794952681388013 0.794952681388013 0.78125 0.75 126 126 25 2.532 1.959 0.0199999999999996 0.048 60000 23973 0.8 1 0.8 0.1
0.264822134387352 0.264822134387352 0.28125 0.5 203 203 25 3.503 4.969 0.027000000000001 0.0149999999999988 60000 24148 0.2 0 0.8 0.1
0.772727272727273 0.772727272727273 0.765625 0.5 149 149 25 2.95 3.329 0.0250000000000004 0.0359999999999996 60000 23972 0.8 1 0.8 0.1
0.330927835051546 0.327777777777778 0.28125 0.75 386 358 25 5.543 4.238 0.011000000000001 0.0109999999999992 60000 23929 0.249214463559531 0 0.8 0.1
0.821561338289963 0.821561338289963 0.892307692307692 1 106 106 25 1.141 1.139 0.0100000000000002 0.0089999999999999 60000 23832 0.8 1 0.8 0.1
0.633226837060703 0.624444444444444 0.640625 0.25 623 358 25 12.427 7.178 0.0230000000000032 0.0360000000000014 60000 23912 0.605622491002615 1 0.8 0.1
0.152838427947598 0.152838427947598 0.1875 0 91 91 25 1.393 1.833 0.0129999999999999 0.0110000000000001 60000 23946 0.2 1 0.8 0.1
0.803921568627451 0.803921568627451 0.828125 1 121 121 25 1.504 2.457 0.00999999999999979 0.0110000000000001 60000 23925 0.8 1 0.8 0.1
0.814946619217082 0.814946619217082 0.8125 1 112 112 25 1.354 1.917 0.0109999999999992 0.0110000000000001 60000 23954 0.8 1 0.8 0.1
0.806122448979592 0.806122448979592 0.890625 1 117 117 25 1.439 1.907 0.0110000000000001 0.0110000000000001 60000 24012 0.8 1 0.8 0.1
0.804713804713805 0.804713804713805 0.78125 0.75 119 119 25 1.777 1.58 0.0119999999999996 0.0190000000000001 60000 24109 0.8 0 0.8 0.1
0.817518248175182 0.817518248175182 0.796875 1 109 109 25 1.908 1.27 0.0110000000000001 0.0109999999999997 60000 23948 0.8 0 0.8 0.1
0.791411042944785 0.791411042944785 0.796875 0.75 130 130 25 2.512 1.687 0.0120000000000005 0.0149999999999997 60000 23998 0.8 1 0.8 0.1
0.806122448979592 0.806122448979592 0.8125 1 117 117 25 2.004 1.324 0.0110000000000001 0.0200000000000005 60000 23933 0.8 1 0.8 0.1
0.775067750677507 0.775067750677507 0.703125 0.75 146 146 25 1.808 2.237 0.0110000000000001 0.0110000000000001 60000 23829 0.8 1 0.8 0.1
0.763224181360202 0.763224181360202 0.65625 0.5 158 158 25 2.91 1.795 0.0140000000000002 0.0110000000000001 60000 23918 0.8 1 0.8 0.1
0.842553191489362 0.842553191489362 0.796875 1 93 93 25 1.34 1.655 0.032 0.0150000000000001 60000 23916 0.8 1 0.8 0.1
0.805369127516778 0.805369127516778 0.703125 0.75 118 118 25 1.481 1.839 0.00999999999999979 0.0100000000000007 60000 23904 0.8 0 0.8 0.1
0.775342465753425 0.775342465753425 0.75 1 146 146 25 2.802 1.86 0.0220000000000002 0.032 60000 24166 0.8 1 0.8 0.1
0.834677419354839 0.834677419354839 0.828125 0.75 98 98 25 1.251 1.356 0.0150000000000001 0.0310000000000001 60000 23928 0.8 1 0.8 0.1
0.804713804713805 0.804713804713805 0.707692307692308 1 117 117 25 1.887 1.709 0.00999999999999979 0.0129999999999999 60000 23717 0.8 1 0.8 0.1
0.824427480916031 0.824427480916031 0.734375 0.75 104 104 25 1.832 1.341 0.0219999999999998 0.016 60000 24009 0.8 1 0.8 0.1
0.819188191881919 0.819188191881919 0.796875 0.5 108 108 25 1.289 1.629 0.0110000000000001 0.00999999999999979 60000 24008 0.8 1 0.8 0.1
0.788519637462236 0.788519637462236 0.84375 0.75 132 132 25 2.189 1.966 0.0120000000000005 0.0129999999999999 60000 23998 0.8 1 0.8 0.1
0.802588996763754 0.802588996763754 0.784615384615385 1 121 121 25 2.47 1.407 0.0110000000000001 0.0120000000000005 60000 23698 0.8 1 0.8 0.1
0.797427652733119 0.797427652733119 0.796875 1 123 123 25 2.513 1.482 0.0119999999999996 0.0120000000000005 60000 23872 0.8 1 0.8 0.1
0.80064308681672 0.80064308681672 0.765625 0.75 123 123 25 1.886 1.464 0.0120000000000005 0.0119999999999996 60000 23867 0.8 1 0.8 0.1
0.788690476190476 0.788690476190476 0.84375 1 134 134 25 2.207 1.965 0.0250000000000004 0.0139999999999993 60000 24092 0.8 0 0.8 0.1
0.84549356223176 0.84549356223176 0.796875 0.75 93 93 25 1.498 1.162 0.0110000000000001 0.0110000000000001 60000 24088 0.8 1 0.8 0.1
0.288025889967638 0.288025889967638 0.230769230769231 0 245 245 25 3.196 3.854 0.0129999999999999 0.0109999999999992 60000 23854 0.2 0 0.8 0.1
0.233502538071066 0.233502538071066 0.28125 0.5 157 157 25 2.776 3.959 0.0179999999999998 0.0200000000000005 60000 24044 0.2 0 0.8 0.1
0.777158774373259 0.777158774373259 0.84375 0.75 143 143 25 2.82 3.064 0.0119999999999996 0.0180000000000007 60000 23978 0.8 1 0.8 0.1
0.294027565084227 0.294027565084227 0.140625 0 263 263 25 4.184 5.134 0.0260000000000016 0.0389999999999997 60000 24241 0.2 0 0.8 0.1
0.806779661016949 0.806779661016949 0.828125 0.75 118 118 25 1.232 1.12 0.0089999999999999 0.0100000000000002 60000 24088 0.8 1 0.8 0.1
0.386416861826698 0.408231368186874 0.40625 0 851 358 25 8.622 3.66 0.00999999999999979 0.0100000000000016 60000 23928 0.46 1 0.8 0.1
0.775956284153005 0.775956284153005 0.75 0.75 146 146 25 2.521 2.498 0.0129999999999999 0.0129999999999999 60000 24041 0.8 1 0.8 0.1
0.182481751824818 0.182481751824818 0.107692307692308 0 108 108 25 1.204 1.203 0.012 0.012 60000 23818 0.2 1 0.8 0.1
0.407682775712515 0.452115812917595 0.484375 0.5 1298 361 25 13.565 3.808 0.0109999999999992 0.0100000000000016 60000 24145 0.46 1 0.8 0.1
0.342081447963801 0.34 0.3125 0.25 442 360 25 7.18 6.111 0.0179999999999989 0.0200000000000014 60000 24032 0.267203589340625 0 0.8 0.1
0.356508875739645 0.359288097886541 0.34375 0 534 355 25 7.737 5.243 0.0109999999999992 0.0109999999999992 60000 23743 0.312069945938117 1 0.8 0.1
0.40057327122895 0.421111111111111 0.46875 0.5 1117 360 25 23.295 7.626 0.0100000000000016 0.0109999999999992 60000 24026 0.46 1 0.8 0.1
0.416687609952249 0.482182628062361 0.515625 0.25 1592 359 25 18.169 4.234 0.0119999999999969 0.0110000000000028 60000 24014 0.46 1 0.8 0.1
0.375 0.381111111111111 0.421875 0.25 704 358 25 10.184 5.228 0.0110000000000028 0.0109999999999992 60000 23910 0.46 0 0.8 0.1
0.377183406113537 0.398220244716351 0.5 0.5 732 359 25 10.593 5.477 0.0440000000000005 0.0330000000000013 60000 23984 0.46 1 0.8 0.1
0.796238244514107 0.796238244514107 0.78125 1 126 126 25 2.034 2.11 0.0110000000000001 0.0289999999999999 60000 23880 0.8 1 0.8 0.1
0.388005452067242 0.436666666666667 0.53125 0.25 881 360 25 12.707 5.137 0.0300000000000011 0.0259999999999998 60000 24034 0.46 1 0.8 0.1
0.178438661710037 0.178438661710037 0.171875 0.25 108 108 25 1.354 1.896 0.0110000000000001 0.0109999999999992 60000 24182 0.2 0 0.8 0.1
0.20625 0.20625 0.203125 0.5 127 127 25 1.654 1.572 0.0120000000000005 0.0230000000000006 60000 23931 0.2 1 0.8 0.1
0.357925493060628 0.37 0.40625 0.75 548 360 25 11.629 6.199 0.0109999999999992 0.0150000000000006 60000 24050 0.46 1 0.8 0.1
0.390625 0.42825361512792 0.461538461538462 0 916 357 25 14.984 5.121 0.0109999999999992 0.0109999999999992 60000 23873 0.46 0 0.8 0.1
0.790273556231003 0.790273556231003 0.707692307692308 0.75 130 130 25 1.689 1.596 0.0119999999999996 0.0120000000000005 60000 23802 0.8 1 0.8 0.1
0.4124826629681 0.479467258601554 0.515625 0.75 1443 360 25 30.805 6.331 0.0160000000000053 0.0129999999999981 60000 24030 0.46 1 0.8 0.1
0.241545893719807 0.241545893719807 0.25 0.25 166 166 25 2.19 2.135 0.016 0.0129999999999999 60000 24116 0.2 1 0.8 0.1
0.382573860791187 0.424444444444444 0.4375 0.75 802 361 25 13.39 7.62 0.00999999999999801 0.0100000000000016 60000 24117 0.46 0 0.8 0.1
0.81184668989547 0.81184668989547 0.765625 0.75 115 115 25 4.248 3.537 0.0269999999999992 0.0269999999999992 60000 24206 0.8 1 0.8 0.1
0.818181818181818 0.818181818181818 0.769230769230769 1 108 108 25 1.662 1.28 0.0129999999999999 0.0170000000000003 60000 23658 0.8 1 0.8 0.1
0.682577565632458 0.682577565632458 0.671875 1 335 335 25 3.891 3.971 0.0120000000000005 0.0119999999999987 60000 24039 0.8 1 0.8 0.1
0.386031146767343 0.39265850945495 0.453125 1 846 359 25 17.389 5.863 0.0109999999999992 0.0109999999999992 60000 23976 0.46 0 0.8 0.1
0.368055555555556 0.350389321468298 0.421875 0 628 356 25 12.962 5.563 0.0109999999999992 0.0110000000000028 60000 23810 0.404096543835874 0 0.8 0.1
0.824427480916031 0.824427480916031 0.796875 0.75 104 104 25 1.321 1.28 0.012 0.0150000000000001 60000 23950 0.8 1 0.8 0.1
0.396665374176037 0.449388209121246 0.53125 1 1043 363 25 16.796 5.252 0.0159999999999982 0.0120000000000005 60000 24275 0.46 1 0.8 0.1
0.40910452231207 0.442222222222222 0.546875 0.5 1326 357 25 21.104 5.122 0.0109999999999992 0.0129999999999981 60000 23839 0.46 0 0.8 0.1
0.339851024208566 0.343715239154616 0.34375 0.5 428 358 25 4.579 3.833 0.00999999999999979 0.011000000000001 60000 23945 0.38945814292479 0 0.8 0.1
0.387643020594966 0.417594654788419 0.359375 0.25 869 357 25 15.915 5.739 0.0110000000000028 0.0130000000000017 60000 23881 0.46 0 0.8 0.1
0.787610619469027 0.787610619469027 0.769230769230769 0.5 134 134 25 2.436 1.937 0.0110000000000001 0.0119999999999996 60000 23819 0.8 1 0.8 0.1
0.252212389380531 0.252212389380531 0.1875 0.5 180 180 25 6.231 5.987 0.0269999999999992 0.0239999999999991 60000 23972 0.2 0 0.8 0.1
0.767441860465116 0.767441860465116 0.796875 0.75 154 154 25 1.85 2.334 0.0129999999999999 0.0100000000000007 60000 23959 0.8 1 0.8 0.1
0.807560137457045 0.807560137457045 0.796875 0.5 116 116 25 1.825 2.041 0.0110000000000001 0.0110000000000001 60000 24033 0.8 1 0.8 0.1
0.37347294938918 0.383759733036707 0.421875 0.5 691 361 25 8.757 4.526 0.0119999999999987 0.0120000000000005 60000 24130 0.46 1 0.8 0.1
0.245939675174014 0.245939675174014 0.28125 0.5 173 173 25 2.863 2.685 0.0129999999999999 0.0179999999999998 60000 24186 0.2 0 0.8 0.1
0.8300395256917 0.8300395256917 0.828125 0.75 101 101 25 3.308 3.171 0.0359999999999996 0.0299999999999994 60000 24136 0.8 1 0.8 0.1
0.202572347266881 0.202572347266881 0.203125 0 123 123 25 4.093 3.794 0.0299999999999994 0.0299999999999994 60000 23899 0.2 0 0.8 0.1
0.810344827586207 0.810344827586207 0.753846153846154 0.75 115 115 25 1.936 1.659 0.00999999999999979 0.00999999999999979 60000 23880 0.8 1 0.8 0.1
0.634338138925295 0.616240266963293 0.46875 0.75 608 358 25 10.335 5.538 0.0109999999999992 0.0109999999999992 60000 23929 0.612723868112434 0 0.8 0.1
0.31020942408377 0.31020942408377 0.34375 0.25 306 306 25 4.976 5.915 0.0239999999999991 0.0419999999999998 60000 24063 0.202507253286107 0 0.8 0.1
0.773841961852861 0.773841961852861 0.640625 0.5 145 145 25 2.588 2.512 0.0119999999999996 0.0120000000000005 60000 23866 0.8 1 0.8 0.1
0.836734693877551 0.836734693877551 0.848484848484849 0.75 96 96 25 3.082 3.003 0.0319999999999991 0.0310000000000006 60000 23654 0.8 0 0.8 0.1
0.401405975395431 0.443951165371809 0.421875 0.75 1135 359 25 13.963 4.188 0.0109999999999992 0.0109999999999992 60000 23956 0.46 1 0.8 0.1
0.763092269326683 0.763092269326683 0.703125 1 161 161 25 4.902 4.786 0.0279999999999987 0.0280000000000005 60000 24129 0.8 1 0.8 0.1
0.220338983050847 0.220338983050847 0.28125 0.25 140 140 25 4.535 4.302 0.0299999999999994 0.0350000000000001 60000 23858 0.2 0 0.8 0.1
0.780281690140845 0.780281690140845 0.734375 0.75 142 142 25 4.46 4.357 0.0289999999999999 0.0350000000000001 60000 24118 0.8 1 0.8 0.1
0.629652226967663 0.624861265260821 0.578125 0.25 650 357 25 9.851 5.897 0.0120000000000005 0.0109999999999992 60000 23821 0.531122234574592 1 0.8 0.1
0.814285714285714 0.814285714285714 0.796875 0.75 112 112 25 2.12 1.873 0.0110000000000001 0.0110000000000001 60000 24082 0.8 1 0.8 0.1
0.749435665914221 0.749435665914221 0.734375 1 178 178 25 5.539 5.247 0.0289999999999999 0.0289999999999999 60000 24247 0.8 1 0.8 0.1
0.405596654872949 0.465478841870824 0.384615384615385 0.25 1229 355 25 15.201 4.33 0.0109999999999992 0.0129999999999981 60000 23732 0.46 0 0.8 0.1
0.807560137457045 0.807560137457045 0.8125 0.5 116 116 25 4.871 3.488 0.0290000000000017 0.0279999999999987 60000 23942 0.8 1 0.8 0.1
0.351114649681529 0.360801781737194 0.369230769230769 0.25 499 357 25 8.02 5.932 0.0119999999999987 0.0119999999999987 60000 23872 0.46 1 0.8 0.1
0.817518248175182 0.817518248175182 0.796875 1 110 110 25 3.404 3.325 0.0280000000000005 0.0350000000000001 60000 24256 0.8 1 0.8 0.1
0.193877551020408 0.193877551020408 0.171875 0.25 118 118 25 2.067 2.184 0.0129999999999999 0.0110000000000001 60000 24171 0.2 0 0.8 0.1
0.420669246528568 0.477247502774695 0.5625 0.5 1763 361 25 29.554 6.651 0.0180000000000007 0.0159999999999982 60000 24092 0.46 0 0.8 0.1
0.39413680781759 0.43 0.46875 0.5 978 358 25 13.644 5.771 0.0150000000000006 0.0130000000000017 60000 23912 0.46 0 0.8 0.1
0.177358490566038 0.177358490566038 0.1875 0 105 105 25 1.926 1.992 0.00999999999999979 0.00999999999999979 60000 23975 0.2 0 0.8 0.1
0.773841961852861 0.773841961852861 0.78125 0.75 147 147 25 2.509 2.369 0.00999999999999979 0.00999999999999979 60000 24100 0.8 0 0.8 0.1
0.563890935887988 0.354444444444444 0.265625 0.5 2695 357 25 39.997 5.27699999999999 0.0110000000000028 0.00999999999999801 60000 23840 0.2 0 0.8 0.1
0.223756906077348 0.223756906077348 0.125 0.25 144 144 25 2.345 2.026 0.0169999999999995 0.0120000000000005 60000 23977 0.2 0 0.8 0.1
0.572018779342723 0.381798002219756 0.234375 0.25 2125 359 25 37.319 7.725 0.0180000000000007 0.0120000000000005 60000 23951 0.2 0 0.8 0.1
0.76984126984127 0.76984126984127 0.859375 1 151 151 25 2.907 2.452 0.0150000000000006 0.0259999999999998 60000 24038 0.8 0 0.8 0.1
0.814946619217082 0.814946619217082 0.796875 1 112 112 25 2.518 1.923 0.0419999999999998 0.0149999999999997 60000 23987 0.8 1 0.8 0.1
0.384504331087584 0.381111111111111 0.390625 0.5 830 359 25 10.133 4.331 0.0109999999999992 0.0109999999999992 60000 23981 0.46 0 0.8 0.1
0.385238095238095 0.403781979977753 0.484375 0.5 844 361 25 13.106 5.313 0.0259999999999998 0.0189999999999984 60000 24132 0.46 1 0.8 0.1
0.822641509433962 0.822641509433962 0.738461538461539 0.75 105 105 25 1.255 1.824 0.00999999999999979 0.00999999999999979 60000 23851 0.8 0 0.8 0.1
0.751724137931034 0.751724137931034 0.703125 0.75 175 175 25 3.209 3.165 0.0119999999999996 0.0120000000000005 60000 24216 0.8 1 0.8 0.1
0.679814385150812 0.679814385150812 0.765625 0.75 342 342 25 7.62 5.868 0.0129999999999999 0.0129999999999999 60000 23862 0.797415201524237 1 0.8 0.1
0.804635761589404 0.804635761589404 0.765625 0.5 120 120 25 2.135 1.732 0.0129999999999999 0.00999999999999979 60000 23974 0.8 1 0.8 0.1
0.383635472807447 0.398888888888889 0.46875 0.25 815 359 25 9.459 4.167 0.0109999999999992 0.0120000000000005 60000 23974 0.46 1 0.8 0.1
0.340679522497704 0.343333333333333 0.28125 0.25 433 358 25 13.824 10.829 0.0300000000000011 0.0300000000000011 60000 23902 0.344619844094736 1 0.8 0.1
0.566725835081491 0.435555555555556 0.21875 0.5 2470 358 25 37.829 5.076 0.00999999999999801 0.0110000000000028 60000 23917 0.287395314419512 0 0.8 0.1
0.386523163313056 0.391111111111111 0.5 0.25 853 359 25 9.418 3.955 0.011000000000001 0.00999999999999979 60000 23968 0.46 0 0.8 0.1
0.800653594771242 0.800653594771242 0.71875 1 123 123 25 1.655 2.217 0.0190000000000001 0.0410000000000004 60000 24214 0.8 1 0.8 0.1
0.373923032739805 0.395555555555556 0.421875 0.5 695 359 25 10.957 5.601 0.0109999999999992 0.00999999999999801 60000 23965 0.46 1 0.8 0.1
0.395394998015085 0.412680756395996 0.492307692307692 0.75 1000 357 25 11.776 4.188 0.0120000000000005 0.0120000000000005 60000 23836 0.46 1 0.8 0.1
0.295454545454545 0.295454545454545 0.28125 0 264 264 25 4.634 4.585 0.0119999999999987 0.0120000000000005 60000 24047 0.2 0 0.8 0.1
0.385308056872038 0.422048997772829 0.453125 0.75 853 363 25 25.67 10.689 0.0339999999999989 0.0289999999999964 60000 24276 0.46 1 0.8 0.1
0.388689407540395 0.428888888888889 0.546875 0.75 891 360 25 13.836 5.121 0.00999999999999801 0.0110000000000028 60000 24022 0.46 0 0.8 0.1
0.37043795620438 0.370411568409344 0.390625 0.5 660 361 25 20.619 10.927 0.0289999999999964 0.0300000000000011 60000 24117 0.313031635581613 0 0.8 0.1
0.783236994219653 0.783236994219653 0.692307692307692 0.5 137 137 25 1.787 2.609 0.0139999999999993 0.0129999999999999 60000 23844 0.8 1 0.8 0.1
0.340971585701192 0.347052280311457 0.375 0.5 436 359 25 4.859 4.102 0.0109999999999992 0.0109999999999992 60000 24013 0.343182508750852 1 0.8 0.1
0.377450980392157 0.382647385984427 0.390625 0.5 736 360 25 22.659 10.889 0.0300000000000011 0.0320000000000036 60000 24065 0.46 1 0.8 0.1
0.39041394335512 0.415742793791574 0.4375 0.5 913 358 25 14.019 5.62 0.0159999999999982 0.0160000000000018 60000 23884 0.46 0 0.8 0.1
0.415544041450777 0.467185761957731 0.515625 0.75 1543 359 25 17.312 4.116 0.0139999999999993 0.0109999999999992 60000 23990 0.46 1 0.8 0.1
0.273234200743494 0.273234200743494 0.171875 0.25 214 214 25 3.789 3.605 0.0259999999999998 0.0300000000000011 60000 23908 0.2 0 0.8 0.1
0.832 0.832 0.84375 1 99 99 25 1.725 2.252 0.0140000000000002 0.0119999999999996 60000 23826 0.8 1 0.8 0.1
0.413671980545798 0.432222222222222 0.515625 0.25 1486 361 25 22.239 5.558 0.0109999999999992 0.0100000000000016 60000 24097 0.46 1 0.8 0.1
0.840336134453782 0.840336134453782 0.828125 0.75 94 94 25 2.207 1.937 0.0350000000000001 0.0309999999999997 60000 23863 0.8 1 0.8 0.1
0.395759717314488 0.424916573971079 0.46875 0 1018 359 25 12.112 4.164 0.0109999999999992 0.0110000000000028 60000 23994 0.46 0 0.8 0.1
0.817204301075269 0.817204301075269 0.796875 1 111 111 25 3.525 3.445 0.0350000000000001 0.0289999999999999 60000 24021 0.8 1 0.8 0.1
0.391434689507495 0.41 0.484375 0.5 932 359 25 28.225 10.649 0.0379999999999967 0.0300000000000011 60000 23970 0.46 0 0.8 0.1
0.777777777777778 0.777777777777778 0.753846153846154 1 143 143 25 2.369 2.013 0.0110000000000001 0.0109999999999992 60000 23971 0.8 1 0.8 0.1
0.792569659442725 0.792569659442725 0.765625 0.75 128 128 25 3.894 3.624 0.0289999999999999 0.0289999999999999 60000 23919 0.8 0 0.8 0.1
0.393816110659072 0.410913140311804 0.453125 0 980 358 25 29.667 10.539 0.0279999999999987 0.0290000000000035 60000 23948 0.46 0 0.8 0.1
0.796178343949045 0.796178343949045 0.875 1 125 125 25 3.864 3.583 0.0280000000000005 0.0269999999999992 60000 24058 0.8 0 0.8 0.1
0.580821267505341 0.523333333333333 0.4375 0.25 1687 360 25 27.93 6.943 0.0130000000000052 0.0409999999999968 60000 24035 0.405636533854144 1 0.8 0.1
0.563384390955507 0.370699223085461 0.234375 0 2752 361 25 45.324 5.09699999999999 0.017000000000003 0.0219999999999985 60000 24090 0.2 0 0.8 0.1
0.383399209486166 0.422691879866518 0.484375 0.75 808 359 25 13.834 7.52 0.0109999999999992 0.0139999999999993 60000 23974 0.46 0 0.8 0.1
0.799352750809062 0.799352750809062 0.859375 0.75 124 124 25 1.392 1.298 0.0139999999999998 0.0110000000000001 60000 24107 0.8 1 0.8 0.1
0.807560137457045 0.807560137457045 0.859375 0.75 116 116 25 2.293 2.392 0.0110000000000001 0.0110000000000001 60000 24057 0.8 1 0.8 0.1
0.842553191489362 0.842553191489362 0.828125 0.5 94 94 25 1.464 1.494 0.0139999999999998 0.0230000000000001 60000 24193 0.8 1 0.8 0.1
0.823308270676692 0.823308270676692 0.859375 1 105 105 25 1.582 1.253 0.0109999999999997 0.0100000000000002 60000 23868 0.8 1 0.8 0.1
0.421511627906977 0.476084538375973 0.484375 0.5 1778 357 25 20.563 4.147 0.0109999999999992 0.0109999999999992 60000 23863 0.46 0 0.8 0.1
0.41630792605723 0.46496106785317 0.390625 0.25 1583 360 25 16.041 3.623 0.0100000000000016 0.0100000000000016 60000 24061 0.46 1 0.8 0.1
0.828125 0.828125 0.828125 0.75 101 101 25 1.656 1.36 0.04 0.0339999999999998 60000 23715 0.8 1 0.8 0.1
0.803986710963455 0.803986710963455 0.78125 0.75 120 120 25 2.036 1.704 0.0110000000000001 0.0109999999999992 60000 24029 0.8 1 0.8 0.1
0.782608695652174 0.782608695652174 0.875 1 138 138 25 1.657 1.567 0.0110000000000001 0.0110000000000001 60000 24102 0.8 0 0.8 0.1
0.808219178082192 0.808219178082192 0.78125 0.75 116 116 25 1.706 2.144 0.048 0.0380000000000003 60000 23957 0.8 0 0.8 0.1
0.700145560407569 0.700145560407569 0.703125 1 274 274 25 8.053 7.682 0.0279999999999987 0.0269999999999975 60000 23983 0.8 1 0.8 0.1
0.854545454545454 0.854545454545454 0.828125 1 88 88 25 1.547 1.545 0.04 0.0389999999999997 60000 24103 0.8 1 0.8 0.1
0.380208333333333 0.414444444444444 0.515625 0.5 769 360 25 8.892 4.132 0.011000000000001 0.0109999999999992 60000 24043 0.46 0 0.8 0.1
0.407943349753695 0.448888888888889 0.4 0 1294 358 25 38.413 10.583 0.0300000000000011 0.0289999999999964 60000 23909 0.46 0 0.8 0.1
0.782608695652174 0.782608695652174 0.734375 0.75 137 137 25 1.998 2.54 0.0149999999999997 0.0150000000000006 60000 23915 0.8 0 0.8 0.1
0.223756906077348 0.223756906077348 0.123076923076923 0.25 143 143 25 3.5 3.316 0.0110000000000001 0.0110000000000001 60000 23848 0.2 0 0.8 0.1
0.746724890829694 0.746724890829694 0.828125 1 184 184 25 5.304 5.064 0.0260000000000016 0.0269999999999992 60000 24184 0.8 1 0.8 0.1
0.773841961852861 0.773841961852861 0.75 0.75 146 146 25 4.508 4.27 0.0289999999999999 0.0329999999999995 60000 23985 0.8 0 0.8 0.1
0.40761374187558 0.456062291434928 0.46875 0.75 1288 358 25 20.79 5.647 0.0110000000000028 0.0109999999999992 60000 23933 0.46 0 0.8 0.1
0.810344827586207 0.810344827586207 0.84375 1 115 115 25 2.046 1.727 0.0110000000000001 0.0110000000000001 60000 23851 0.8 0 0.8 0.1
0.414775725593668 0.456570155902004 0.515625 0.25 1529 362 25 16.774 3.838 0.0100000000000016 0.00999999999999801 60000 24216 0.46 0 0.8 0.1
0.407198748043818 0.448275862068966 0.390625 0.25 1270 357 25 15.819 4.014 0.0109999999999992 0.0109999999999992 60000 23864 0.46 1 0.8 0.1
0.375 0.406458797327394 0.4375 0 705 358 25 11.686 5.687 0.0109999999999992 0.0130000000000017 60000 23941 0.46 0 0.8 0.1
0.82089552238806 0.82089552238806 0.75 0.75 106 106 25 1.796 2.206 0.00999999999999979 0.0110000000000001 60000 23875 0.8 1 0.8 0.1
0.379885356956748 0.399332591768632 0.40625 0 767 359 25 12.593 6.673 0.0110000000000028 0.0109999999999992 60000 24004 0.46 0 0.8 0.1
0.39811320754717 0.453229398663697 0.4375 0.25 1060 359 25 16.088 5.281 0.0159999999999982 0.0250000000000021 60000 24016 0.46 0 0.8 0.1
0.392394483911408 0.426666666666667 0.5625 0.5 961 361 25 9.683 3.681 0.00900000000000034 0.00999999999999979 60000 24115 0.46 1 0.8 0.1
0.416750503018109 0.438888888888889 0.375 0.5 1602 362 25 17.544 3.93 0.0110000000000028 0.00999999999999801 60000 24188 0.46 0 0.8 0.1
0.407361197754211 0.455555555555556 0.5 0.5 1280 359 25 20.65 6.318 0.0199999999999996 0.0150000000000006 60000 23964 0.46 0 0.8 0.1
0.245901639344262 0.245901639344262 0.234375 0.25 170 170 25 5.351 5.209 0.0289999999999999 0.0289999999999999 60000 23993 0.2 0 0.8 0.1
0.393778141629144 0.4 0.421875 0 976 359 25 14.736 5.228 0.0120000000000005 0.0109999999999992 60000 23987 0.46 1 0.8 0.1
0.811643835616438 0.811643835616438 0.75 1 116 116 25 2.011 1.677 0.00999999999999979 0.00999999999999979 60000 24010 0.8 1 0.8 0.1
0.40761374187558 0.450500556173526 0.421875 1 1300 361 25 21.306 5.537 0.0109999999999992 0.0109999999999992 60000 24145 0.46 0 0.8 0.1
0.807560137457045 0.807560137457045 0.796875 1 116 116 25 2.389 1.89 0.0209999999999999 0.0120000000000005 60000 23963 0.8 0 0.8 0.1
0.385167464114833 0.417314095449501 0.461538461538462 0.25 827 356 25 13.182 6.191 0.0109999999999992 0.0110000000000028 60000 23761 0.46 0 0.8 0.1
0.417021276595745 0.446051167964405 0.453125 0.5 1616 363 25 25.795 5.463 0.00999999999999801 0.00999999999999801 60000 24280 0.46 1 0.8 0.1
0.327233584499462 0.329254727474972 0.25 0.25 373 361 25 7.226 6.443 0.0180000000000007 0.0199999999999996 60000 24136 0.2 0 0.8 0.1
0.732038834951456 0.732038834951456 0.75 0.75 206 206 25 3.037 2.808 0.0150000000000006 0.0139999999999993 60000 24056 0.8 1 0.8 0.1
0.374716553287982 0.394209354120267 0.40625 0.25 705 359 25 21.066 10.43 0.0290000000000035 0.0289999999999964 60000 24006 0.46 1 0.8 0.1
0.799352750809062 0.799352750809062 0.784615384615385 1 122 122 25 1.849 1.43 0.016 0.024 60000 23831 0.8 1 0.8 0.1
0.384615384615385 0.410654827968923 0.375 0.25 831 362 25 13.659 5.383 0.0109999999999992 0.0109999999999992 60000 24151 0.46 0 0.8 0.1
0.804713804713805 0.804713804713805 0.8125 0.75 118 118 25 3.569 3.308 0.0259999999999998 0.0260000000000016 60000 23938 0.8 1 0.8 0.1
0.819188191881919 0.819188191881919 0.890625 0.75 108 108 25 3.216 3.079 0.0270000000000001 0.0269999999999992 60000 24002 0.8 1 0.8 0.1
0.391192817443352 0.45 0.484375 0 935 359 25 27.663 10.209 0.027000000000001 0.027000000000001 60000 24003 0.46 1 0.8 0.1
0.801980198019802 0.801980198019802 0.859375 0.5 120 120 25 2.799 2.659 0.0209999999999999 0.0329999999999995 60000 23944 0.8 1 0.8 0.1
0.556859523530102 0.397777777777778 0.25 0.25 3398 358 25 33.783 3.477 0.00900000000000034 0.00999999999999801 60000 23931 0.2 0 0.8 0.1
0.409816676522768 0.452725250278087 0.375 0.5 1351 359 25 39.93 10.119 0.0330000000000013 0.0279999999999987 60000 23979 0.46 1 0.8 0.1
0.391173950299914 0.402669632925473 0.421875 0.75 925 356 25 13.388 4.451 0.0109999999999992 0.0100000000000016 60000 23794 0.46 0 0.8 0.1
0.415587778353185 0.446051167964405 0.390625 0.25 1532 356 25 43.214 9.564 0.027000000000001 0.027000000000001 60000 23812 0.46 1 0.8 0.1
0.79375 0.79375 0.78125 0.75 128 128 25 1.678 2.452 0.0109999999999992 0.0100000000000007 60000 24131 0.8 1 0.8 0.1
0.392931392931393 0.426028921023359 0.453125 0.75 967 361 25 28.058 10.095 0.027000000000001 0.0269999999999939 60000 24143 0.46 0 0.8 0.1
0.193877551020408 0.193877551020408 0.140625 0.25 117 117 25 3.626 3.32 0.0280000000000005 0.0280000000000005 60000 23964 0.2 0 0.8 0.1
0.391192817443352 0.436040044493882 0.484375 0.75 935 359 25 13.967 5.392 0.0160000000000018 0.0299999999999976 60000 24002 0.46 0 0.8 0.1
0.36704834605598 0.379310344827586 0.484375 0.5 626 358 25 17.027 9.746 0.027000000000001 0.0250000000000021 60000 23925 0.46 0 0.8 0.1
0.791540785498489 0.791540785498489 0.796875 0.75 131 131 25 2.213 2.247 0.0259999999999998 0.0350000000000001 60000 23920 0.8 1 0.8 0.1
0.417324777887463 0.470522803114572 0.453125 0.5 1625 360 25 55.081 11.978 0.0430000000000064 0.0300000000000011 60000 24073 0.46 1 0.8 0.1
0.385421629347308 0.404894327030033 0.338461538461538 0.75 831 356 25 23.683 9.855 0.027000000000001 0.0269999999999939 60000 23782 0.46 1 0.8 0.1
0.381316998468606 0.415555555555556 0.515625 0.25 782 359 25 21.068 9.449 0.0249999999999986 0.0259999999999962 60000 23977 0.46 0 0.8 0.1
0.834008097165992 0.834008097165992 0.84375 1 98 98 25 2.23 2.225 0.0109999999999992 0.00999999999999979 60000 24058 0.8 1 0.8 0.1
0.385741265344665 0.412222222222222 0.453125 0 846 359 25 13.002 5.275 0.00999999999999801 0.0110000000000028 60000 23986 0.46 0 0.8 0.1
0.597931034482759 0.561735261401557 0.59375 0.75 1153 357 25 30.546 8.786 0.0240000000000009 0.0229999999999961 60000 23874 0.547702532298886 1 0.8 0.1
0.418831942789035 0.472807991120977 0.484375 0.75 1674 359 25 43.885 8.787 0.027000000000001 0.0330000000000013 60000 23957 0.46 0 0.8 0.1
0.398738872403561 0.441111111111111 0.484375 0.5 1082 361 25 38.566 12.983 0.027000000000001 0.0260000000000034 60000 24089 0.46 0 0.8 0.1
