0.722010178117048 0.722010178117048 0.722010178117048 0.722010178117048 1 1 1 0.953999999999997 0.900000000000002 0.896999999999998 0.906000000000002 60000 36 0.8 1 0.8 0.8
0.43364099299809 0.43364099299809 0.43364099299809 0.43364099299809 1 1 1 1.013 0.928999999999998 0.942999999999998 0.952000000000002 60000 31 0.2 1 0.8 0.8
0.439538904899135 0.440534946664544 0.440534946664544 0.440534946664544 3 1 1 2.971 1.023 1.024 1.068 60000 34 0.46 1 0.8 0.8
0.434610664121096 0.442105263157895 0.442105263157895 0.442105263157895 2 1 1 1.799 0.913999999999998 0.888000000000002 0.902000000000001 60000 31 0.46 0 0.8 0.8
0.731505102040816 0.731505102040816 0.731505102040816 0.731505102040816 1 1 1 0.811 0.776 0.781000000000002 0.776999999999997 60000 30 0.8 1 0.8 0.8
0.443519228662211 0.447226624405705 0.447226624405705 0.447226624405705 3 1 1 3.702 0.964000000000002 1.32400000000001 1.275 60000 32 0.46 0 0.8 0.8
0.432211741517669 0.436552274541101 0.436552274541101 0.436552274541101 2 1 1 1.815 1.336 0.799999999999997 0.860000000000003 60000 32 0.46 1 0.8 0.8
0.721744667303407 0.721744667303407 0.721744667303407 0.721744667303407 1 1 1 1.134 1 0.965999999999998 1.391 60000 34 0.8 0 0.8 0.8
0.420842642834344 0.420842642834344 0.420842642834344 0.420842642834344 1 1 1 1.329 0.826000000000001 0.887 0.934000000000001 60000 30 0.46 0 0.8 0.8
0.722816541593486 0.722816541593486 0.722816541593486 0.722816541593486 1 1 1 0.966000000000001 1.044 1.015 0.951000000000001 60000 31 0.8 1 0.8 0.8
0.707608869038124 0.707608869038124 0.707608869038124 0.707608869038124 1 1 1 1.606 1.252 1.366 1.4 60000 32 0.8 1 0.8 0.8
0.689803733843944 0.689803733843944 0.689803733843944 0.689803733843944 1 1 1 1.182 1.172 1.296 0.952999999999999 60000 34 0.8 0 0.8 0.8
0.728562320688556 0.728562320688556 0.728562320688556 0.728562320688556 1 1 1 0.949000000000002 0.892999999999997 0.885000000000002 0.902000000000001 60000 33 0.8 1 0.8 0.8
0.722275487376159 0.722275487376159 0.722275487376159 0.722275487376159 1 1 1 0.977999999999998 1.134 0.919 0.882999999999999 60000 35 0.8 1 0.8 0.8
0.428503184713376 0.428503184713376 0.428503184713376 0.428503184713376 1 1 1 0.887999999999998 0.841000000000001 0.861000000000001 0.823999999999998 60000 33 0.46 0 0.8 0.8
0.549316005471956 0.497449792795665 0.497449792795665 0.497449792795665 6 1 1 8.139 1.289 1.367 1.465 60000 30 0.2 0 0.8 0.8
0.62332268370607 0.62332268370607 0.62332268370607 0.62332268370607 1 1 1 0.942 0.863 1.046 1.1 60000 33 0.593743918436614 0 0.8 0.8
0.438639455782313 0.446251993620415 0.446251993620415 0.446251993620415 2 1 1 1.84 1.344 0.878 0.974 60000 31 0.46 1 0.8 0.8
0.543972255292717 0.467154445681565 0.467154445681565 0.467154445681565 9 1 1 7.994 0.884 0.970000000000002 0.861000000000001 60000 33 0.2 0 0.8 0.8
0.427842449370116 0.427842449370116 0.427842449370116 0.427842449370116 1 1 1 1.402 0.928999999999998 0.965999999999998 1.21 60000 32 0.46 1 0.8 0.8
0.675361857801813 0.675361857801813 0.675361857801813 0.675361857801813 1 1 1 1.031 0.949999999999999 1.028 1.04 60000 30 0.8 1 0.8 0.8
0.543014652546061 0.463266932270916 0.463266932270916 0.463266932270916 9 1 1 11.806 1.391 1.661 1.204 60000 31 0.46 0 0.8 0.8
0.706443914081146 0.706443914081146 0.706443914081146 0.706443914081146 1 1 1 0.941000000000003 0.933 1.04 0.908999999999999 60000 32 0.8 1 0.8 0.8
0.717041288059939 0.717041288059939 0.717041288059939 0.717041288059939 1 1 1 1.125 1.355 1.219 1.085 60000 30 0.8 0 0.8 0.8
0.693659159878614 0.693659159878614 0.693659159878614 0.693659159878614 1 1 1 1.017 1.21 0.91 1.182 60000 30 0.8 0 0.8 0.8
0.714103991095564 0.714103991095564 0.714103991095564 0.714103991095564 1 1 1 1.382 0.977 1.143 1.021 60000 33 0.8 1 0.8 0.8
0.723594073602039 0.723594073602039 0.723594073602039 0.723594073602039 1 1 1 1.008 0.949000000000002 0.948 0.970000000000002 60000 35 0.8 0 0.8 0.8
0.444334433443344 0.445935154128733 0.445935154128733 0.445935154128733 3 1 1 3.011 0.882999999999999 1.293 1.411 60000 31 0.46 0 0.8 0.8
0.43059535179879 0.43059535179879 0.43059535179879 0.43059535179879 1 1 1 1.277 0.961000000000002 1.333 1.229 60000 32 0.46 0 0.8 0.8
0.533210974336255 0.448882548739895 0.448882548739895 0.448882548739895 15 1 1 14.694 1.005 1.192 0.966999999999999 60000 31 0.46 1 0.8 0.8
0.706792091836735 0.706792091836735 0.706792091836735 0.706792091836735 1 1 1 0.899000000000001 1.175 1.319 0.762999999999998 60000 33 0.8 1 0.8 0.8
0.688892425206875 0.688892425206875 0.688892425206875 0.688892425206875 1 1 1 1.002 0.931000000000001 0.913 0.934000000000001 60000 31 0.8 0 0.8 0.8
0.541915692600624 0.471815286624204 0.471815286624204 0.471815286624204 8 1 1 8.959 1.318 1.431 1.076 60000 31 0.2 1 0.8 0.8
0.712533842968626 0.712533842968626 0.712533842968626 0.712533842968626 1 1 1 1.045 1.478 1.075 1.25 60000 31 0.8 1 0.8 0.8
0.541485216594087 0.470522625876354 0.470522625876354 0.470522625876354 8 1 1 7.697 0.998000000000005 0.998999999999995 1.057 60000 32 0.46 0 0.8 0.8
0.431551677120262 0.440203562340967 0.440203562340967 0.440203562340967 2 1 1 1.921 0.952000000000002 0.927999999999997 0.946000000000002 60000 31 0.46 1 0.8 0.8
0.420893623787566 0.420893623787566 0.420893623787566 0.420893623787566 1 1 1 0.981000000000002 0.93 1.38 1.079 60000 34 0.46 1 0.8 0.8
0.717790440012662 0.717790440012662 0.717790440012662 0.717790440012662 1 1 1 1.492 1.131 0.948 1.275 60000 31 0.8 0 0.8 0.8
0.717432950191571 0.717432950191571 0.717432950191571 0.717432950191571 1 1 1 1.01 0.947000000000003 0.933999999999997 0.983000000000001 60000 32 0.8 1 0.8 0.8
0.733534839325485 0.733534839325485 0.733534839325485 0.733534839325485 1 1 1 1.417 1.063 1.062 0.974 60000 32 0.8 1 0.8 0.8
0.5377288163671 0.454357506361323 0.454357506361323 0.454357506361323 11 1 1 12.173 1.201 0.906999999999996 1.251 60000 32 0.46 1 0.8 0.8
0.727330779054917 0.727330779054917 0.727330779054917 0.727330779054917 1 1 1 0.939 1.217 0.900000000000002 0.748000000000001 60000 30 0.8 1 0.8 0.8
0.722647527910686 0.722647527910686 0.722647527910686 0.722647527910686 1 1 1 1.28 0.956 0.940999999999999 1.36 60000 31 0.8 1 0.8 0.8
0.722532291500558 0.722532291500558 0.722532291500558 0.722532291500558 1 1 1 1.073 0.952999999999999 1.054 1.228 60000 32 0.8 0 0.8 0.8
0.727764518695306 0.727764518695306 0.727764518695306 0.727764518695306 1 1 1 1.083 0.973000000000003 1.259 0.976000000000003 60000 31 0.8 1 0.8 0.8
0.538939790575916 0.466284987277354 0.466284987277354 0.466284987277354 10 1 1 11.691 0.882000000000005 0.838999999999999 0.911999999999999 60000 33 0.46 0 0.8 0.8
0.695998724693129 0.695998724693129 0.695998724693129 0.695998724693129 1 1 1 0.963000000000001 0.905999999999999 0.914000000000001 0.913 60000 31 0.8 1 0.8 0.8
0.540902075115761 0.470194453299331 0.470194453299331 0.470194453299331 8 1 1 8.713 0.821000000000005 1.224 1.039 60000 32 0.2 0 0.8 0.8
0.42348641347529 0.42348641347529 0.42348641347529 0.42348641347529 1 1 1 1.016 0.940000000000001 0.931000000000001 0.950000000000003 60000 31 0.233516954412398 0 0.8 0.8
0.544774688398849 0.465519987259118 0.465519987259118 0.465519987259118 9 1 1 9.874 1.077 1.121 0.890000000000001 60000 30 0.46 1 0.8 0.8
0.546980043406913 0.470372730168844 0.470372730168844 0.470372730168844 8 1 1 8.933 0.919000000000004 1.33 0.994 60000 31 0.46 0 0.8 0.8
0.432725694444444 0.439923712650985 0.439923712650985 0.439923712650985 2 1 1 2.578 1 1.358 1.017 60000 35 0.46 1 0.8 0.8
0.710764827476546 0.710764827476546 0.710764827476546 0.710764827476546 1 1 1 1.478 1.004 1.18 1.235 60000 34 0.8 0 0.8 0.8
0.437535092644582 0.441232528589581 0.441232528589581 0.441232528589581 2 1 1 2.66 1.042 1.174 1.421 60000 32 0.46 0 0.8 0.8
0.736179703680102 0.736179703680102 0.736179703680102 0.736179703680102 1 1 1 1.134 1.05 1.226 1.091 60000 31 0.8 0 0.8 0.8
0.717134652201659 0.717134652201659 0.717134652201659 0.717134652201659 1 1 1 0.996000000000002 0.93 1.275 1.058 60000 29 0.8 1 0.8 0.8
0.703774486383182 0.703774486383182 0.703774486383182 0.703774486383182 1 1 1 1.302 1.283 0.968 1.2 60000 32 0.8 1 0.8 0.8
0.437822427368993 0.439490445859873 0.439490445859873 0.439490445859873 2 1 1 2.533 1.058 1.205 1.318 60000 30 0.46 1 0.8 0.8
0.671108995716326 0.671108995716326 0.671108995716326 0.671108995716326 1 1 1 1.5 1.111 1.217 1.071 60000 33 0.8 1 0.8 0.8
0.430073271742593 0.430073271742593 0.430073271742593 0.430073271742593 1 1 1 1.03 0.949999999999999 0.951000000000001 0.972999999999999 60000 33 0.46 1 0.8 0.8
0.537166955699196 0.444302991725016 0.444302991725016 0.444302991725016 12 1 1 13.588 1.213 1.263 1.441 60000 32 0.2 1 0.8 0.8
0.537898536194105 0.462857142857143 0.462857142857143 0.462857142857143 10 1 1 9.52 1.03 0.903999999999996 0.936 60000 35 0.46 1 0.8 0.8
0.737187700192184 0.737187700192184 0.737187700192184 0.737187700192184 1 1 1 0.986999999999998 0.917999999999999 0.934999999999999 0.939 60000 34 0.8 1 0.8 0.8
0.696011441283966 0.696011441283966 0.696011441283966 0.696011441283966 1 1 1 1.287 1.465 1.241 1.222 60000 31 0.8 1 0.8 0.8
0.655787295016717 0.655787295016717 0.655787295016717 0.655787295016717 1 1 1 1.328 1.399 1.206 1.274 60000 33 0.8 1 0.8 0.8
0.73171510699457 0.73171510699457 0.73171510699457 0.73171510699457 1 1 1 1.165 1.091 1.376 1.113 60000 32 0.8 1 0.8 0.8
0.424918032786885 0.434223069590086 0.434223069590086 0.434223069590086 2 1 1 2.13 0.988 1.385 0.966999999999999 60000 29 0.46 0 0.8 0.8
0.533159845438057 0.445396825396825 0.445396825396825 0.445396825396825 13 1 1 15.324 1.25 1.5 1.507 60000 35 0.46 0 0.8 0.8
0.694890975648575 0.694890975648575 0.694890975648575 0.694890975648575 1 1 1 1.208 1.385 1.098 1.209 60000 31 0.8 1 0.8 0.8
0.43344803854095 0.43609865470852 0.43609865470852 0.43609865470852 2 1 1 2.169 1.423 1.099 1.118 60000 31 0.340773571989391 0 0.8 0.8
0.532127005804029 0.447167409293444 0.447167409293444 0.447167409293444 14 1 1 17.439 1.224 1.203 1.126 60000 32 0.46 1 0.8 0.8
0.734797835084368 0.734797835084368 0.734797835084368 0.734797835084368 1 1 1 1.239 1.147 1.19 1.409 60000 30 0.8 1 0.8 0.8
0.713806863527534 0.713806863527534 0.713806863527534 0.713806863527534 1 1 1 0.883000000000003 1.13 1.304 0.940000000000001 60000 32 0.8 1 0.8 0.8
0.716248602013101 0.716248602013101 0.716248602013101 0.716248602013101 1 1 1 1.109 1.201 0.932000000000002 1.186 60000 33 0.8 1 0.8 0.8
0.537513905483911 0.462786259541985 0.462786259541985 0.462786259541985 13 1 1 15.512 1.412 1.349 1.69 60000 37 0.46 0 0.8 0.8
0.533008367237276 0.455357142857143 0.455357142857143 0.455357142857143 13 1 1 12.506 0.964999999999996 0.972999999999999 1.015 60000 34 0.46 0 0.8 0.8
0.670114576702737 0.670114576702737 0.670114576702737 0.670114576702737 1 1 1 1.386 0.875 1.343 1.22 60000 30 0.8 1 0.8 0.8
0.725536992840095 0.725536992840095 0.725536992840095 0.725536992840095 1 1 1 1.331 0.957000000000001 1.366 1.219 60000 32 0.8 0 0.8 0.8
0.731447640235182 0.731447640235182 0.731447640235182 0.731447640235182 1 1 1 1.03 1.402 0.966999999999999 1.177 60000 31 0.8 1 0.8 0.8
0.729024040757841 0.729024040757841 0.729024040757841 0.729024040757841 1 1 1 1.475 0.990000000000002 1.073 1.287 60000 32 0.8 1 0.8 0.8
0.4293659621802 0.4293659621802 0.4293659621802 0.4293659621802 1 1 1 1.003 0.945 0.910999999999998 0.934000000000001 60000 33 0.46 0 0.8 0.8
0.699060060538474 0.699060060538474 0.699060060538474 0.699060060538474 1 1 1 0.965 0.873999999999999 0.884 0.903000000000002 60000 34 0.8 1 0.8 0.8
0.430666241632133 0.430666241632133 0.430666241632133 0.430666241632133 1 1 1 1.277 1.374 1.084 1.427 60000 34 0.46 0 0.8 0.8
0.544573643410853 0.488250238170848 0.488250238170848 0.488250238170848 6 1 1 7.627 1.015 1.207 0.949999999999996 60000 33 0.292929077164114 1 0.8 0.8
0.432118414770014 0.432118414770014 0.432118414770014 0.432118414770014 1 1 1 1.259 1.005 1.455 0.989000000000001 60000 30 0.46 0 0.8 0.8
0.729415512024208 0.729415512024208 0.729415512024208 0.729415512024208 1 1 1 1.336 1.401 1.22 1.497 60000 32 0.8 0 0.8 0.8
0.420893141945774 0.420893141945774 0.420893141945774 0.420893141945774 1 1 1 1.049 1.477 1.088 1.187 60000 31 0.46 0 0.8 0.8
0.702681136291095 0.702681136291095 0.702681136291095 0.702681136291095 1 1 1 1.364 1.298 1.415 1.282 60000 30 0.8 0 0.8 0.8
0.716272378516624 0.716272378516624 0.716272378516624 0.716272378516624 1 1 1 1.472 1.368 1.301 1.544 60000 34 0.8 1 0.8 0.8
0.427050222504768 0.427050222504768 0.427050222504768 0.427050222504768 1 1 1 1.344 0.898 1.474 1.077 60000 29 0.46 0 0.8 0.8
0.548892524540649 0.491395793499044 0.491395793499044 0.491395793499044 7 1 1 6.432 0.920999999999999 0.893999999999998 0.927 60000 33 0.2 0 0.8 0.8
0.725780752071383 0.725780752071383 0.725780752071383 0.725780752071383 1 1 1 0.942 0.864000000000001 0.861000000000001 0.881 60000 33 0.8 1 0.8 0.8
0.719695769291713 0.719695769291713 0.719695769291713 0.719695769291713 1 1 1 1.527 0.879999999999999 1.357 1.249 60000 31 0.8 1 0.8 0.8
0.539679565258128 0.461158079438507 0.461158079438507 0.461158079438507 10 1 1 13.358 1.657 1.25 1.355 60000 33 0.232681856768073 0 0.8 0.8
0.581925406439273 0.581925406439273 0.581925406439273 0.581925406439273 1 1 1 1.341 1.46 1.297 1.273 60000 32 0.507050223280546 1 0.8 0.8
0.717716284987277 0.717716284987277 0.717716284987277 0.717716284987277 1 1 1 0.887 0.832000000000001 0.853999999999999 0.863 60000 36 0.8 1 0.8 0.8
0.426543308342638 0.426543308342638 0.426543308342638 0.426543308342638 1 1 1 1.5 1.34 1.297 1.506 60000 31 0.46 1 0.8 0.8
0.423992383370359 0.423992383370359 0.423992383370359 0.423992383370359 1 1 1 0.987000000000002 0.933 0.903000000000002 0.932000000000002 60000 32 0.46 1 0.8 0.8
0.435319935319935 0.444409047467346 0.444409047467346 0.444409047467346 3 1 1 3.54 1.249 1.043 1.56 60000 34 0.46 0 0.8 0.8
0.557235834609495 0.532036978004463 0.532036978004463 0.532036978004463 4 1 1 4.781 0.909000000000002 1.462 1.124 60000 32 0.2 0 0.8 0.8
0.432114467408585 0.432114467408585 0.432114467408585 0.432114467408585 1 1 1 1.071 1.414 0.875 1.319 60000 33 0.46 1 0.8 0.8
0.726112617642367 0.726112617642367 0.726112617642367 0.726112617642367 1 1 1 1.276 1.34 1.372 1.265 60000 31 0.8 1 0.8 0.8
0.600951625693894 0.600951625693894 0.600951625693894 0.600951625693894 1 1 1 1.283 1.364 0.792999999999999 0.870999999999999 60000 31 0.582532388065919 1 0.8 0.8
0.425151611873604 0.425151611873604 0.425151611873604 0.425151611873604 1 1 1 1.224 1.236 1.347 0.93 60000 31 0.46 1 0.8 0.8
0.431001589825119 0.431001589825119 0.431001589825119 0.431001589825119 1 1 1 1.049 0.969999999999999 1.011 1.006 60000 29 0.46 0 0.8 0.8
0.731020213273914 0.731020213273914 0.731020213273914 0.731020213273914 1 1 1 1.44 1.384 1.315 1.526 60000 34 0.8 1 0.8 0.8
0.719834447628144 0.719834447628144 0.719834447628144 0.719834447628144 1 1 1 1.577 1.271 1.42 1.432 60000 34 0.8 1 0.8 0.8
0.705826170009551 0.705826170009551 0.705826170009551 0.705826170009551 1 1 1 1.435 1.37 1.313 1.486 60000 32 0.8 0 0.8 0.8
0.536341573773189 0.439008894536213 0.439008894536213 0.439008894536213 12 1 1 13.744 1.315 1.247 0.876000000000005 60000 34 0.2 0 0.8 0.8
0.551074090311267 0.496885481552468 0.496885481552468 0.496885481552468 6 1 1 7.707 1.089 1.322 1.285 60000 35 0.2 0 0.8 0.8
0.723251357393804 0.723251357393804 0.723251357393804 0.723251357393804 1 1 1 1.458 0.900000000000002 1.261 1.285 60000 34 0.8 1 0.8 0.8
0.542862868881206 0.476923076923077 0.476923076923077 0.476923076923077 9 1 1 7.981 0.924000000000003 0.947999999999997 0.829000000000004 60000 32 0.46 0 0.8 0.8
0.551543236862814 0.513517811704835 0.513517811704835 0.513517811704835 5 1 1 4.212 0.870000000000001 0.806999999999999 0.722999999999999 60000 35 0.2 0 0.8 0.8
0.728726807421625 0.728726807421625 0.728726807421625 0.728726807421625 1 1 1 0.921999999999997 1.259 1.241 1.01 60000 36 0.8 1 0.8 0.8
0.427066709224386 0.427066709224386 0.427066709224386 0.427066709224386 1 1 1 0.966999999999999 0.858000000000001 0.823 0.794999999999998 60000 31 0.46 0 0.8 0.8
0.536806904966334 0.45451648876852 0.45451648876852 0.45451648876852 10 1 1 7.97 0.771999999999998 0.728999999999999 0.733000000000001 60000 31 0.46 1 0.8 0.8
0.733025918269995 0.733025918269995 0.733025918269995 0.733025918269995 1 1 1 0.954999999999998 0.900000000000002 1.262 0.879999999999999 60000 30 0.8 1 0.8 0.8
0.437676254935138 0.441622743970612 0.441622743970612 0.441622743970612 2 1 1 1.494 0.744 0.713000000000001 0.712999999999997 60000 33 0.46 0 0.8 0.8
0.421832669322709 0.421832669322709 0.421832669322709 0.421832669322709 1 1 1 0.943000000000001 1.288 0.806999999999999 1.206 60000 34 0.2 0 0.8 0.8
0.722496417767871 0.722496417767871 0.722496417767871 0.722496417767871 1 1 1 0.950999999999997 1.269 1.165 0.879999999999999 60000 31 0.8 0 0.8 0.8
0.72822966507177 0.72822966507177 0.72822966507177 0.72822966507177 1 1 1 1.422 1.371 1.256 1.528 60000 30 0.8 0 0.8 0.8
0.702659659181398 0.702659659181398 0.702659659181398 0.702659659181398 1 1 1 0.977999999999998 1.347 1.225 0.960999999999999 60000 34 0.8 1 0.8 0.8
0.43342326614823 0.43342326614823 0.43342326614823 0.43342326614823 1 1 1 0.686 0.652999999999999 0.650000000000002 0.634999999999998 60000 36 0.46 0 0.8 0.8
0.538588982465829 0.467600700525394 0.467600700525394 0.467600700525394 10 1 1 11.416 1.489 0.942999999999998 1.073 60000 32 0.46 1 0.8 0.8
0.541431316601642 0.479611341191462 0.479611341191462 0.479611341191462 7 1 1 9.418 1.457 1.371 1.446 60000 30 0.46 0 0.8 0.8
0.432574430823117 0.432574430823117 0.432574430823117 0.432574430823117 1 1 1 0.843999999999998 0.785 0.774000000000001 0.797999999999998 60000 31 0.46 0 0.8 0.8
0.667358008934269 0.667358008934269 0.667358008934269 0.667358008934269 1 1 1 2.152 2.017 2.007 2.035 60000 32 0.8 0 0.8 0.8
0.72531847133758 0.72531847133758 0.72531847133758 0.72531847133758 1 1 1 2.148 2.011 2.003 2.017 60000 33 0.8 1 0.8 0.8
0.69277300222859 0.69277300222859 0.69277300222859 0.69277300222859 1 1 1 2.184 2.047 2.034 2.069 60000 33 0.8 1 0.8 0.8
0.7168818747011 0.7168818747011 0.7168818747011 0.7168818747011 1 1 1 0.994 1.338 0.951000000000001 1.059 60000 31 0.8 1 0.8 0.8
0.630206677265501 0.630206677265501 0.630206677265501 0.630206677265501 1 1 1 1.555 1.238 1.346 1.29 60000 31 0.270351838819293 0 0.8 0.8
0.578601472134595 0.565479974570884 0.565479974570884 0.565479974570884 2 1 1 1.76 0.878 0.871000000000002 0.887999999999998 60000 29 0.2 0 0.8 0.8
0.716130060567421 0.716130060567421 0.716130060567421 0.716130060567421 1 1 1 2.251 2.066 2.065 2.09800000000001 60000 30 0.8 1 0.8 0.8
0.7137859755128 0.7137859755128 0.7137859755128 0.7137859755128 1 1 1 2.128 1.992 1.978 2.014 60000 33 0.8 1 0.8 0.8
0.541147258538563 0.455354305687957 0.455354305687957 0.455354305687957 8 1 1 8.554 0.951999999999998 1.298 0.951000000000001 60000 29 0.2 0 0.8 0.8
0.431610527751261 0.436290967226219 0.436290967226219 0.436290967226219 2 1 1 2.644 1.076 1.42 1.018 60000 31 0.46 0 0.8 0.8
0.710845295055821 0.710845295055821 0.710845295055821 0.710845295055821 1 1 1 1.074 1.222 1.314 0.934000000000001 60000 30 0.8 1 0.8 0.8
0.667994264776167 0.667994264776167 0.667994264776167 0.667994264776167 1 1 1 1.101 1.269 1.257 0.869 60000 35 0.8 1 0.8 0.8
0.422002235350471 0.422002235350471 0.422002235350471 0.422002235350471 1 1 1 2.12 1.986 1.973 2.001 60000 39 0.46 1 0.8 0.8
0.431696363899754 0.437818066157761 0.437818066157761 0.437818066157761 2 1 1 2.638 1.02 1.006 1.491 60000 34 0.46 0 0.8 0.8
0.703633190544185 0.703633190544185 0.703633190544185 0.703633190544185 1 1 1 1.053 1.197 0.957999999999998 1.373 60000 32 0.8 1 0.8 0.8
0.540084611316764 0.469352014010508 0.469352014010508 0.469352014010508 8 1 1 10.711 1.355 1.492 1.39400000000001 60000 31 0.46 0 0.8 0.8
0.534660710159439 0.445380823660359 0.445380823660359 0.445380823660359 11 1 1 9.955 0.864999999999998 0.866000000000003 0.888999999999996 60000 29 0.46 1 0.8 0.8
0.434788937409025 0.437639553429027 0.437639553429027 0.437639553429027 2 1 1 2.136 1.154 0.954000000000001 1.214 60000 34 0.46 0 0.8 0.8
0.423639834552975 0.423639834552975 0.423639834552975 0.423639834552975 1 1 1 2.44 2.644 2.437 2.489 60000 32 0.426179931929538 0 0.8 0.8
0.533349204459787 0.442745660136964 0.442745660136964 0.442745660136964 11 1 1 15.134 1.403 1.262 1.468 60000 30 0.46 1 0.8 0.8
0.561805804371193 0.53030062032766 0.53030062032766 0.53030062032766 4 1 1 4.193 1.206 0.924000000000003 1.01199999999999 60000 30 0.2 0 0.8 0.8
0.540358946608947 0.467569721115538 0.467569721115538 0.467569721115538 10 1 1 20.839 2.235 1.98999999999999 2.02 60000 31 0.46 1 0.8 0.8
0.42334717342702 0.42334717342702 0.42334717342702 0.42334717342702 1 1 1 1.044 1.535 0.992999999999999 1.222 60000 32 0.444269652553703 1 0.8 0.8
0.538698551391124 0.449456174024312 0.449456174024312 0.449456174024312 10 1 1 20.495 2.22500000000001 1.968 1.98399999999999 60000 32 0.46 1 0.8 0.8
0.7264631043257 0.7264631043257 0.7264631043257 0.7264631043257 1 1 1 0.768999999999998 0.681000000000001 0.617000000000001 0.617999999999999 60000 32 0.8 1 0.8 0.8
0.433969986357435 0.44157911493155 0.44157911493155 0.44157911493155 2 1 1 2.198 1.324 0.902999999999999 1.365 60000 31 0.46 0 0.8 0.8
0.564358494489499 0.538069448869067 0.538069448869067 0.538069448869067 4 1 1 4.583 1.40300000000001 0.893999999999998 1.331 60000 38 0.2 0 0.8 0.8
0.733142037302726 0.733142037302726 0.733142037302726 0.733142037302726 1 1 1 1.214 1.207 1.15 1.349 60000 31 0.8 1 0.8 0.8
0.535245963768665 0.441134299824757 0.441134299824757 0.441134299824757 12 1 1 13.99 1.481 1.017 1.357 60000 31 0.401365979836904 1 0.8 0.8
0.531865426695842 0.452760932014044 0.452760932014044 0.452760932014044 14 1 1 28.129 2.062 2.151 1.917 60000 32 0.46 1 0.8 0.8
0.542353537915293 0.486710170300812 0.486710170300812 0.486710170300812 7 1 1 9.806 1.376 1.489 1.431 60000 34 0.2 1 0.8 0.8
0.545130716875517 0.490836653386454 0.490836653386454 0.490836653386454 7 1 1 14.292 2.066 2.033 2.07600000000001 60000 34 0.371705597550004 1 0.8 0.8
0.538465003152869 0.467380876239207 0.467380876239207 0.467380876239207 11 1 1 12.676 1.087 1.343 0.918999999999997 60000 33 0.46 0 0.8 0.8
0.538145539906103 0.466962446521946 0.466962446521946 0.466962446521946 10 1 1 10.717 1.413 1.1 1.022 60000 31 0.200896269771362 0 0.8 0.8
0.53449255597227 0.451921543613459 0.451921543613459 0.451921543613459 12 1 1 14.188 1.194 0.928000000000004 1.538 60000 31 0.46 1 0.8 0.8
0.533028052210283 0.450858778625954 0.450858778625954 0.450858778625954 13 1 1 12.941 0.986999999999995 1.185 0.879000000000005 60000 32 0.46 1 0.8 0.8
0.723736649131197 0.723736649131197 0.723736649131197 0.723736649131197 1 1 1 2.16 2.036 2.031 2.056 60000 31 0.8 1 0.8 0.8
0.534071126585427 0.451993620414673 0.451993620414673 0.451993620414673 12 1 1 12.034 1.179 0.870999999999995 0.905999999999999 60000 35 0.46 1 0.8 0.8
0.432200698634487 0.432200698634487 0.432200698634487 0.432200698634487 1 1 1 2.167 2.027 2.028 2.06 60000 31 0.46 1 0.8 0.8
0.432883240667196 0.432883240667196 0.432883240667196 0.432883240667196 1 1 1 2.087 1.957 1.951 1.982 60000 32 0.46 1 0.8 0.8
0.727620871230254 0.727620871230254 0.727620871230254 0.727620871230254 1 1 1 1.517 0.802 0.996000000000002 1.023 60000 32 0.8 0 0.8 0.8
0.437315737750948 0.445009535918627 0.445009535918627 0.445009535918627 2 1 1 4.81000000000001 2.26600000000001 2.59099999999999 2.42100000000001 60000 32 0.46 1 0.8 0.8
0.720019035532995 0.720019035532995 0.720019035532995 0.720019035532995 1 1 1 2.092 1.956 1.952 1.979 60000 31 0.8 1 0.8 0.8
0.539559219914381 0.467888446215139 0.467888446215139 0.467888446215139 8 1 1 16.25 2.07600000000001 2.05200000000001 2.142 60000 31 0.46 0 0.8 0.8
0.426023252110209 0.426023252110209 0.426023252110209 0.426023252110209 1 1 1 2.102 1.96599999999999 1.96100000000001 1.992 60000 31 0.46 0 0.8 0.8
0.727344992050874 0.727344992050874 0.727344992050874 0.727344992050874 1 1 1 1.037 0.960999999999999 1.385 0.951000000000001 60000 34 0.8 1 0.8 0.8
0.718769816106531 0.718769816106531 0.718769816106531 0.718769816106531 1 1 1 1.065 1.267 1.223 1.015 60000 32 0.8 1 0.8 0.8
0.722635830825281 0.722635830825281 0.722635830825281 0.722635830825281 1 1 1 1.497 1.226 1.463 1.37 60000 31 0.8 1 0.8 0.8
0.728616852146264 0.728616852146264 0.728616852146264 0.728616852146264 1 1 1 0.93 1.195 0.978999999999999 1.5 60000 30 0.8 0 0.8 0.8
0.540613718411552 0.468436953410717 0.468436953410717 0.468436953410717 9 1 1 9.497 0.900999999999996 0.919000000000004 1.254 60000 32 0.46 1 0.8 0.8
0.547125765976072 0.469169329073482 0.469169329073482 0.469169329073482 8 1 1 15.812 2.02199999999999 2.00399999999999 2.09800000000001 60000 34 0.358311976764027 1 0.8 0.8
0.540560150921492 0.471544715447154 0.471544715447154 0.471544715447154 9 1 1 18.218 2.08799999999999 2.14 1.93900000000001 60000 31 0.2 0 0.8 0.8
0.443298969072165 0.44140127388535 0.44140127388535 0.44140127388535 3 1 1 5.952 2.019 2.02 2.096 60000 35 0.46 1 0.8 0.8
0.417884371029225 0.417884371029225 0.417884371029225 0.417884371029225 1 1 1 2.141 2.017 2.004 2.03100000000001 60000 31 0.2 0 0.8 0.8
0.715475809035566 0.715475809035566 0.715475809035566 0.715475809035566 1 1 1 1.221 0.864999999999998 0.842000000000002 1.324 60000 33 0.8 0 0.8 0.8
0.534581425768476 0.453297141944755 0.453297141944755 0.453297141944755 11 1 1 22.307 1.97799999999999 1.97300000000001 1.99900000000001 60000 31 0.46 1 0.8 0.8
0.433882609287757 0.438227323449705 0.438227323449705 0.438227323449705 2 1 1 2.746 1.363 1.492 1.39299999999999 60000 30 0.344868845728668 0 0.8 0.8
0.539293926687407 0.463372000635627 0.463372000635627 0.463372000635627 10 1 1 20.311 2.187 1.96299999999999 1.97800000000001 60000 30 0.46 1 0.8 0.8
0.568816762530813 0.53859677161579 0.53859677161579 0.53859677161579 4 1 1 7.76 1.98500000000001 2.013 1.88100000000001 60000 36 0.2 0 0.8 0.8
0.548718863325605 0.478503184713376 0.478503184713376 0.478503184713376 7 1 1 13.774 1.976 1.96599999999999 1.986 60000 31 0.395831251940391 0 0.8 0.8
0.72550581487972 0.72550581487972 0.72550581487972 0.72550581487972 1 1 1 2.062 1.935 1.929 1.957 60000 31 0.8 1 0.8 0.8
0.682405487318552 0.682405487318552 0.682405487318552 0.682405487318552 1 1 1 2.115 1.983 1.981 1.997 60000 33 0.8 0 0.8 0.8
0.4361498496035 0.44034499281265 0.44034499281265 0.44034499281265 2 1 1 3.874 1.931 1.925 1.94 60000 30 0.46 0 0.8 0.8
0.728198599618078 0.728198599618078 0.728198599618078 0.728198599618078 1 1 1 2.012 1.91699999999999 1.908 1.86600000000001 60000 31 0.8 1 0.8 0.8
0.424785782291336 0.424785782291336 0.424785782291336 0.424785782291336 1 1 1 2.058 1.937 1.929 1.95999999999999 60000 32 0.46 1 0.8 0.8
0.729949077021006 0.729949077021006 0.729949077021006 0.729949077021006 1 1 1 2.09800000000001 1.97 1.964 1.991 60000 31 0.8 1 0.8 0.8
0.7226556280847 0.7226556280847 0.7226556280847 0.7226556280847 1 1 1 2.143 2.01 2.00700000000001 2.02 60000 30 0.8 1 0.8 0.8
0.705525391248802 0.705525391248802 0.705525391248802 0.705525391248802 1 1 1 2.057 1.913 1.837 1.85 60000 30 0.8 1 0.8 0.8
0.546225526122919 0.474976091807459 0.474976091807459 0.474976091807459 8 1 1 13.992 1.73099999999999 1.73299999999999 1.773 60000 30 0.46 1 0.8 0.8
0.540814572950679 0.468477052564713 0.468477052564713 0.468477052564713 9 1 1 17.552 1.878 1.79000000000001 1.68899999999999 60000 36 0.46 1 0.8 0.8
0.435810351854368 0.440152598950882 0.440152598950882 0.440152598950882 2 1 1 3.508 1.682 1.66 1.67 60000 30 0.46 1 0.8 0.8
0.726967370441459 0.726967370441459 0.726967370441459 0.726967370441459 1 1 1 1.869 1.723 1.7 1.705 60000 34 0.8 1 0.8 0.8
0.712943798758159 0.712943798758159 0.712943798758159 0.712943798758159 1 1 1 2.494 2.467 2.241 2.55200000000001 60000 31 0.8 1 0.8 0.8
0.726603743401056 0.726603743401056 0.726603743401056 0.726603743401056 1 1 1 2.53 2.174 2.466 2.14099999999999 60000 31 0.8 1 0.8 0.8
