0.724584103512015 0.724584103512015 0.724584103512015 0.724584103512015 1 1 1 0.366999999999999 0.338999999999999 0.326000000000001 0.327000000000002 60000 80 0.8 0 0.8 0.7
0.352697095435685 0.352697095435685 0.352697095435685 0.352697095435685 1 1 1 0.385 0.369 0.360000000000001 0.356 60000 70 0.2 0 0.8 0.7
0.772790374826469 0.772790374826469 0.772790374826469 0.772790374826469 1 1 1 0.407999999999999 0.380000000000001 0.366999999999999 0.369999999999999 60000 83 0.8 1 0.8 0.7
0.695772058823529 0.695772058823529 0.695772058823529 0.695772058823529 1 1 1 0.364000000000001 0.347 0.333 0.332000000000001 60000 71 0.8 1 0.8 0.7
0.768663594470046 0.768663594470046 0.768663594470046 0.768663594470046 1 1 1 0.460000000000001 0.538 0.294 0.298 60000 70 0.8 1 0.8 0.7
0.704576976421637 0.704576976421637 0.704576976421637 0.704576976421637 1 1 1 0.383000000000001 0.382 0.498999999999999 0.422000000000001 60000 73 0.8 1 0.8 0.7
0.782068965517241 0.782068965517241 0.782068965517241 0.782068965517241 1 1 1 0.399000000000001 0.388 0.57 0.334000000000001 60000 80 0.8 1 0.8 0.7
0.755289788408464 0.755289788408464 0.755289788408464 0.755289788408464 1 1 1 0.372 0.324 0.359 0.408999999999999 60000 76 0.8 1 0.8 0.7
0.785219399538106 0.785219399538106 0.785219399538106 0.785219399538106 1 1 1 0.379999999999999 0.374000000000001 0.419 0.535 60000 69 0.8 1 0.8 0.7
0.575683776695392 0.529755761953904 0.519761029411765 0.519761029411765 5 2 1 2.184 1.012 0.348000000000001 0.433999999999999 60000 70 0.2 0 0.8 0.7
0.763024435223605 0.763024435223605 0.763024435223605 0.763024435223605 1 1 1 0.532 0.448 0.347000000000001 0.311999999999999 60000 75 0.8 0 0.8 0.7
0.712839392544869 0.712839392544869 0.712839392544869 0.712839392544869 1 1 1 0.529 0.506 0.526 0.477 60000 71 0.8 1 0.8 0.7
0.398533007334963 0.398533007334963 0.406365313653137 0.406365313653137 2 2 1 0.619 0.634 0.298 0.298999999999999 60000 72 0.46 1 0.8 0.7
0.354319852941176 0.354319852941176 0.354319852941176 0.354319852941176 1 1 1 0.623999999999999 0.555 0.296999999999999 0.296999999999999 60000 79 0.220136877922243 0 0.8 0.7
0.778801843317972 0.778801843317972 0.778801843317972 0.778801843317972 1 1 1 0.661 0.518000000000001 0.486000000000001 0.482999999999999 60000 71 0.8 1 0.8 0.7
0.389930555555556 0.389930555555556 0.39485766758494 0.39485766758494 2 2 1 1.179 1.034 0.356 0.544 60000 73 0.432645840783098 0 0.8 0.7
0.585307585108501 0.546718972895863 0.538178472861086 0.538178472861086 5 2 1 2.557 0.716000000000001 0.524000000000001 0.5 60000 77 0.2 0 0.8 0.7
0.400984875131903 0.400984875131903 0.404225999081305 0.404225999081305 2 2 1 0.946999999999999 0.879 0.499000000000001 0.35 60000 74 0.46 1 0.8 0.7
0.410043768716886 0.426491477272727 0.435185185185185 0.435185185185185 4 2 1 1.238 0.612 0.302999999999999 0.311 60000 74 0.46 1 0.8 0.7
0.41502808988764 0.434210526315789 0.445362718089991 0.445362718089991 4 2 1 1.585 0.728 0.657 0.441000000000001 60000 77 0.46 0 0.8 0.7
0.701059419622294 0.701059419622294 0.701059419622294 0.701059419622294 1 1 1 0.343999999999999 0.484 0.600000000000001 0.365 60000 71 0.730503759403626 1 0.8 0.7
0.771719038817006 0.771719038817006 0.771719038817006 0.771719038817006 1 1 1 0.496 0.365 0.35 0.337 60000 76 0.8 1 0.8 0.7
0.405860010851872 0.417295813315031 0.429691101890272 0.429691101890272 3 2 1 1.613 0.738 0.6 0.363999999999999 60000 71 0.46 1 0.8 0.7
0.400277777777778 0.402162539239623 0.409216589861751 0.409216589861751 3 2 1 1.052 0.952999999999999 0.327999999999999 0.348000000000001 60000 72 0.46 0 0.8 0.7
0.785451197053407 0.785451197053407 0.785451197053407 0.785451197053407 1 1 1 0.625 0.375 0.361000000000001 0.521000000000001 60000 69 0.8 1 0.8 0.7
0.400070746374248 0.400070746374248 0.406091370558376 0.406091370558376 2 2 1 0.710000000000001 0.683 0.334 0.340000000000002 60000 74 0.46 0 0.8 0.7
0.773419473927088 0.773419473927088 0.773419473927088 0.773419473927088 1 1 1 0.33 0.385 0.319000000000001 0.291 60000 73 0.8 1 0.8 0.7
0.783071230342276 0.783071230342276 0.783071230342276 0.783071230342276 1 1 1 0.398 0.378 0.361000000000001 0.363999999999999 60000 72 0.8 0 0.8 0.7
0.777163904235727 0.777163904235727 0.777163904235727 0.777163904235727 1 1 1 0.388999999999999 0.363 0.633000000000001 0.498000000000001 60000 71 0.8 1 0.8 0.7
0.780961182994455 0.780961182994455 0.780961182994455 0.780961182994455 1 1 1 0.369 0.423999999999999 0.666 0.388999999999999 60000 73 0.8 1 0.8 0.7
0.565471940596887 0.492427041004802 0.485490557346845 0.485490557346845 8 2 1 3.053 0.763 0.346 0.296999999999999 60000 80 0.2 0 0.8 0.7
0.357307514983864 0.357307514983864 0.357307514983864 0.357307514983864 1 1 1 0.333 0.593 0.481999999999999 0.281000000000001 60000 72 0.2 0 0.8 0.7
0.405937846836848 0.410398613518198 0.410114942528736 0.410114942528736 3 2 1 0.875000000000001 0.574 0.295999999999999 0.277999999999999 60000 72 0.46 0 0.8 0.7
0.588740987243483 0.581009530533004 0.583371612310519 0.583371612310519 3 2 1 1.087 0.733000000000001 0.315 0.353 60000 74 0.466820340971406 1 0.8 0.7
0.392435808466343 0.392435808466343 0.398713826366559 0.398713826366559 2 2 1 1.043 1.111 0.308 0.324 60000 73 0.402866163648969 0 0.8 0.7
0.736623616236162 0.736623616236162 0.736623616236162 0.736623616236162 1 1 1 0.481999999999999 0.362 0.355 0.501000000000001 60000 71 0.8 0 0.8 0.7
0.644239631336405 0.644239631336405 0.644239631336405 0.644239631336405 1 1 1 0.561999999999999 0.370999999999999 0.339 0.339 60000 68 0.676140147388926 0 0.8 0.7
0.39769647696477 0.39769647696477 0.407185628742515 0.407185628742515 2 2 1 0.972000000000001 0.633999999999999 0.370000000000001 0.572000000000001 60000 69 0.46 0 0.8 0.7
0.78772496538994 0.78772496538994 0.78772496538994 0.78772496538994 1 1 1 0.699999999999999 0.443 0.350000000000001 0.530999999999999 60000 76 0.8 1 0.8 0.7
0.39901995099755 0.39901995099755 0.406451612903226 0.406451612903226 2 2 1 1.124 0.958 0.398999999999999 0.369 60000 75 0.46 1 0.8 0.7
0.551973871059358 0.428182437031995 0.420276497695853 0.420276497695853 15 2 1 7.054 0.858999999999998 0.364999999999998 0.507000000000001 60000 69 0.2 0 0.8 0.7
0.578014794426286 0.53447659878528 0.528952205882353 0.528952205882353 6 2 1 2.237 0.764000000000001 0.375 0.378 60000 76 0.2 0 0.8 0.7
0.617403314917127 0.617403314917127 0.617403314917127 0.617403314917127 1 1 1 0.388999999999999 0.364000000000001 0.346 0.352 60000 73 0.49742651704324 0 0.8 0.7
0.748736793752871 0.748736793752871 0.748736793752871 0.748736793752871 1 1 1 0.389999999999999 0.299000000000001 0.279999999999999 0.279 60000 71 0.8 1 0.8 0.7
0.778545119705341 0.778545119705341 0.778545119705341 0.778545119705341 1 1 1 0.336 0.337 0.328999999999999 0.293999999999999 60000 79 0.8 0 0.8 0.7
0.595503066091301 0.575304347826087 0.564797794117647 0.564797794117647 4 2 1 1.631 0.958 0.683999999999999 0.466999999999999 60000 72 0.2 1 0.8 0.7
0.756457564575646 0.756457564575646 0.756457564575646 0.756457564575646 1 1 1 0.692 0.475 0.299000000000001 0.292999999999999 60000 71 0.8 0 0.8 0.7
0.394424510074524 0.40495291245204 0.417399352151782 0.417399352151782 3 2 1 1.107 0.732999999999999 0.356999999999999 0.359999999999999 60000 73 0.46 1 0.8 0.7
0.408063801506424 0.423024054982818 0.43213296398892 0.43213296398892 4 2 1 1.603 0.818 0.294 0.347 60000 71 0.46 0 0.8 0.7
0.38688637143838 0.38688637143838 0.389169343735659 0.389169343735659 2 2 1 0.713000000000001 0.703999999999999 0.348999999999998 0.353000000000002 60000 71 0.46 0 0.8 0.7
0.781393217231897 0.781393217231897 0.781393217231897 0.781393217231897 1 1 1 0.343 0.308 0.35 0.436000000000002 60000 70 0.8 0 0.8 0.7
0.660681399631676 0.660681399631676 0.660681399631676 0.660681399631676 1 1 1 0.692 0.511999999999999 0.375 0.436999999999999 60000 76 0.606887312759742 0 0.8 0.7
0.342396313364055 0.342396313364055 0.342396313364055 0.342396313364055 1 1 1 0.457000000000001 0.384 0.456999999999999 0.489000000000001 60000 73 0.2 1 0.8 0.7
0.781767955801105 0.781767955801105 0.781767955801105 0.781767955801105 1 1 1 0.401999999999999 0.529 0.436 0.337000000000002 60000 76 0.8 1 0.8 0.7
0.76806258628624 0.76806258628624 0.76806258628624 0.76806258628624 1 1 1 0.697999999999999 0.491000000000001 0.533999999999999 0.328999999999999 60000 73 0.8 1 0.8 0.7
0.78196872125115 0.78196872125115 0.78196872125115 0.78196872125115 1 1 1 0.388 0.363999999999999 0.350000000000001 0.352 60000 70 0.8 1 0.8 0.7
0.774861878453039 0.774861878453039 0.774861878453039 0.774861878453039 1 1 1 0.436999999999999 0.388 0.458 0.49 60000 73 0.8 1 0.8 0.7
0.727647867950481 0.727647867950481 0.727647867950481 0.727647867950481 1 1 1 0.364000000000001 0.348000000000001 0.334 0.334999999999999 60000 68 0.8 1 0.8 0.7
0.404075152156655 0.410750507099391 0.419354838709677 0.419354838709677 3 2 1 1.083 0.713999999999999 0.350000000000001 0.351999999999999 60000 68 0.46 0 0.8 0.7
0.749655489205328 0.749655489205328 0.749655489205328 0.749655489205328 1 1 1 0.391 0.382000000000001 0.347 0.388 60000 73 0.8 1 0.8 0.7
0.784395198522622 0.784395198522622 0.784395198522622 0.784395198522622 1 1 1 0.537000000000001 0.435 0.664999999999999 0.404 60000 71 0.8 1 0.8 0.7
0.355862068965517 0.355862068965517 0.355862068965517 0.355862068965517 1 1 1 0.671000000000001 0.475 0.359 0.452 60000 71 0.2 0 0.8 0.7
0.402176326893182 0.418636519355944 0.426599171652094 0.426599171652094 4 2 1 1.681 0.81 0.492999999999999 0.485000000000001 60000 71 0.46 0 0.8 0.7
0.738270469181233 0.738270469181233 0.738270469181233 0.738270469181233 1 1 1 0.565999999999999 0.594999999999999 0.568 0.304 60000 69 0.8 1 0.8 0.7
0.392405063291139 0.392405063291139 0.395573997233748 0.395573997233748 2 2 1 0.891999999999999 0.894 0.504 0.676 60000 71 0.46 1 0.8 0.7
0.408957611303652 0.414261460101868 0.428505747126437 0.428505747126437 3 2 1 1.292 0.991999999999999 0.603 0.595000000000001 60000 69 0.46 1 0.8 0.7
0.369585253456221 0.369585253456221 0.369585253456221 0.369585253456221 1 1 1 0.407 0.378 0.360000000000001 0.359999999999999 60000 72 0.30933080479024 0 0.8 0.7
0.408714837286266 0.410763888888889 0.417011494252874 0.417011494252874 3 2 1 1.113 0.742000000000001 0.368 0.372 60000 73 0.46 0 0.8 0.7
0.338248847926267 0.338248847926267 0.338248847926267 0.338248847926267 1 1 1 0.609 0.438000000000001 0.541 0.375999999999999 60000 75 0.2 0 0.8 0.7
0.576405384006334 0.550089126559715 0.551867219917012 0.551867219917012 5 2 1 2.213 1.14 0.434000000000001 0.577 60000 76 0.238357559550195 0 0.8 0.7
0.550771410579345 0.427526132404181 0.422119815668203 0.422119815668203 14 2 1 5.728 0.943 0.513999999999999 0.391000000000002 60000 72 0.2 0 0.8 0.7
0.4048983845753 0.412295355830271 0.41804788213628 0.41804788213628 3 2 1 1.548 0.987 0.42 0.686 60000 67 0.46 0 0.8 0.7
0.398655818889282 0.398655818889282 0.398165137614679 0.398165137614679 2 2 1 0.729999999999999 0.709000000000001 0.347 0.350999999999999 60000 74 0.421999964898824 0 0.8 0.7
0.39883401920439 0.39883401920439 0.408964879852126 0.408964879852126 2 2 1 1.119 0.963000000000001 0.327999999999999 0.335000000000001 60000 70 0.46 1 0.8 0.7
0.768275862068965 0.768275862068965 0.768275862068965 0.768275862068965 1 1 1 0.391999999999999 0.617000000000001 0.472 0.327 60000 74 0.8 1 0.8 0.7
0.784891754951635 0.784891754951635 0.784891754951635 0.784891754951635 1 1 1 0.392999999999999 0.578000000000001 0.353 0.295 60000 77 0.8 1 0.8 0.7
0.404555314533623 0.412991452991453 0.420810313075506 0.420810313075506 3 2 1 1.057 0.942 0.285 0.337 60000 71 0.46 1 0.8 0.7
0.407317729351628 0.411744505494505 0.415787058283616 0.415787058283616 3 2 1 1.5 0.720999999999998 0.408000000000001 0.558 60000 70 0.46 1 0.8 0.7
0.405990906659535 0.415061898211829 0.427255985267035 0.427255985267035 3 2 1 1.241 0.717000000000001 0.539 0.422000000000001 60000 70 0.46 0 0.8 0.7
0.551698725035006 0.411499826809837 0.414364640883978 0.414364640883978 15 2 1 6.492 0.733999999999998 0.488 0.509 60000 72 0.2 0 0.8 0.7
0.796500920810313 0.796500920810313 0.796500920810313 0.796500920810313 1 1 1 0.527000000000001 0.516 0.592000000000001 0.349 60000 82 0.8 1 0.8 0.7
0.713103448275862 0.713103448275862 0.713103448275862 0.713103448275862 1 1 1 0.598000000000001 0.412000000000001 0.616 0.479000000000001 60000 68 0.8 0 0.8 0.7
0.398243045387994 0.403431909456006 0.408944213923467 0.408944213923467 3 2 1 1.319 1.144 0.491000000000001 0.529999999999999 60000 79 0.46 1 0.8 0.7
0.386973180076628 0.386973180076628 0.399630826026765 0.399630826026765 2 2 1 0.971 0.628 0.307 0.307 60000 73 0.46 1 0.8 0.7
0.770401106500692 0.770401106500692 0.770401106500692 0.770401106500692 1 1 1 0.606 0.523999999999999 0.632 0.473000000000001 60000 70 0.8 1 0.8 0.7
0.785747126436782 0.785747126436782 0.785747126436782 0.785747126436782 1 1 1 0.396000000000001 0.375999999999999 0.359999999999999 0.361000000000001 60000 68 0.8 1 0.8 0.7
0.546558220202141 0.410452961672474 0.412793373216751 0.412793373216751 19 2 1 8.247 0.687999999999999 0.529 0.423000000000002 60000 73 0.397768580273478 0 0.8 0.7
0.383761276891048 0.383761276891048 0.390445567294442 0.390445567294442 2 2 1 0.714 0.677999999999999 0.331 0.343999999999999 60000 72 0.257803489978199 0 0.8 0.7
0.774977085242896 0.774977085242896 0.774977085242896 0.774977085242896 1 1 1 0.503 0.669 0.5 0.456 60000 73 0.8 1 0.8 0.7
0.393025186825353 0.407098121085595 0.418081688848095 0.418081688848095 3 2 1 1.11 0.962999999999999 0.414999999999999 0.567 60000 72 0.46 1 0.8 0.7
0.588301972341873 0.559986009094089 0.544198895027624 0.544198895027624 4 2 1 1.677 0.693 0.314 0.543000000000001 60000 72 0.2 0 0.8 0.7
0.408528198074278 0.413900414937759 0.427652733118971 0.427652733118971 3 2 1 1.11 0.74 0.375 0.367000000000001 60000 73 0.46 0 0.8 0.7
0.39599521817095 0.407643312101911 0.417820867959372 0.417820867959372 3 2 1 1.557 0.939 0.346 0.377000000000001 60000 82 0.46 0 0.8 0.7
0.41847075080608 0.420289855072464 0.424354243542435 0.424354243542435 4 2 1 1.954 0.988999999999999 0.374000000000001 0.388999999999999 60000 74 0.46 0 0.8 0.7
0.698661744347024 0.698661744347024 0.698661744347024 0.698661744347024 1 1 1 0.383000000000001 0.298999999999999 0.339 0.621 60000 71 0.789189435747513 1 0.8 0.7
0.550027380114214 0.403292181069959 0.402483900643974 0.402483900643974 16 2 1 7.584 0.739999999999998 0.562000000000001 0.360999999999997 60000 82 0.2 1 0.8 0.7
0.783547794117647 0.783547794117647 0.783547794117647 0.783547794117647 1 1 1 0.598000000000001 0.391 0.366 0.352 60000 71 0.8 1 0.8 0.7
0.764624596959926 0.764624596959926 0.764624596959926 0.764624596959926 1 1 1 0.363000000000001 0.368 0.507999999999999 0.443000000000001 60000 72 0.8 1 0.8 0.7
0.400971210544572 0.400971210544572 0.396504139834407 0.396504139834407 2 2 1 0.782 0.799999999999999 0.521000000000001 0.346 60000 72 0.2 1 0.8 0.7
0.774401473296501 0.774401473296501 0.774401473296501 0.774401473296501 1 1 1 0.363999999999999 0.343 0.333 0.352 60000 74 0.8 0 0.8 0.7
0.775115207373272 0.775115207373272 0.775115207373272 0.775115207373272 1 1 1 0.343 0.379000000000001 0.653 0.433 60000 78 0.8 1 0.8 0.7
0.760387811634349 0.760387811634349 0.760387811634349 0.760387811634349 1 1 1 0.530000000000001 0.335999999999999 0.370999999999999 0.525 60000 69 0.8 1 0.8 0.7
0.769903359410953 0.769903359410953 0.769903359410953 0.769903359410953 1 1 1 0.489000000000001 0.553000000000001 0.334999999999999 0.362 60000 73 0.8 1 0.8 0.7
0.769866789159394 0.769866789159394 0.769866789159394 0.769866789159394 1 1 1 0.610000000000001 0.365 0.356 0.356999999999999 60000 75 0.8 1 0.8 0.7
0.773333333333333 0.773333333333333 0.773333333333333 0.773333333333333 1 1 1 0.392999999999999 0.359 0.353 0.346 60000 71 0.8 1 0.8 0.7
0.764732965009208 0.764732965009208 0.764732965009208 0.764732965009208 1 1 1 0.849 0.797000000000001 0.778000000000002 0.770999999999997 60000 75 0.8 0 0.8 0.7
0.411230388109001 0.420041899441341 0.424423963133641 0.424423963133641 3 2 1 1.413 0.742999999999999 0.369000000000002 0.347 60000 73 0.46 0 0.8 0.7
0.794577205882353 0.794577205882353 0.794577205882353 0.794577205882353 1 1 1 0.366999999999999 0.367000000000001 0.409000000000001 0.562999999999999 60000 72 0.8 1 0.8 0.7
0.62177058215639 0.62177058215639 0.611059907834101 0.611059907834101 2 2 1 1.585 1.552 0.785 0.782 60000 71 0.473150513969627 0 0.8 0.7
0.38768898488121 0.38768898488121 0.394301470588235 0.394301470588235 2 2 1 1.026 1.032 0.514000000000001 0.548 60000 76 0.46 0 0.8 0.7
0.758317929759704 0.758317929759704 0.758317929759704 0.758317929759704 1 1 1 0.376999999999999 0.355 0.343999999999999 0.347000000000001 60000 74 0.8 1 0.8 0.7
0.557973478408704 0.443981963232744 0.436749769159741 0.436749769159741 13 2 1 10.173 1.51 0.744 0.741 60000 73 0.2 0 0.8 0.7
0.396842979783993 0.40341106856944 0.416435826408126 0.416435826408126 3 2 1 2.377 1.602 0.780999999999999 0.777999999999999 60000 73 0.46 0 0.8 0.7
0.653314917127072 0.653314917127072 0.653314917127072 0.653314917127072 1 1 1 0.387 0.366 0.351000000000001 0.347999999999999 60000 71 0.705535594465385 0 0.8 0.7
0.547999379652605 0.40877914951989 0.401012891344383 0.401012891344383 14 2 1 11.302 1.561 0.759 0.774000000000001 60000 70 0.2 0 0.8 0.7
0.769797421731123 0.769797421731123 0.769797421731123 0.769797421731123 1 1 1 0.832000000000001 0.794999999999998 0.759 0.760000000000002 60000 68 0.8 1 0.8 0.7
0.402650081124932 0.410714285714286 0.414859252422704 0.414859252422704 3 2 1 1.231 0.975999999999999 0.520999999999999 0.564 60000 71 0.46 1 0.8 0.7
0.409598214285714 0.406162464985994 0.406350667280258 0.406350667280258 3 2 1 2.841 1.981 0.751000000000001 1.108 60000 74 0.380000769057053 1 0.8 0.7
0.784530386740331 0.784530386740331 0.784530386740331 0.784530386740331 1 1 1 0.890000000000001 0.871000000000002 0.794 0.77 60000 70 0.8 1 0.8 0.7
0.767142199723884 0.767142199723884 0.767142199723884 0.767142199723884 1 1 1 0.355 0.34 0.354000000000001 0.353 60000 77 0.8 1 0.8 0.7
0.390186125211506 0.390186125211506 0.395027624309392 0.395027624309392 2 2 1 1.563 1.53 0.783999999999999 0.763000000000002 60000 69 0.410423257538624 0 0.8 0.7
0.361623616236162 0.361623616236162 0.361623616236162 0.361623616236162 1 1 1 0.351000000000001 0.382 0.405000000000001 0.527999999999999 60000 81 0.2 0 0.8 0.7
0.384803921568627 0.384803921568627 0.395316804407713 0.395316804407713 2 2 1 1.557 1.523 0.77 0.765999999999998 60000 72 0.46 1 0.8 0.7
0.570473005255614 0.501235439463466 0.497927222478121 0.497927222478121 9 2 1 2.997 0.705 0.391999999999999 0.32 60000 74 0.2 1 0.8 0.7
0.382636655948553 0.382636655948553 0.382636655948553 0.382636655948553 1 1 1 0.373999999999999 0.350999999999999 0.346 0.347000000000001 60000 78 0.46 1 0.8 0.7
0.389395474501857 0.389395474501857 0.399260628465804 0.399260628465804 2 2 1 1.164 1.033 0.446 0.589 60000 69 0.46 0 0.8 0.7
0.382342210871945 0.382342210871945 0.391785879095524 0.391785879095524 2 2 1 0.898999999999999 0.779999999999999 0.356999999999999 0.360000000000001 60000 79 0.377171952155847 0 0.8 0.7
0.411578691315982 0.430202578268877 0.43632183908046 0.43632183908046 4 2 1 1.257 0.653 0.337999999999999 0.337 60000 80 0.46 1 0.8 0.7
0.774758175955781 0.774758175955781 0.774758175955781 0.774758175955781 1 1 1 0.488 0.569000000000001 0.474 0.673999999999999 60000 73 0.8 1 0.8 0.7
0.405624661979448 0.407840440165062 0.41555453290382 0.41555453290382 3 2 1 2.371 1.555 0.774999999999999 0.771999999999998 60000 71 0.46 0 0.8 0.7
0.382596685082873 0.382596685082873 0.382596685082873 0.382596685082873 1 1 1 0.515000000000001 0.366 0.337 0.273999999999999 60000 72 0.330655482098182 0 0.8 0.7
0.402582818641213 0.411267605633803 0.4149377593361 0.4149377593361 3 2 1 1.17 0.722000000000001 0.343999999999999 0.573 60000 74 0.46 1 0.8 0.7
0.386070110701107 0.386070110701107 0.386070110701107 0.386070110701107 1 1 1 0.335000000000001 0.517999999999999 0.578000000000001 0.33 60000 70 0.2 0 0.8 0.7
0.561893037888114 0.482595471443055 0.468202764976959 0.468202764976959 7 2 1 3.301 1.023 0.444000000000001 0.375999999999999 60000 68 0.2 0 0.8 0.7
0.776448942042318 0.776448942042318 0.776448942042318 0.776448942042318 1 1 1 0.319000000000001 0.286 0.279 0.276 60000 74 0.8 1 0.8 0.7
0.391394148020654 0.391394148020654 0.398152424942263 0.398152424942263 2 2 1 1.112 1.106 0.542 0.429 60000 71 0.46 0 0.8 0.7
0.777573529411765 0.777573529411765 0.777573529411765 0.777573529411765 1 1 1 0.701000000000001 0.494 0.536 0.457000000000001 60000 73 0.8 0 0.8 0.7
0.795590261828204 0.795590261828204 0.795590261828204 0.795590261828204 1 1 1 0.615 0.448 0.552000000000001 0.478 60000 74 0.8 1 0.8 0.7
0.77618827872635 0.77618827872635 0.77618827872635 0.77618827872635 1 1 1 0.408999999999999 0.386000000000001 0.369 0.366 60000 70 0.8 1 0.8 0.7
0.759815242494226 0.759815242494226 0.759815242494226 0.759815242494226 1 1 1 0.397 0.362 0.353 0.355 60000 74 0.8 1 0.8 0.7
0.597611774507081 0.581048247136411 0.576692768309535 0.576692768309535 3 2 1 1.363 0.677999999999999 0.35 0.363 60000 72 0.2 0 0.8 0.7
0.399883415913728 0.406159420289855 0.421004145555044 0.421004145555044 3 2 1 0.827999999999999 0.551 0.273 0.276999999999999 60000 78 0.46 1 0.8 0.7
0.409017713365539 0.425704225352113 0.440257352941176 0.440257352941176 4 2 1 3.423 1.748 1.063 0.771999999999998 60000 74 0.46 0 0.8 0.7
0.687643546164446 0.687643546164446 0.687643546164446 0.687643546164446 1 1 1 0.373999999999999 0.327 0.586 0.573 60000 70 0.8 1 0.8 0.7
0.76735632183908 0.76735632183908 0.76735632183908 0.76735632183908 1 1 1 0.443999999999999 0.558999999999999 0.335000000000001 0.336 60000 80 0.8 1 0.8 0.7
0.788647900323027 0.788647900323027 0.788647900323027 0.788647900323027 1 1 1 0.357 0.352 0.321 0.321 60000 74 0.8 0 0.8 0.7
0.622988505747126 0.622988505747126 0.622988505747126 0.622988505747126 1 1 1 0.540999999999999 0.471 0.317 0.315000000000001 60000 75 0.349047272595003 1 0.8 0.7
0.377880184331797 0.377880184331797 0.377880184331797 0.377880184331797 1 1 1 0.395 0.295999999999999 0.352 0.385999999999999 60000 76 0.4046702128071 0 0.8 0.7
0.390489413398126 0.390489413398126 0.394036697247706 0.394036697247706 2 2 1 1.596 1.568 0.794 0.790999999999997 60000 72 0.46 0 0.8 0.7
0.3382420616659 0.3382420616659 0.3382420616659 0.3382420616659 1 1 1 0.359 0.348000000000001 0.33 0.335000000000001 60000 72 0.2 0 0.8 0.7
0.39756446991404 0.39756446991404 0.398433901427913 0.398433901427913 2 2 1 1.603 1.576 0.797000000000001 0.789000000000001 60000 77 0.2 0 0.8 0.7
0.405945945945946 0.410781303309451 0.418669131238447 0.418669131238447 3 2 1 1.356 0.866999999999999 0.35 0.5 60000 71 0.46 0 0.8 0.7
0.408693115519253 0.413154069767442 0.420689655172414 0.420689655172414 3 2 1 2.377 1.606 0.783999999999999 0.782 60000 79 0.46 0 0.8 0.7
0.783187873220028 0.783187873220028 0.783187873220028 0.783187873220028 1 1 1 0.637 0.364000000000001 0.302 0.341999999999999 60000 75 0.8 0 0.8 0.7
0.558342041100662 0.442634080108622 0.439575645756458 0.439575645756458 12 2 1 4.846 0.673 0.343 0.337 60000 69 0.2 0 0.8 0.7
0.40261911395932 0.401688357368976 0.4097605893186 0.4097605893186 3 2 1 2.28 1.539 0.759 0.749000000000002 60000 74 0.401879177909248 0 0.8 0.7
0.407534246575342 0.414788732394366 0.432980193459235 0.432980193459235 3 2 1 1.739 0.794 0.286 0.358000000000001 60000 75 0.46 1 0.8 0.7
0.545428344981627 0.413828689370485 0.401388888888889 0.401388888888889 15 2 1 5.982 1.059 0.487000000000002 0.346999999999998 60000 70 0.2 0 0.8 0.7
0.416921269095182 0.418754473872584 0.439170506912442 0.439170506912442 4 2 1 3.111 1.598 0.769000000000002 0.768000000000001 60000 76 0.46 1 0.8 0.7
0.391226177633945 0.391226177633945 0.401294498381877 0.401294498381877 2 2 1 1.543 1.515 0.765000000000001 0.753999999999998 60000 76 0.46 1 0.8 0.7
0.656998158379374 0.656998158379374 0.656998158379374 0.656998158379374 1 1 1 0.815999999999999 0.774000000000001 0.742000000000001 0.736999999999998 60000 73 0.619650310626119 0 0.8 0.7
0.786537574919318 0.786537574919318 0.786537574919318 0.786537574919318 1 1 1 0.677000000000001 0.512 0.344999999999999 0.56 60000 74 0.8 1 0.8 0.7
0.413753971856559 0.425087108013937 0.429097605893186 0.429097605893186 4 2 1 1.893 0.917999999999999 0.321999999999999 0.286000000000001 60000 72 0.46 0 0.8 0.7
0.561057739922749 0.445879888268156 0.439170506912442 0.439170506912442 11 2 1 4.916 1.037 0.361000000000001 0.352999999999998 60000 73 0.2 0 0.8 0.7
0.417337318923891 0.416166607836216 0.428834638415477 0.428834638415477 4 2 1 3.033 1.562 0.754999999999999 0.759 60000 75 0.46 1 0.8 0.7
0.767602393005062 0.767602393005062 0.767602393005062 0.767602393005062 1 1 1 0.635000000000002 0.539999999999999 0.48 0.35 60000 75 0.8 1 0.8 0.7
0.385864051403449 0.385864051403449 0.403961308152925 0.403961308152925 2 2 1 1.112 0.75 0.279 0.343 60000 68 0.336420919337222 0 0.8 0.7
0.776551724137931 0.776551724137931 0.776551724137931 0.776551724137931 1 1 1 0.845000000000002 0.797000000000001 0.762 0.760999999999999 60000 73 0.8 1 0.8 0.7
0.348611111111111 0.348611111111111 0.348611111111111 0.348611111111111 1 1 1 0.589 0.561 0.471 0.504000000000001 60000 69 0.2 0 0.8 0.7
0.409516172146485 0.404941660947152 0.407798165137615 0.407798165137615 3 2 1 1.289 0.637 0.343 0.332000000000001 60000 70 0.31740336297764 0 0.8 0.7
0.77772664519098 0.77772664519098 0.77772664519098 0.77772664519098 1 1 1 0.507 0.667 0.457000000000001 0.302999999999999 60000 69 0.8 1 0.8 0.7
0.401940401940402 0.401940401940402 0.411520737327189 0.411520737327189 2 2 1 0.641 0.962999999999999 0.283000000000001 0.342000000000001 60000 73 0.46 1 0.8 0.7
0.410968028419183 0.421703296703297 0.422651933701657 0.422651933701657 4 2 1 3.048 1.56 0.752000000000002 0.757999999999999 60000 71 0.46 1 0.8 0.7
0.411886186324002 0.431058990760483 0.433806688043976 0.433806688043976 4 2 1 0.938999999999999 0.467000000000001 0.234999999999999 0.244999999999999 60000 74 0.46 1 0.8 0.7
0.39424703891709 0.39424703891709 0.400919540229885 0.400919540229885 2 2 1 1.589 1.557 0.783999999999999 0.777000000000001 60000 69 0.46 0 0.8 0.7
0.640423572744015 0.640423572744015 0.640423572744015 0.640423572744015 1 1 1 0.837 0.792999999999999 0.763999999999999 0.760000000000002 60000 73 0.411584757509615 0 0.8 0.7
0.418138424821002 0.428519593613933 0.441636029411765 0.441636029411765 4 2 1 2.191 0.616999999999999 0.360000000000001 0.587 60000 79 0.46 0 0.8 0.7
0.56913730255164 0.479856115107914 0.473345588235294 0.473345588235294 9 2 1 6.827 1.564 0.815999999999999 0.707000000000001 60000 76 0.2 0 0.8 0.7
0.792452830188679 0.792452830188679 0.792452830188679 0.792452830188679 1 1 1 0.452 0.545 0.293000000000001 0.299999999999999 60000 77 0.8 1 0.8 0.7
0.40231150247661 0.402860132542728 0.412713035467526 0.412713035467526 3 2 1 1.565 1.036 0.617999999999999 0.551 60000 73 0.46 1 0.8 0.7
0.374942634235888 0.374942634235888 0.374942634235888 0.374942634235888 1 1 1 0.809999999999999 0.766999999999999 0.734999999999999 0.73 60000 70 0.237078987903924 0 0.8 0.7
0.77670349907919 0.77670349907919 0.77670349907919 0.77670349907919 1 1 1 0.509 0.298 0.285 0.383000000000001 60000 75 0.8 1 0.8 0.7
0.388622344071282 0.388622344071282 0.395402298850575 0.395402298850575 2 2 1 0.710000000000001 1.123 0.554 0.33 60000 71 0.46 0 0.8 0.7
0.784891754951635 0.784891754951635 0.784891754951635 0.784891754951635 1 1 1 0.488 0.295 0.371 0.557 60000 75 0.8 1 0.8 0.7
0.397274913171253 0.410982264665757 0.419532324621733 0.419532324621733 3 2 1 2.277 1.517 0.762 0.747 60000 70 0.46 1 0.8 0.7
0.416814159292035 0.429256594724221 0.442705936493327 0.442705936493327 4 2 1 3.05 1.58 0.758000000000003 0.760999999999999 60000 71 0.46 0 0.8 0.7
0.765301426599172 0.765301426599172 0.765301426599172 0.765301426599172 1 1 1 0.805 0.757999999999999 0.73 0.734000000000002 60000 70 0.8 1 0.8 0.7
0.397504456327986 0.397504456327986 0.404696132596685 0.404696132596685 2 2 1 1.107 1.012 0.545999999999999 0.504 60000 77 0.215213215478787 0 0.8 0.7
0.564410954934068 0.517730496453901 0.519444444444444 0.519444444444444 8 2 1 3.198 0.651 0.295 0.364000000000001 60000 83 0.2 0 0.8 0.7
0.771006463527239 0.771006463527239 0.771006463527239 0.771006463527239 1 1 1 0.802999999999997 0.757000000000001 0.719000000000001 0.724 60000 75 0.8 1 0.8 0.7
0.788719371243643 0.788719371243643 0.788719371243643 0.788719371243643 1 1 1 0.800000000000001 0.751000000000001 0.725999999999999 0.731999999999999 60000 78 0.8 0 0.8 0.7
0.784629544408652 0.784629544408652 0.784629544408652 0.784629544408652 1 1 1 0.798000000000002 0.755000000000003 0.725999999999999 0.722999999999999 60000 76 0.8 0 0.8 0.7
0.717641639797328 0.717641639797328 0.717641639797328 0.717641639797328 1 1 1 0.799999999999997 0.751000000000001 0.725000000000001 0.73 60000 69 0.8 0 0.8 0.7
0.396881644223955 0.396881644223955 0.403330249768733 0.403330249768733 2 2 1 1.548 1.516 0.762 0.753 60000 75 0.46 0 0.8 0.7
0.551360190277984 0.414141414141414 0.412413793103448 0.412413793103448 14 2 1 10.842 1.51 0.738999999999997 0.758000000000003 60000 68 0.2 1 0.8 0.7
0.567370537958773 0.488570453770044 0.47842056932966 0.47842056932966 8 2 1 6.028 1.542 0.760999999999999 0.809000000000001 60000 70 0.2 0 0.8 0.7
0.395530726256983 0.405367231638418 0.416666666666667 0.416666666666667 3 2 1 2.207 1.464 0.736999999999998 0.705000000000002 60000 74 0.46 0 0.8 0.7
0.771073238139106 0.771073238139106 0.771073238139106 0.771073238139106 1 1 1 0.837 0.776999999999997 0.742000000000001 0.736999999999998 60000 70 0.8 1 0.8 0.7
0.763670064874884 0.763670064874884 0.763670064874884 0.763670064874884 1 1 1 1.077 1.022 0.767999999999997 0.794 60000 72 0.8 1 0.8 0.7
0.726058931860037 0.726058931860037 0.726058931860037 0.726058931860037 1 1 1 0.794999999999998 1.033 0.919 0.890000000000001 60000 71 0.8 1 0.8 0.7
