0.794952681388013 0.794952681388013 0.871428571428571 0.892857142857143 21 21 4 0.364 0.335 0.016 0.0149999999999999 60000 4147 0.8 1 0.8 0.3
0.78021978021978 0.78021978021978 0.680555555555556 0.75 24 24 4 0.417 0.391 0.016 0.0230000000000001 60000 4092 0.8 1 0.8 0.3
0.210982658959538 0.210982658959538 0.194444444444444 0.214285714285714 23 23 4 0.426 0.397 0.016 0.016 60000 4125 0.2 0 0.8 0.3
0.376432078559738 0.391351351351351 0.506849315068493 0.428571428571429 124 62 4 3.965 2.128 0.024 0.0169999999999995 60000 4088 0.362761689022921 1 0.8 0.3
0.383872525350072 0.413304252998909 0.577464788732394 0.607142857142857 141 62 4 2.354 0.996 0.0150000000000006 0.016 60000 4112 0.46 1 0.8 0.3
0.590279823269514 0.556161395856052 0.458333333333333 0.428571428571429 228 61 4 6.007 1.695 0.0190000000000001 0.0169999999999995 60000 4046 0.539411353813619 0 0.8 0.3
0.794478527607362 0.794478527607362 0.8 0.821428571428571 22 22 4 0.518 0.469 0.0289999999999999 0.036 60000 4207 0.8 1 0.8 0.3
0.848484848484849 0.848484848484849 0.875 0.928571428571429 15 15 4 0.31 0.805 0.0449999999999999 0.0209999999999999 60000 4113 0.8 1 0.8 0.3
0.787610619469027 0.787610619469027 0.753424657534247 0.714285714285714 22 22 4 0.769 0.632 0.0410000000000004 0.0249999999999999 60000 4066 0.8 1 0.8 0.3
0.177358490566038 0.177358490566038 0.142857142857143 0.178571428571429 18 18 4 0.466 0.318 0.016 0.016 60000 4240 0.2 0 0.8 0.3
0.269662921348315 0.269662921348315 0.28169014084507 0.178571428571429 36 36 4 1.326 0.612 0.016 0.016 60000 4149 0.2 1 0.8 0.3
0.808219178082192 0.808219178082192 0.861111111111111 0.75 19 19 4 0.352 0.337 0.0189999999999999 0.024 60000 4098 0.8 0 0.8 0.3
0.844262295081967 0.844262295081967 0.845070422535211 0.892857142857143 16 16 4 0.33 0.274 0.016 0.02 60000 4157 0.8 0 0.8 0.3
0.399486426999266 0.438311688311688 0.492957746478873 0.5 188 63 4 4.294 1.1 0.016 0.016 60000 4155 0.46 0 0.8 0.3
0.807560137457045 0.807560137457045 0.835616438356164 0.821428571428571 19 19 4 0.365 0.332 0.0150000000000001 0.0150000000000001 60000 4064 0.8 1 0.8 0.3
0.39058524173028 0.415754923413567 0.36986301369863 0.285714285714286 161 62 4 3.95 1.697 0.0199999999999996 0.016 60000 4118 0.46 1 0.8 0.3
0.317241379310345 0.317241379310345 0.185714285714286 0.214285714285714 59 59 4 1.394 1.918 0.0170000000000003 0.016 60000 4139 0.283725952669619 0 0.8 0.3
0.807308970099668 0.807308970099668 0.802816901408451 0.75 20 20 4 0.718 0.35 0.0150000000000001 0.016 60000 4160 0.8 0 0.8 0.3
0.389160373167481 0.429039301310044 0.557142857142857 0.5 156 63 4 3.797 1.716 0.016 0.0170000000000003 60000 4180 0.46 0 0.8 0.3
0.797427652733119 0.797427652733119 0.771428571428571 0.785714285714286 21 21 4 0.357 0.33 0.014 0.014 60000 4210 0.8 0 0.8 0.3
0.267441860465116 0.267441860465116 0.222222222222222 0.142857142857143 34 34 4 0.961 0.601 0.0169999999999999 0.016 60000 4049 0.2 0 0.8 0.3
0.409211691762622 0.425462459194777 0.383561643835616 0.357142857142857 227 61 4 4.908 1.048 0.0170000000000003 0.0189999999999992 60000 4037 0.46 0 0.8 0.3
0.819112627986348 0.819112627986348 0.808219178082192 0.678571428571429 19 19 4 0.497 0.36 0.0510000000000002 0.0179999999999998 60000 4083 0.8 1 0.8 0.3
0.795031055900621 0.795031055900621 0.847222222222222 0.857142857142857 21 21 4 0.867 0.557 0.016 0.016 60000 4085 0.8 1 0.8 0.3
0.824372759856631 0.824372759856631 0.763888888888889 0.714285714285714 18 18 4 0.731 0.592 0.0580000000000003 0.02 60000 4081 0.8 0 0.8 0.3
0.378609625668449 0.397616468039003 0.434782608695652 0.5 133 65 4 3.149 1.79 0.0199999999999996 0.0180000000000007 60000 4292 0.46 1 0.8 0.3
0.387362637362637 0.419284940411701 0.416666666666667 0.392857142857143 150 63 4 2.924 1.713 0.016 0.0170000000000003 60000 4153 0.46 0 0.8 0.3
0.803858520900322 0.803858520900322 0.842857142857143 0.785714285714286 21 21 4 0.395 0.363 0.016 0.016 60000 4259 0.8 1 0.8 0.3
0.838174273858921 0.838174273858921 0.814285714285714 0.892857142857143 16 16 4 0.324 0.305 0.0159999999999998 0.02 60000 4204 0.8 1 0.8 0.3
0.24113475177305 0.24113475177305 0.194444444444444 0.142857142857143 28 28 4 0.509 0.498 0.0169999999999999 0.016 60000 4109 0.2 0 0.8 0.3
0.796178343949045 0.796178343949045 0.788732394366197 0.857142857142857 21 21 4 0.39 0.356 0.0159999999999998 0.016 60000 4199 0.8 1 0.8 0.3
0.39798582618426 0.378787878787879 0.416666666666667 0.464285714285714 182 62 4 2.864 0.989 0.016 0.0149999999999997 60000 4096 0.46 1 0.8 0.3
0.31591737545565 0.31591737545565 0.314285714285714 0.321428571428571 56 56 4 1.011 0.966 0.02 0.016 60000 4144 0.304114044431984 1 0.8 0.3
0.385973060845332 0.420131291028446 0.486111111111111 0.464285714285714 145 61 4 3.541 1.406 0.0190000000000001 0.016 60000 4069 0.46 0 0.8 0.3
0.804713804713805 0.804713804713805 0.780821917808219 0.821428571428571 19 19 4 0.643 0.567 0.0499999999999998 0.0220000000000002 60000 4005 0.8 1 0.8 0.3
0.793313069908815 0.793313069908815 0.71830985915493 0.678571428571429 22 22 4 0.543 0.754 0.016 0.016 60000 4174 0.8 1 0.8 0.3
0.826086956521739 0.826086956521739 0.845070422535211 0.821428571428571 18 18 4 0.337 0.311 0.016 0.0150000000000001 60000 4141 0.8 0 0.8 0.3
0.84453781512605 0.84453781512605 0.805555555555556 0.75 15 15 4 0.305 0.251 0.016 0.0149999999999999 60000 4051 0.8 1 0.8 0.3
0.809688581314879 0.809688581314879 0.808219178082192 0.714285714285714 19 19 4 0.372 0.313 0.0149999999999999 0.0150000000000001 60000 4147 0.8 1 0.8 0.3
0.244131455399061 0.244131455399061 0.291666666666667 0.285714285714286 28 28 4 0.533 0.867 0.02 0.0390000000000001 60000 4080 0.2 0 0.8 0.3
0.770573566084788 0.770573566084788 0.742857142857143 0.75 27 27 4 0.447 0.421 0.0149999999999999 0.0150000000000001 60000 4156 0.8 0 0.8 0.3
0.796875 0.796875 0.819444444444444 0.821428571428571 21 21 4 0.389 0.352 0.016 0.0170000000000001 60000 4097 0.8 1 0.8 0.3
0.325806451612903 0.330415754923414 0.26027397260274 0.178571428571429 62 61 4 1.106 1.682 0.016 0.016 60000 4066 0.2 0 0.8 0.3
0.819112627986348 0.819112627986348 0.849315068493151 0.857142857142857 19 19 4 0.373 0.341 0.0169999999999999 0.016 60000 4048 0.8 1 0.8 0.3
0.392504118616145 0.438864628820961 0.506849315068493 0.535714285714286 168 63 4 2.616 0.934 0.0139999999999993 0.016 60000 4177 0.46 0 0.8 0.3
0.757647058823529 0.757647058823529 0.814285714285714 0.821428571428571 29 29 4 0.53 0.635 0.048 0.0179999999999998 60000 4229 0.8 0 0.8 0.3
0.388739946380697 0.422826086956522 0.356164383561644 0.321428571428571 152 62 4 3.283 1.078 0.0169999999999995 0.0190000000000001 60000 4101 0.46 0 0.8 0.3
0.80327868852459 0.80327868852459 0.847222222222222 0.785714285714286 20 20 4 0.505 0.632 0.0149999999999997 0.0150000000000001 60000 4104 0.8 1 0.8 0.3
0.848484848484849 0.848484848484849 0.816901408450704 0.857142857142857 15 15 4 0.485 0.44 0.016 0.016 60000 4140 0.8 1 0.8 0.3
0.818181818181818 0.818181818181818 0.816901408450704 0.857142857142857 19 19 4 0.418 0.334 0.016 0.016 60000 4145 0.8 1 0.8 0.3
0.790368271954674 0.790368271954674 0.797297297297297 0.821428571428571 23 23 4 0.433 0.396 0.016 0.016 60000 4046 0.8 1 0.8 0.3
0.779255319148936 0.779255319148936 0.816901408450704 0.714285714285714 25 25 4 0.554 0.425 0.016 0.0190000000000001 60000 4146 0.8 0 0.8 0.3
0.789625360230548 0.789625360230548 0.777777777777778 0.642857142857143 23 23 4 0.407 0.375 0.0150000000000001 0.0149999999999999 60000 4153 0.8 1 0.8 0.3
0.245977011494253 0.245977011494253 0.197183098591549 0.285714285714286 29 29 4 0.874 0.532 0.016 0.016 60000 4170 0.2 0 0.8 0.3
0.208333333333333 0.208333333333333 0.154929577464789 0.178571428571429 22 22 4 0.442 0.401 0.024 0.0189999999999999 60000 4075 0.2 0 0.8 0.3
0.766666666666667 0.766666666666667 0.805555555555556 0.857142857142857 26 26 4 0.48 0.443 0.016 0.016 60000 4154 0.8 1 0.8 0.3
0.360169491525424 0.356446370530878 0.342465753424658 0.25 94 61 4 1.651 1.638 0.024 0.0229999999999997 60000 4019 0.424242835481795 1 0.8 0.3
0.850806451612903 0.850806451612903 0.888888888888889 0.821428571428571 16 16 4 0.334 0.545 0.018 0.0529999999999999 60000 4100 0.8 1 0.8 0.3
0.41484375 0.459869848156182 0.436619718309859 0.535714285714286 265 63 4 4.446 1.04 0.0170000000000003 0.016 60000 4159 0.46 0 0.8 0.3
0.414002642007926 0.409190371991247 0.493150684931507 0.428571428571429 256 61 4 6.578 1.856 0.0180000000000007 0.0179999999999989 60000 4073 0.46 0 0.8 0.3
0.376889848812095 0.405200433369447 0.457142857142857 0.428571428571429 129 64 4 3.333 1.426 0.0600000000000005 0.0549999999999997 60000 4218 0.46 0 0.8 0.3
0.831372549019608 0.831372549019608 0.816901408450704 0.857142857142857 17 17 4 0.674 0.507 0.0489999999999999 0.0179999999999998 60000 4209 0.8 1 0.8 0.3
0.273897058823529 0.273897058823529 0.157142857142857 0.178571428571429 37 37 4 1.384 1.014 0.0169999999999999 0.02 60000 4179 0.2 1 0.8 0.3
0.388888888888889 0.398479913137894 0.428571428571429 0.321428571428571 156 64 4 2.739 1.119 0.0169999999999995 0.016 60000 4223 0.46 1 0.8 0.3
0.38129130655821 0.408991228070175 0.575342465753425 0.75 135 62 4 2.228 0.987000000000001 0.016 0.0179999999999998 60000 4143 0.46 0 0.8 0.3
0.726277372262774 0.726277372262774 0.712328767123288 0.642857142857143 37 37 4 0.722 1.011 0.016 0.016 60000 4166 0.8 1 0.8 0.3
0.286858974358974 0.286858974358974 0.333333333333333 0.428571428571429 42 42 4 0.9 1.166 0.016 0.0169999999999999 60000 4106 0.212947174771832 1 0.8 0.3
0.388134057971014 0.420591456736035 0.432432432432432 0.428571428571429 149 61 4 2.719 1.097 0.0169999999999995 0.016 60000 4074 0.46 1 0.8 0.3
0.820143884892086 0.820143884892086 0.816901408450704 0.714285714285714 18 18 4 0.67 0.473 0.0519999999999996 0.0720000000000001 60000 4100 0.8 0 0.8 0.3
0.176470588235294 0.176470588235294 0.211267605633803 0.214285714285714 18 18 4 0.536 0.312 0.016 0.0150000000000001 60000 4144 0.2 0 0.8 0.3
0.809061488673139 0.809061488673139 0.819444444444444 0.928571428571429 20 20 4 0.911 0.363 0.0169999999999999 0.0169999999999999 60000 4078 0.8 0 0.8 0.3
0.39488188976378 0.425 0.438356164383562 0.428571428571429 173 62 4 3.669 1.183 0.0329999999999995 0.0330000000000004 60000 4108 0.46 0 0.8 0.3
0.803125 0.803125 0.75 0.785714285714286 21 21 4 0.399 0.369 0.0170000000000001 0.016 60000 4112 0.8 1 0.8 0.3
0.817543859649123 0.817543859649123 0.871428571428571 0.821428571428571 19 19 4 0.456 0.614 0.016 0.016 60000 4197 0.8 0 0.8 0.3
0.783861671469741 0.783861671469741 0.816901408450704 0.928571428571429 23 23 4 1.071 0.948 0.0380000000000003 0.0389999999999997 60000 4139 0.8 0 0.8 0.3
0.832684824902724 0.832684824902724 0.814285714285714 0.857142857142857 17 17 4 0.768 0.305 0.0180000000000002 0.016 60000 4159 0.8 1 0.8 0.3
0.410596026490066 0.450108459869848 0.4 0.321428571428571 240 63 4 4.119 1.058 0.016 0.016 60000 4158 0.46 0 0.8 0.3
0.794561933534743 0.794561933534743 0.771428571428571 0.821428571428571 22 22 4 1.077 0.945 0.0409999999999999 0.04 60000 4138 0.8 1 0.8 0.3
0.384541526644263 0.390507011866235 0.361111111111111 0.5 141 62 4 3.559 1.449 0.0279999999999996 0.0519999999999996 60000 4083 0.46 0 0.8 0.3
0.808724832214765 0.808724832214765 0.828571428571429 0.892857142857143 20 20 4 0.945 0.34 0.0150000000000001 0.0150000000000001 60000 4217 0.8 1 0.8 0.3
0.371958285052144 0.384199134199134 0.464788732394366 0.392857142857143 117 62 4 2.918 1.729 0.016 0.0190000000000001 60000 4096 0.46 1 0.8 0.3
0.807308970099668 0.807308970099668 0.814285714285714 0.964285714285714 20 20 4 0.411 0.337 0.016 0.016 60000 4209 0.8 1 0.8 0.3
0.809210526315789 0.809210526315789 0.774647887323944 0.821428571428571 20 20 4 0.849 0.363 0.0179999999999998 0.0169999999999999 60000 4142 0.8 0 0.8 0.3
0.338619402985075 0.334429824561404 0.291666666666667 0.214285714285714 72 61 4 2.037 1.386 0.0410000000000004 0.0290000000000008 60000 4078 0.310650464924897 0 0.8 0.3
0.825757575757576 0.825757575757576 0.849315068493151 0.785714285714286 17 17 4 0.647 0.322 0.016 0.0150000000000001 60000 4109 0.8 1 0.8 0.3
0.325353645266594 0.325353645266594 0.263888888888889 0.285714285714286 64 64 4 2.894 2.793 0.0460000000000003 0.0449999999999999 60000 4237 0.220395692937788 1 0.8 0.3
0.775956284153005 0.775956284153005 0.8 0.785714285714286 25 25 4 0.452 0.807 0.0609999999999999 0.0289999999999999 60000 4224 0.8 1 0.8 0.3
0.647058823529412 0.633187772925764 0.563380281690141 0.392857142857143 89 62 4 3.577 2.559 0.0380000000000003 0.036999999999999 60000 4117 0.619554237033694 1 0.8 0.3
0.766331658291457 0.766331658291457 0.694444444444444 0.642857142857143 27 27 4 0.808 0.657 0.0220000000000002 0.032 60000 4188 0.8 1 0.8 0.3
0.309184993531695 0.309184993531695 0.157142857142857 0.142857142857143 52 52 4 3.255 1.982 0.0340000000000007 0.0339999999999998 60000 4097 0.2 0 0.8 0.3
0.582318558207501 0.435164835164835 0.246575342465753 0.178571428571429 278 61 4 7.82 1.356 0.0190000000000001 0.0170000000000012 60000 4074 0.2 0 0.8 0.3
0.298375184638109 0.298375184638109 0.219178082191781 0.142857142857143 45 45 4 1.291 0.786 0.0169999999999999 0.0179999999999998 60000 4074 0.2 1 0.8 0.3
0.387635379061372 0.421397379912664 0.514285714285714 0.464285714285714 154 63 4 3.843 1.42 0.016 0.016 60000 4193 0.46 1 0.8 0.3
0.421383647798742 0.442764578833693 0.388888888888889 0.357142857142857 307 63 4 13.076 2.656 0.0399999999999991 0.0389999999999979 60000 4152 0.46 1 0.8 0.3
0.804713804713805 0.804713804713805 0.830985915492958 0.785714285714286 20 20 4 0.406 0.509 0.022 0.0409999999999999 60000 4252 0.8 1 0.8 0.3
0.843881856540084 0.843881856540084 0.845070422535211 0.928571428571429 15 15 4 0.772 0.635 0.0379999999999998 0.0380000000000003 60000 4050 0.8 0 0.8 0.3
0.785294117647059 0.785294117647059 0.680555555555556 0.678571428571429 22 22 4 0.81 0.42 0.0220000000000002 0.0169999999999999 60000 4047 0.8 1 0.8 0.3
0.396004700352526 0.42371020856202 0.416666666666667 0.392857142857143 178 63 4 4.141 1.553 0.016 0.0170000000000003 60000 4205 0.46 1 0.8 0.3
0.800653594771242 0.800653594771242 0.835616438356164 0.785714285714286 20 20 4 0.936 0.831 0.0389999999999997 0.0380000000000003 60000 4106 0.8 0 0.8 0.3
0.740663900414938 0.740663900414938 0.708333333333333 0.642857142857143 32 32 4 0.567 0.534 0.016 0.0190000000000001 60000 4121 0.8 1 0.8 0.3
0.390685640362225 0.429193899782135 0.528571428571429 0.607142857142857 163 64 4 2.699 1.012 0.016 0.016 60000 4242 0.46 0 0.8 0.3
0.846774193548387 0.846774193548387 0.876712328767123 0.785714285714286 16 16 4 0.774 0.654 0.0390000000000001 0.048 60000 4107 0.8 1 0.8 0.3
0.415064935064935 0.47670639219935 0.493150684931507 0.464285714285714 262 62 4 6.103 1.557 0.016 0.016 60000 4096 0.46 0 0.8 0.3
0.35048231511254 0.355263157894737 0.225352112676056 0.0714285714285714 85 62 4 3.625 2.622 0.0410000000000004 0.0399999999999991 60000 4143 0.34822179363622 1 0.8 0.3
0.75462962962963 0.75462962962963 0.714285714285714 0.785714285714286 29 29 4 0.524 0.492 0.016 0.016 60000 4164 0.8 1 0.8 0.3
0.384250474383302 0.404555314533623 0.486111111111111 0.428571428571429 143 62 4 4.411 1.719 0.0220000000000002 0.0190000000000001 60000 4099 0.46 0 0.8 0.3
0.68187274909964 0.68187274909964 0.698630136986301 0.678571428571429 56 56 4 0.935 1.906 0.0310000000000001 0.0459999999999998 60000 4094 0.8 1 0.8 0.3
0.761786600496278 0.761786600496278 0.73972602739726 0.678571428571429 27 27 4 1.074 0.829 0.0209999999999999 0.0350000000000001 60000 4137 0.8 0 0.8 0.3
0.794952681388013 0.794952681388013 0.805555555555556 0.857142857142857 21 21 4 0.699 0.73 0.0169999999999999 0.02 60000 4151 0.8 0 0.8 0.3
0.388059701492537 0.411635565312843 0.542857142857143 0.5 154 63 4 3.569 1.582 0.0469999999999997 0.0229999999999997 60000 4209 0.46 1 0.8 0.3
0.388742304309587 0.409337676438654 0.397260273972603 0.357142857142857 152 61 4 3.752 1.898 0.0180000000000007 0.0499999999999998 60000 4034 0.46 1 0.8 0.3
0.382894082545997 0.398268398268398 0.486111111111111 0.642857142857143 138 63 4 2.525 1.178 0.016 0.016 60000 4151 0.46 1 0.8 0.3
0.582148111819519 0.525054466230937 0.563380281690141 0.464285714285714 283 63 4 6.859 1.4 0.0149999999999988 0.016 60000 4176 0.432623918973748 0 0.8 0.3
0.420590223023203 0.486398258977149 0.527777777777778 0.392857142857143 299 61 4 7.262 1.223 0.016 0.016 60000 4056 0.46 1 0.8 0.3
0.789156626506024 0.789156626506024 0.857142857142857 0.892857142857143 22 22 4 0.398 0.347 0.014 0.0150000000000001 60000 4139 0.8 1 0.8 0.3
0.38913624220837 0.422198041349293 0.513888888888889 0.464285714285714 155 63 4 6.584 2.566 0.0399999999999991 0.0389999999999997 60000 4165 0.46 1 0.8 0.3
0.789772727272727 0.789772727272727 0.742857142857143 0.678571428571429 24 24 4 0.641 0.796 0.016 0.0190000000000001 60000 4239 0.8 1 0.8 0.3
0.402535114765331 0.415384615384615 0.371428571428571 0.392857142857143 204 63 4 4.527 1.714 0.016 0.0229999999999997 60000 4214 0.46 1 0.8 0.3
0.359430604982206 0.374458874458874 0.402777777777778 0.428571428571429 96 63 4 1.667 1.092 0.0169999999999999 0.016 60000 4149 0.321890364125066 0 0.8 0.3
0.392330383480826 0.442139737991266 0.52112676056338 0.428571428571429 164 63 4 7.557 3.705 0.0350000000000001 0.0350000000000001 60000 4172 0.46 1 0.8 0.3
0.414965986394558 0.441530054644809 0.394366197183099 0.428571428571429 266 63 4 6.111 1.69 0.0199999999999996 0.0190000000000001 60000 4191 0.46 1 0.8 0.3
0.399339933993399 0.466304347826087 0.452054794520548 0.357142857142857 186 62 4 3.703 1.112 0.0190000000000001 0.016 60000 4110 0.46 0 0.8 0.3
0.414863102998696 0.460526315789474 0.563380281690141 0.607142857142857 264 62 4 4.36 1.029 0.016 0.016 60000 4147 0.46 1 0.8 0.3
0.82051282051282 0.82051282051282 0.830985915492958 0.785714285714286 18 18 4 0.591 0.754 0.016 0.016 60000 4138 0.8 1 0.8 0.3
0.819787985865724 0.819787985865724 0.757142857142857 0.785714285714286 19 19 4 0.625 0.751 0.0390000000000001 0.0449999999999999 60000 4246 0.8 1 0.8 0.3
0.824817518248175 0.824817518248175 0.887323943661972 0.857142857142857 18 18 4 0.337 0.324 0.0209999999999999 0.0169999999999999 60000 4126 0.8 1 0.8 0.3
0.405736384144376 0.434354485776805 0.416666666666667 0.535714285714286 209 61 4 3.267 0.975 0.0150000000000006 0.0149999999999997 60000 4058 0.46 1 0.8 0.3
0.361930294906166 0.359391965255157 0.402777777777778 0.5 101 62 4 2.354 2.058 0.0229999999999997 0.0170000000000003 60000 4103 0.401412093241748 0 0.8 0.3
0.824427480916031 0.824427480916031 0.8 0.785714285714286 17 17 4 0.798 0.684 0.0369999999999999 0.036 60000 4149 0.8 1 0.8 0.3
0.813148788927336 0.813148788927336 0.791666666666667 0.857142857142857 19 19 4 0.369 0.357 0.016 0.016 60000 4166 0.8 1 0.8 0.3
0.390858607432721 0.422612513721186 0.661971830985915 0.75 161 62 4 2.498 0.942 0.0169999999999995 0.0140000000000002 60000 4145 0.46 1 0.8 0.3
0.380384016606124 0.41304347826087 0.5 0.5 131 62 4 5.517 2.661 0.0400000000000009 0.0399999999999991 60000 4105 0.46 0 0.8 0.3
0.794029850746269 0.794029850746269 0.791666666666667 0.75 22 22 4 0.953 0.447 0.0210000000000004 0.0169999999999999 60000 4133 0.8 1 0.8 0.3
0.387387387387387 0.42156862745098 0.424657534246575 0.428571428571429 149 61 4 2.55 1.018 0.016 0.016 60000 4047 0.46 0 0.8 0.3
0.409920182440137 0.436285097192225 0.527777777777778 0.535714285714286 238 62 4 4.033 1.014 0.016 0.0190000000000001 60000 4085 0.46 0 0.8 0.3
0.402919212491514 0.435675675675676 0.430555555555556 0.464285714285714 200 62 4 8.085 2.458 0.0390000000000015 0.0379999999999985 60000 4091 0.46 0 0.8 0.3
0.597278911564626 0.522404371584699 0.472222222222222 0.571428571428571 198 61 4 7.611 2.278 0.0359999999999996 0.0359999999999996 60000 4061 0.309487122887948 0 0.8 0.3
0.383104125736739 0.436482084690554 0.4 0.321428571428571 141 63 4 5.781 2.538 0.0439999999999987 0.0380000000000003 60000 4181 0.46 1 0.8 0.3
0.412676446166621 0.447939262472885 0.444444444444444 0.357142857142857 246 62 4 5.145 1.641 0.0270000000000001 0.016 60000 4102 0.46 1 0.8 0.3
0.844827586206897 0.844827586206897 0.873239436619718 0.857142857142857 15 15 4 0.291 0.261 0.016 0.016 60000 4158 0.8 0 0.8 0.3
0.412385448486532 0.454446854663774 0.371428571428571 0.357142857142857 253 64 4 6.164 1.77 0.016 0.016 60000 4234 0.46 1 0.8 0.3
0.415216826798234 0.438520130576714 0.4 0.464285714285714 267 63 4 10.635 2.496 0.0380000000000003 0.0380000000000003 60000 4172 0.46 1 0.8 0.3
0.626874279123414 0.596933187294633 0.555555555555556 0.535714285714286 119 62 4 4.678 2.507 0.0370000000000008 0.036999999999999 60000 4147 0.611897575840748 1 0.8 0.3
0.778711484593838 0.778711484593838 0.780821917808219 0.785714285714286 23 23 4 0.87 0.747 0.0459999999999998 0.0669999999999997 60000 4032 0.8 1 0.8 0.3
0.377777777777778 0.382193268186754 0.458333333333333 0.464285714285714 125 62 4 3.954 1.963 0.0570000000000004 0.0330000000000004 60000 4098 0.406272062215991 0 0.8 0.3
0.405149934810952 0.416757344940152 0.36986301369863 0.428571428571429 209 62 4 4.744 1.093 0.016 0.0200000000000005 60000 4108 0.46 1 0.8 0.3
0.395604395604396 0.431544359255203 0.534246575342466 0.5 172 61 4 2.892 0.981 0.0150000000000006 0.0149999999999997 60000 4071 0.46 0 0.8 0.3
0.818493150684932 0.818493150684932 0.767123287671233 0.892857142857143 19 19 4 0.86 0.738 0.036 0.036 60000 4049 0.8 1 0.8 0.3
0.768115942028985 0.768115942028985 0.732394366197183 0.714285714285714 28 28 4 0.808 0.523 0.016 0.016 60000 4188 0.8 1 0.8 0.3
0.801302931596091 0.801302931596091 0.805555555555556 0.857142857142857 20 20 4 0.359 0.334 0.0150000000000001 0.0150000000000001 60000 4069 0.8 1 0.8 0.3
0.781163434903047 0.781163434903047 0.791666666666667 0.75 24 24 4 0.454 0.399 0.0149999999999999 0.0189999999999999 60000 4145 0.8 1 0.8 0.3
0.831417624521073 0.831417624521073 0.816901408450704 0.821428571428571 17 17 4 0.762 0.651 0.0350000000000001 0.0349999999999997 60000 4137 0.8 1 0.8 0.3
0.787610619469027 0.787610619469027 0.840579710144927 0.785714285714286 23 23 4 1.049 0.928 0.0369999999999999 0.0369999999999999 60000 4233 0.8 1 0.8 0.3
0.79646017699115 0.79646017699115 0.821917808219178 0.892857142857143 22 22 4 0.676 0.674 0.016 0.0170000000000003 60000 4074 0.8 1 0.8 0.3
0.244292237442922 0.244292237442922 0.157142857142857 0.178571428571429 29 29 4 0.813 0.506 0.016 0.016 60000 4123 0.2 1 0.8 0.3
0.266917293233083 0.266917293233083 0.236111111111111 0.285714285714286 35 35 4 0.608 0.568 0.0150000000000001 0.016 60000 4051 0.2 0 0.8 0.3
0.40595009596929 0.416216216216216 0.472222222222222 0.392857142857143 219 64 4 9.197 2.619 0.0389999999999997 0.0389999999999997 60000 4220 0.46 0 0.8 0.3
0.39624808575804 0.412213740458015 0.438356164383562 0.5 178 62 4 4.185 1.421 0.0199999999999996 0.016 60000 4110 0.46 1 0.8 0.3
0.602681992337165 0.580610021786492 0.611111111111111 0.642857142857143 181 63 4 4.416 1.791 0.016 0.016 60000 4182 0.445139304190454 0 0.8 0.3
0.400997150997151 0.428415300546448 0.5 0.535714285714286 189 61 4 3.637 1.857 0.0289999999999999 0.0620000000000003 60000 4056 0.46 0 0.8 0.3
0.79559748427673 0.79559748427673 0.736111111111111 0.857142857142857 21 21 4 0.747 0.369 0.0179999999999998 0.0180000000000002 60000 4147 0.8 0 0.8 0.3
0.354642313546423 0.369447453954496 0.579710144927536 0.535714285714286 93 65 4 3.707 2.574 0.0380000000000003 0.0359999999999996 60000 4286 0.456124480487241 0 0.8 0.3
0.389770723104056 0.402386117136659 0.422535211267606 0.428571428571429 154 62 4 3.36 1.453 0.016 0.016 60000 4097 0.46 0 0.8 0.3
0.816326530612245 0.816326530612245 0.794520547945205 0.714285714285714 19 19 4 0.552 0.572 0.052 0.0369999999999999 60000 4056 0.8 1 0.8 0.3
0.416687546980707 0.469298245614035 0.547945205479452 0.642857142857143 270 61 4 4.387 0.985 0.0199999999999996 0.0170000000000003 60000 4074 0.46 0 0.8 0.3
0.826254826254826 0.826254826254826 0.861111111111111 0.75 17 17 4 0.288 0.285 0.014 0.0149999999999999 60000 4145 0.8 1 0.8 0.3
0.371597633136095 0.366412213740458 0.458333333333333 0.642857142857143 115 62 4 3.045 1.984 0.0430000000000001 0.0339999999999998 60000 4118 0.46 0 0.8 0.3
0.824427480916031 0.824427480916031 0.777777777777778 0.607142857142857 17 17 4 0.451 0.294 0.016 0.0169999999999999 60000 4105 0.8 0 0.8 0.3
0.803125 0.803125 0.794520547945205 0.821428571428571 21 21 4 0.418 0.931 0.0329999999999999 0.0169999999999999 60000 4123 0.8 1 0.8 0.3
0.370880766926303 0.390403489640131 0.450704225352113 0.357142857142857 119 65 4 4.924 2.715 0.0389999999999997 0.0380000000000003 60000 4310 0.46 1 0.8 0.3
0.767263427109974 0.767263427109974 0.8 0.821428571428571 26 26 4 0.49 0.451 0.016 0.016 60000 4128 0.8 1 0.8 0.3
0.803225806451613 0.803225806451613 0.791666666666667 0.678571428571429 20 20 4 0.746 0.558 0.048 0.02 60000 4074 0.8 1 0.8 0.3
0.806666666666667 0.806666666666667 0.816901408450704 0.892857142857143 20 20 4 0.371 0.918 0.0220000000000002 0.024 60000 4158 0.8 0 0.8 0.3
0.75990675990676 0.75990675990676 0.835616438356164 0.785714285714286 28 28 4 0.778 0.91 0.0500000000000003 0.0589999999999997 60000 4077 0.8 1 0.8 0.3
0.813953488372093 0.813953488372093 0.791666666666667 0.857142857142857 20 20 4 0.886 0.768 0.0350000000000001 0.0350000000000001 60000 4176 0.8 1 0.8 0.3
0.384615384615385 0.417943107221007 0.535211267605634 0.535714285714286 146 64 4 3.233 1.443 0.0170000000000003 0.0169999999999995 60000 4268 0.46 1 0.8 0.3
0.818493150684932 0.818493150684932 0.835616438356164 0.857142857142857 19 19 4 0.347 0.331 0.0170000000000001 0.0169999999999999 60000 4105 0.8 0 0.8 0.3
0.571721693713859 0.406147091108672 0.197183098591549 0.214285714285714 369 62 4 5.241 0.859 0.0129999999999999 0.0130000000000008 60000 4142 0.2 1 0.8 0.3
0.246606334841629 0.246606334841629 0.287671232876712 0.357142857142857 29 29 4 1.253 1.127 0.0430000000000001 0.0420000000000007 60000 4080 0.2 0 0.8 0.3
0.363268062120189 0.361050328227571 0.36986301369863 0.357142857142857 101 62 4 2.125 1.512 0.0180000000000007 0.016 60000 4136 0.26963816001679 0 0.8 0.3
0.764556962025316 0.764556962025316 0.757142857142857 0.75 27 27 4 0.64 0.874 0.0169999999999999 0.0169999999999999 60000 4246 0.8 1 0.8 0.3
0.802631578947368 0.802631578947368 0.712328767123288 0.75 20 20 4 0.369 0.344 0.0169999999999999 0.0170000000000001 60000 4136 0.8 1 0.8 0.3
0.809836065573771 0.809836065573771 0.808219178082192 0.857142857142857 20 20 4 0.906 0.792 0.036 0.036 60000 4126 0.8 1 0.8 0.3
0.836065573770492 0.836065573770492 0.816901408450704 0.714285714285714 16 16 4 0.297 0.82 0.0349999999999997 0.0260000000000002 60000 4149 0.8 1 0.8 0.3
0.385687732342007 0.425438596491228 0.471428571428571 0.464285714285714 152 64 4 3.941 1.468 0.016 0.016 60000 4259 0.46 1 0.8 0.3
0.272388059701493 0.272388059701493 0.253521126760563 0.321428571428571 36 36 4 0.74 1.058 0.0169999999999999 0.0180000000000002 60000 4123 0.206522993936226 0 0.8 0.3
0.384762817441303 0.401737242128122 0.361111111111111 0.321428571428571 142 62 4 5.754 2.467 0.0359999999999996 0.0359999999999996 60000 4108 0.46 1 0.8 0.3
0.8 0.8 0.785714285714286 0.785714285714286 22 22 4 0.942 0.815 0.0349999999999997 0.0349999999999997 60000 4174 0.8 1 0.8 0.3
0.297014925373134 0.297014925373134 0.228571428571429 0.321428571428571 46 46 4 1.797 1.731 0.0350000000000001 0.0350000000000001 60000 4200 0.2 0 0.8 0.3
0.814035087719298 0.814035087719298 0.814285714285714 0.785714285714286 19 19 4 0.826 0.708 0.0340000000000003 0.0339999999999998 60000 4182 0.8 1 0.8 0.3
0.812709030100334 0.812709030100334 0.842857142857143 0.821428571428571 20 20 4 0.846 0.728 0.0329999999999999 0.0329999999999999 60000 4184 0.8 1 0.8 0.3
0.794952681388013 0.794952681388013 0.785714285714286 0.892857142857143 22 22 4 0.96 0.829 0.036 0.0350000000000001 60000 4335 0.8 1 0.8 0.3
0.368847352024922 0.354098360655738 0.357142857142857 0.357142857142857 113 64 4 4.204 2.432 0.0350000000000001 0.0350000000000001 60000 4263 0.424146369795174 0 0.8 0.3
0.80655737704918 0.80655737704918 0.802816901408451 0.785714285714286 20 20 4 0.843 0.726 0.0340000000000003 0.0339999999999998 60000 4127 0.8 1 0.8 0.3
0.805369127516778 0.805369127516778 0.785714285714286 0.678571428571429 20 20 4 0.357 0.446 0.0529999999999999 0.0649999999999999 60000 4168 0.8 1 0.8 0.3
0.402939166097061 0.431693989071038 0.428571428571429 0.357142857142857 200 62 4 6.635 1.828 0.0199999999999996 0.0240000000000009 60000 4118 0.46 1 0.8 0.3
0.39336301092675 0.438251366120219 0.557142857142857 0.607142857142857 169 62 4 9.149 2.746 0.0510000000000002 0.0420000000000016 60000 4125 0.46 1 0.8 0.3
0.390591281829953 0.416666666666667 0.4 0.357142857142857 159 62 4 5.743 2.213 0.0340000000000007 0.0339999999999989 60000 4144 0.46 0 0.8 0.3
0.803986710963455 0.803986710963455 0.788732394366197 0.75 20 20 4 0.826 0.722 0.0329999999999999 0.0329999999999999 60000 4136 0.8 1 0.8 0.3
0.391135972461274 0.419109663409338 0.506849315068493 0.464285714285714 158 62 4 8.026 2.796 0.0380000000000003 0.107000000000001 60000 4108 0.46 0 0.8 0.3
