0.163934426229508 0.163934426229508 0.207317073170732 0 244 244 82 2.784 2.742 0.00999999999999979 0.0150000000000006 60000 60000 0.2 1 0.8 0
0.787425149700599 0.787425149700599 0.719512195121951 1 334 334 82 3.991 4.043 0.0109999999999992 0.011000000000001 60000 60000 0.8 0 0.8 0
0.822641509433962 0.822641509433962 0.792682926829268 1 265 265 82 2.889 2.86 0.0130000000000008 0.0119999999999996 60000 60000 0.8 1 0.8 0
0.822641509433962 0.822641509433962 0.780487804878049 1 265 265 82 5.208 4.182 0.011000000000001 0.00899999999999856 60000 60000 0.8 1 0.8 0
0.826254826254826 0.826254826254826 0.853658536585366 1 259 259 82 5.248 4.177 0.0140000000000011 0.00899999999999856 60000 60000 0.8 1 0.8 0
0.804713804713805 0.804713804713805 0.829268292682927 1 297 297 82 5.887 4.099 0.00999999999999979 0.00999999999999979 60000 60000 0.8 1 0.8 0
0.732809430255403 0.732809430255403 0.792682926829268 1 509 509 82 5.959 6.204 0.0119999999999987 0.0120000000000005 60000 60000 0.8 0 0.8 0
0.780626780626781 0.780626780626781 0.817073170731707 1 351 351 82 7.365 5.378 0.0240000000000009 0.0139999999999993 60000 60000 0.8 1 0.8 0
0.778089887640449 0.778089887640449 0.768292682926829 1 356 356 82 6.794 5.266 0.0100000000000016 0.0109999999999992 60000 60000 0.8 1 0.8 0
0.766066838046273 0.766066838046273 0.75609756097561 1 389 389 82 7.288 6.053 0.0109999999999992 0.011000000000001 60000 60000 0.8 1 0.8 0
0.332995951417004 0.33221850613155 0.207317073170732 0 988 897 82 11.061 9.84 0.0109999999999992 0.0109999999999992 60000 60000 0.2 0 0.8 0
0.339268978444236 0.335562987736901 0.317073170731707 1 1067 897 82 12.162 10.121 0.0120000000000005 0.0150000000000006 60000 60000 0.417592205406005 1 0.8 0
0.210365853658537 0.210365853658537 0.182926829268293 1 328 328 82 3.341 3.324 0.0140000000000002 0.00899999999999945 60000 60000 0.2 0 0.8 0
0.844827586206897 0.844827586206897 0.829268292682927 1 232 232 82 3.112 3.259 0.0250000000000004 0.0129999999999999 60000 60000 0.8 1 0.8 0
0.82089552238806 0.82089552238806 0.817073170731707 0 268 268 82 3.849 3.322 0.0109999999999992 0.0140000000000011 60000 60000 0.8 1 0.8 0
0.82089552238806 0.82089552238806 0.804878048780488 1 268 268 82 3.66 3.365 0.0120000000000005 0.0150000000000006 60000 60000 0.8 0 0.8 0
0.203821656050955 0.203821656050955 0.170731707317073 0 314 314 82 4.287 4.248 0.00999999999999979 0.0129999999999999 60000 60000 0.2 0 0.8 0
0.82089552238806 0.82089552238806 0.865853658536585 1 268 268 82 4.074 3.413 0.0119999999999987 0.0150000000000006 60000 60000 0.8 1 0.8 0
0.265873015873016 0.265873015873016 0.219512195121951 1 504 504 82 4.984 5.001 0.0109999999999992 0.00999999999999979 60000 60000 0.2 1 0.8 0
0.806122448979592 0.806122448979592 0.804878048780488 1 294 294 82 3.936 3.63 0.0109999999999992 0.0120000000000005 60000 60000 0.8 1 0.8 0
0.838174273858921 0.838174273858921 0.829268292682927 1 241 241 82 4.154 3.685 0.00999999999999979 0.00999999999999979 60000 60000 0.8 0 0.8 0
0.785294117647059 0.785294117647059 0.853658536585366 1 340 340 82 4.809 4.136 0.00999999999999979 0.011000000000001 60000 60000 0.8 1 0.8 0
0.838174273858921 0.838174273858921 0.804878048780488 0 241 241 82 3.408 3.698 0.0109999999999992 0.0120000000000005 60000 60000 0.8 1 0.8 0
0.814285714285714 0.814285714285714 0.804878048780488 1 280 280 82 4.029 3.383 0.011000000000001 0.00999999999999979 60000 60000 0.8 0 0.8 0
0.815884476534296 0.815884476534296 0.719512195121951 0 277 277 82 3.728 3.515 0.011000000000001 0.0119999999999987 60000 60000 0.8 1 0.8 0
0.792569659442725 0.792569659442725 0.829268292682927 1 323 323 82 4.148 3.924 0.0139999999999993 0.00999999999999979 60000 60000 0.8 1 0.8 0
0.832 0.832 0.829268292682927 1 250 250 82 4.31 3.781 0.0220000000000002 0.0119999999999987 60000 60000 0.8 0 0.8 0
0.796178343949045 0.796178343949045 0.792682926829268 1 314 314 82 4.211 3.932 0.011000000000001 0.0139999999999993 60000 60000 0.8 1 0.8 0
0.783625730994152 0.783625730994152 0.841463414634146 1 342 342 82 4.31 4.048 0.00999999999999979 0.0109999999999992 60000 60000 0.8 1 0.8 0
0.815884476534296 0.815884476534296 0.829268292682927 0 277 277 82 5.524 5.27 0.0130000000000017 0.0299999999999994 60000 60000 0.8 1 0.8 0
0.822641509433962 0.822641509433962 0.75609756097561 1 265 265 82 3.985 4.55 0.0109999999999992 0.00999999999999979 60000 60000 0.8 1 0.8 0
0.811188811188811 0.811188811188811 0.890243902439024 1 286 286 82 3.766 4.269 0.00999999999999979 0.0100000000000016 60000 60000 0.8 1 0.8 0
0.806122448979592 0.806122448979592 0.865853658536585 0 294 294 82 3.835 4.431 0.0109999999999992 0.0120000000000005 60000 60000 0.8 1 0.8 0
0.809688581314879 0.809688581314879 0.804878048780488 0 289 289 82 3.909 4.511 0.0109999999999992 0.0129999999999999 60000 60000 0.8 1 0.8 0
0.82089552238806 0.82089552238806 0.878048780487805 1 268 268 82 4.897 4.09 0.0129999999999999 0.0150000000000006 60000 60000 0.8 1 0.8 0
0.787425149700599 0.787425149700599 0.817073170731707 1 334 334 82 4.4 4.194 0.0109999999999992 0.00999999999999979 60000 60000 0.8 1 0.8 0
0.778089887640449 0.778089887640449 0.792682926829268 1 356 356 82 4.678 4.436 0.0109999999999992 0.011000000000001 60000 60000 0.8 1 0.8 0
0.811188811188811 0.811188811188811 0.829268292682927 1 286 286 82 5.102 4.369 0.0119999999999987 0.011000000000001 60000 60000 0.8 1 0.8 0
0.801980198019802 0.801980198019802 0.75609756097561 0 303 303 82 5.235 4.3 0.0129999999999999 0.00999999999999979 60000 60000 0.8 1 0.8 0
0.211480362537764 0.211480362537764 0.170731707317073 0 331 331 82 4.725 4.463 0.011000000000001 0.0109999999999992 60000 60000 0.2 0 0.8 0
0.785294117647059 0.785294117647059 0.829268292682927 1 340 340 82 4.833 4.555 0.0119999999999987 0.011000000000001 60000 60000 0.8 1 0.8 0
0.826254826254826 0.826254826254826 0.804878048780488 0 259 259 82 5.426 4.219 0.0139999999999993 0.0169999999999995 60000 60000 0.8 1 0.8 0
0.228723404255319 0.228723404255319 0.195121951219512 0 376 376 82 4.737 4.534 0.0140000000000011 0.00900000000000034 60000 60000 0.2 0 0.8 0
0.781609195402299 0.781609195402299 0.731707317073171 1 348 348 82 4.742 4.708 0.00999999999999979 0.011000000000001 60000 60000 0.8 0 0.8 0
0.799352750809062 0.799352750809062 0.74390243902439 1 309 309 82 5.61 4.443 0.0139999999999993 0.0119999999999987 60000 60000 0.8 1 0.8 0
0.208588957055215 0.208588957055215 0.146341463414634 0 326 326 82 5.645 4.559 0.0119999999999987 0.0140000000000011 60000 60000 0.2 0 0.8 0
0.776243093922652 0.776243093922652 0.768292682926829 1 362 362 82 5.254 5.081 0.0140000000000011 0.0289999999999999 60000 60000 0.8 1 0.8 0
0.787425149700599 0.787425149700599 0.768292682926829 1 334 334 82 5.066 5.045 0.0129999999999999 0.0119999999999987 60000 60000 0.8 1 0.8 0
0.801980198019802 0.801980198019802 0.804878048780488 1 303 303 82 6.155 4.625 0.0129999999999999 0.0150000000000006 60000 60000 0.8 1 0.8 0
0.783625730994152 0.783625730994152 0.841463414634146 1 342 342 82 5.311 5.434 0.0100000000000016 0.0109999999999992 60000 60000 0.8 1 0.8 0
0.761786600496278 0.761786600496278 0.804878048780488 1 403 403 82 5.173 5.435 0.011000000000001 0.0109999999999992 60000 60000 0.8 0 0.8 0
0.781609195402299 0.781609195402299 0.768292682926829 0 348 348 82 5.611 5.236 0.0300000000000011 0.0280000000000005 60000 60000 0.8 1 0.8 0
0.659594095940959 0.654403567447046 0.707317073170732 1 1084 897 82 17.459 15.423 0.0110000000000028 0.0179999999999936 60000 60000 0.613465921548315 1 0.8 0
0.2375 0.2375 0.25609756097561 0 400 400 82 5.531 5.925 0.0129999999999999 0.0149999999999988 60000 60000 0.2 0 0.8 0
0.767441860465116 0.767441860465116 0.804878048780488 0 387 387 82 6.2 6.281 0.0120000000000005 0.0149999999999988 60000 60000 0.8 1 0.8 0
0.751141552511416 0.751141552511416 0.829268292682927 1 438 438 82 7.029 6.351 0.00999999999999979 0.00900000000000034 60000 60000 0.8 1 0.8 0
0.340699815837937 0.345596432552954 0.317073170731707 0 1086 897 82 18.769 15.632 0.0109999999999957 0.0100000000000051 60000 60000 0.307441940980212 0 0.8 0
0.71334431630972 0.71334431630972 0.768292682926829 1 607 607 82 8.047 7.816 0.00799999999999912 0.0100000000000016 60000 60000 0.8 1 0.8 0
0.344434706397897 0.35340022296544 0.341463414634146 1 1141 897 82 11.13 8.664 0.00899999999999679 0.00900000000000034 60000 60000 0.298026546494182 0 0.8 0
0.342366757000903 0.346711259754738 0.365853658536585 0 1107 897 82 11.534 9.266 0.00999999999999801 0.00900000000000034 60000 60000 0.201545285354695 0 0.8 0
0.308510638297872 0.308510638297872 0.268292682926829 0 752 752 82 10.229 10.073 0.0130000000000017 0.0100000000000016 60000 60000 0.227719520266942 0 0.8 0
0.794952681388013 0.794952681388013 0.780487804878049 1 317 317 82 9.303 9.815 0.0240000000000009 0.0240000000000009 60000 60000 0.8 1 0.8 0
0.310880829015544 0.310880829015544 0.341463414634146 1 772 772 82 10.389 10.228 0.00899999999999679 0.0100000000000016 60000 60000 0.20322752049591 0 0.8 0
0.216374269005848 0.216374269005848 0.195121951219512 0 342 342 82 9.979 10.795 0.0249999999999986 0.0249999999999986 60000 60000 0.2 1 0.8 0
0.323562570462232 0.323562570462232 0.219512195121951 0 887 887 82 11.327 11.779 0.036999999999999 0.0180000000000007 60000 60000 0.2 0 0.8 0
0.832 0.832 0.780487804878049 0 250 250 82 2.892 2.863 0.0120000000000005 0.0119999999999996 60000 60000 0.8 1 0.8 0
0.177358490566038 0.177358490566038 0.219512195121951 1 265 265 82 3.148 3.156 0.0120000000000005 0.0110000000000001 60000 60000 0.2 0 0.8 0
0.807560137457045 0.807560137457045 0.804878048780488 0 291 291 82 3.634 3.647 0.0120000000000005 0.0129999999999999 60000 60000 0.8 1 0.8 0
0.826254826254826 0.826254826254826 0.792682926829268 1 259 259 82 3.535 4.553 0.0170000000000012 0.016 60000 60000 0.8 1 0.8 0
0.797427652733119 0.797427652733119 0.719512195121951 0 311 311 82 3.759 3.712 0.011000000000001 0.0120000000000005 60000 60000 0.8 1 0.8 0
0.377837837837838 0.405797101449275 0.5 1 1850 897 82 19.206 9.236 0.0100000000000016 0.00900000000000034 60000 60000 0.46 0 0.8 0
0.782608695652174 0.782608695652174 0.768292682926829 1 345 345 82 4.059 4.015 0.0109999999999992 0.0120000000000005 60000 60000 0.8 0 0.8 0
0.220338983050847 0.220338983050847 0.280487804878049 0 354 354 82 4.377 4.349 0.0139999999999993 0.0129999999999999 60000 60000 0.2 1 0.8 0
0.348585690515807 0.343366778149387 0.341463414634146 0 1202 897 82 14.994 12.142 0.0120000000000005 0.00900000000000034 60000 60000 0.331668974648876 0 0.8 0
0.768229166666667 0.768229166666667 0.74390243902439 1 384 384 82 4.749 4.726 0.0120000000000005 0.0119999999999987 60000 60000 0.8 1 0.8 0
0.76984126984127 0.76984126984127 0.817073170731707 1 378 378 82 5.71 6.802 0.0280000000000005 0.0289999999999999 60000 60000 0.8 1 0.8 0
0.348585690515807 0.351170568561873 0.292682926829268 1 1202 897 82 16.255 12.862 0.0140000000000029 0.00999999999999801 60000 60000 0.369400383011709 0 0.8 0
0.723021582733813 0.723021582733813 0.75609756097561 1 556 556 82 6.498 6.43 0.0109999999999992 0.0140000000000011 60000 60000 0.8 1 0.8 0
0.383595284872299 0.404682274247492 0.463414634146341 1 2036 897 82 35.289 15.859 0.0110000000000028 0.0109999999999957 60000 60000 0.46 0 0.8 0
0.660148975791434 0.663322185061315 0.682926829268293 0 1074 897 82 15.984 14.611 0.0110000000000028 0.00999999999999801 60000 60000 0.697546141053345 1 0.8 0
0.849557522123894 0.849557522123894 0.878048780487805 1 226 226 82 5.999 5.79 0.0250000000000004 0.0239999999999991 60000 60000 0.8 1 0.8 0
0.832 0.832 0.829268292682927 1 250 250 82 6.502 6.305 0.0239999999999991 0.0240000000000009 60000 60000 0.8 1 0.8 0
0.834008097165992 0.834008097165992 0.853658536585366 1 247 247 82 6.683 6.499 0.0250000000000004 0.0250000000000004 60000 60000 0.8 1 0.8 0
0.82089552238806 0.82089552238806 0.841463414634146 1 268 268 82 6.912 6.751 0.027000000000001 0.0339999999999989 60000 60000 0.8 1 0.8 0
0.64115523465704 0.633221850613155 0.621951219512195 1 1385 897 82 20.87 12.14 0.0109999999999957 0.0100000000000051 60000 60000 0.661030528503568 1 0.8 0
0.365308804204993 0.374581939799331 0.402439024390244 0 1522 897 82 20.315 13.228 0.0100000000000051 0.00900000000000034 60000 60000 0.46 0 0.8 0
0.17910447761194 0.17910447761194 0.195121951219512 0 268 268 82 7.228 7.094 0.0289999999999999 0.0330000000000013 60000 60000 0.2 1 0.8 0
0.362704918032787 0.389074693422519 0.426829268292683 0 1464 897 82 22.53 12.077 0.0129999999999981 0.0120000000000005 60000 60000 0.46 0 0.8 0
0.807560137457045 0.807560137457045 0.817073170731707 1 291 291 82 7.323 7.25 0.0229999999999997 0.0250000000000021 60000 60000 0.8 0 0.8 0
0.807560137457045 0.807560137457045 0.780487804878049 0 291 291 82 7.456 7.364 0.0240000000000009 0.0249999999999986 60000 60000 0.8 1 0.8 0
0.641454545454545 0.644370122630992 0.560975609756098 1 1375 897 82 20.329 14.751 0.0380000000000038 0.0159999999999982 60000 60000 0.630072656834777 0 0.8 0
0.786350148367952 0.786350148367952 0.829268292682927 1 337 337 82 8.524 8.36 0.0240000000000009 0.0240000000000009 60000 60000 0.8 1 0.8 0
0.783625730994152 0.783625730994152 0.853658536585366 1 342 342 82 8.667 8.5 0.0229999999999997 0.0229999999999997 60000 60000 0.8 1 0.8 0
0.375977653631285 0.391304347826087 0.402439024390244 0 1790 897 82 24.352 12.487 0.0129999999999981 0.00999999999999801 60000 60000 0.46 1 0.8 0
0.789634146341463 0.789634146341463 0.804878048780488 1 328 328 82 8.961 8.784 0.0350000000000001 0.0249999999999986 60000 60000 0.8 1 0.8 0
0.786350148367952 0.786350148367952 0.719512195121951 1 337 337 82 9.09 8.968 0.0249999999999986 0.0249999999999986 60000 60000 0.8 1 0.8 0
0.374137931034483 0.405797101449275 0.414634146341463 1 1740 897 82 25.693 11.695 0.00999999999999801 0.00999999999999801 60000 60000 0.46 1 0.8 0
0.373177842565598 0.381270903010033 0.426829268292683 0 1715 897 82 26.451 11.732 0.0120000000000005 0.0120000000000005 60000 60000 0.39179779996898 0 0.8 0
0.375838926174497 0.414715719063545 0.51219512195122 1 1788 897 82 27.628 11.782 0.00999999999999801 0.0110000000000028 60000 60000 0.46 0 0.8 0
0.775342465753425 0.775342465753425 0.768292682926829 1 365 365 82 9.791 9.605 0.0240000000000009 0.0310000000000024 60000 60000 0.8 1 0.8 0
0.7625 0.7625 0.719512195121951 1 400 400 82 10.211 10.002 0.0240000000000009 0.0240000000000009 60000 60000 0.8 0 0.8 0
0.376587520706792 0.406911928651059 0.475609756097561 1 1811 897 82 27.889 13.36 0.0129999999999981 0.0250000000000057 60000 60000 0.46 0 0.8 0
0.347163420829805 0.343366778149387 0.451219512195122 1 1181 897 82 14.314 10.734 0.0119999999999969 0.0120000000000005 60000 60000 0.31701045189948 1 0.8 0
0.390928725701944 0.421404682274247 0.365853658536585 0 2315 897 82 31.685 12.605 0.0280000000000058 0.0249999999999986 60000 60000 0.46 0 0.8 0
0.739130434782609 0.739130434782609 0.804878048780488 1 483 483 82 12.266 12.006 0.0239999999999974 0.0229999999999997 60000 60000 0.8 1 0.8 0
0.265873015873016 0.265873015873016 0.292682926829268 0 504 504 82 13.267 13.078 0.0249999999999986 0.0249999999999986 60000 60000 0.2 0 0.8 0
0.385781990521327 0.418060200668896 0.439024390243902 0 2110 897 82 33.726 12.825 0.0120000000000005 0.0109999999999957 60000 60000 0.46 0 0.8 0
0.602755453501722 0.520624303232999 0.390243902439024 0 2613 897 82 35.136 12.889 0.017000000000003 0.0180000000000007 60000 60000 0.368837021973353 1 0.8 0
0.39340206185567 0.425863991081382 0.353658536585366 0 2425 897 82 34.58 13.603 0.0279999999999987 0.0300000000000011 60000 60000 0.46 0 0.8 0
0.395394998015085 0.42809364548495 0.414634146341463 0 2519 897 82 34.835 13.573 0.0120000000000005 0.00799999999999557 60000 60000 0.46 1 0.8 0
0.622744669218152 0.624303232998885 0.609756097560976 1 1829 897 82 21.167 10.08 0.0150000000000006 0.0110000000000028 60000 60000 0.582751620404677 1 0.8 0
0.4006456241033 0.440356744704571 0.524390243902439 1 2788 897 82 37.857 13.317 0.0150000000000006 0.019999999999996 60000 60000 0.46 1 0.8 0
0.400144717800289 0.432552954292085 0.475609756097561 0 2764 897 82 37.636 13.195 0.00900000000000034 0.00999999999999801 60000 60000 0.46 1 0.8 0
0.819188191881919 0.819188191881919 0.841463414634146 0 271 271 82 3.083 3.056 0.00999999999999979 0.0110000000000001 60000 60000 0.8 1 0.8 0
0.40036036036036 0.404682274247492 0.304878048780488 0 2775 897 82 38.4 11.976 0.0129999999999981 0.0120000000000005 60000 60000 0.46 0 0.8 0
0.39102287440656 0.414715719063545 0.439024390243902 1 2317 897 82 39.554 14.202 0.00999999999999801 0.00999999999999801 60000 60000 0.46 0 0.8 0
0.39041394335512 0.40133779264214 0.317073170731707 1 2295 897 82 38.043 13.737 0.0110000000000028 0.0140000000000029 60000 60000 0.46 0 0.8 0
0.639378969654199 0.643255295429208 0.719512195121951 1 1417 897 82 21.191 13.797 0.0290000000000035 0.0279999999999987 60000 60000 0.654202838799472 1 0.8 0
0.803333333333333 0.803333333333333 0.817073170731707 1 300 300 82 3.402 3.304 0.00999999999999979 0.0100000000000007 60000 60000 0.8 1 0.8 0
0.387141535615171 0.402452619843924 0.475609756097561 0 2162 897 82 25.616 10.14 0.0110000000000028 0.0110000000000028 60000 60000 0.46 0 0.8 0
0.403005464480874 0.452619843924192 0.524390243902439 1 2928 897 82 40.896 12.94 0.0110000000000028 0.0109999999999957 60000 60000 0.46 0 0.8 0
0.396417445482866 0.421404682274247 0.463414634146341 1 2568 897 82 39.747 14.349 0.0180000000000007 0.0279999999999987 60000 60000 0.46 1 0.8 0
0.403891311640389 0.416945373467113 0.475609756097561 1 2981 897 82 43.167 12.017 0.0139999999999958 0.0109999999999957 60000 60000 0.46 0 0.8 0
0.406369426751592 0.447045707915273 0.475609756097561 0 3140 897 82 42.995 13.647 0.0129999999999981 0.0129999999999981 60000 60000 0.46 0 0.8 0
0.306010928961749 0.306010928961749 0.24390243902439 1 732 732 82 18.823 18.56 0.0250000000000057 0.0239999999999938 60000 60000 0.245438696043153 0 0.8 0
0.408706166868198 0.450390189520624 0.48780487804878 0 3308 897 82 46.027 13.295 0.0150000000000006 0.00900000000000034 60000 60000 0.46 1 0.8 0
0.402485329651363 0.442586399108138 0.48780487804878 0 2897 897 82 44.843 15.171 0.0110000000000028 0.0109999999999957 60000 60000 0.46 0 0.8 0
0.828125 0.828125 0.914634146341463 1 256 256 82 3.216 3.231 0.0119999999999996 0.0119999999999996 60000 60000 0.8 1 0.8 0
0.804713804713805 0.804713804713805 0.768292682926829 1 297 297 82 3.361 3.294 0.0110000000000001 0.0110000000000001 60000 60000 0.8 1 0.8 0
0.414871255911718 0.448160535117057 0.426829268292683 1 3806 897 82 54.504 12.512 0.0120000000000005 0.0109999999999957 60000 60000 0.46 0 0.8 0
0.416518875095009 0.471571906354515 0.426829268292683 0 3947 897 82 55.207 12.489 0.0109999999999957 0.0130000000000052 60000 60000 0.46 1 0.8 0
0.411088767595519 0.453734671125975 0.451219512195122 0 3481 897 82 54.811 14.134 0.0120000000000005 0.00900000000000034 60000 60000 0.46 1 0.8 0
0.414098097024926 0.431438127090301 0.451219512195122 1 3731 897 82 44.294 9.906 0.0129999999999981 0.0100000000000051 60000 60000 0.46 0 0.8 0
0.396751740139211 0.423634336677815 0.414634146341463 1 2586 897 82 41.18 13.914 0.027000000000001 0.0279999999999987 60000 60000 0.46 0 0.8 0
0.414308595835558 0.486064659977703 0.51219512195122 0 3746 897 82 61.201 14.956 0.0259999999999962 0.0289999999999964 60000 60000 0.46 0 0.8 0
0.349959116925593 0.351170568561873 0.304878048780488 1 1223 897 82 31.587 23.039 0.0239999999999938 0.0240000000000009 60000 60000 0.302874339667015 0 0.8 0
0.245901639344262 0.245901639344262 0.25609756097561 0 427 427 82 4.097 4.136 0.00999999999999979 0.00900000000000034 60000 60000 0.2 0 0.8 0
0.361937716262976 0.374581939799331 0.414634146341463 0 1445 897 82 36.883 22.549 0.0230000000000032 0.0290000000000035 60000 60000 0.381370873323491 1 0.8 0
0.36142061281337 0.357859531772575 0.353658536585366 0 1436 897 82 37.137 22.851 0.0240000000000009 0.0240000000000009 60000 60000 0.332898115034688 1 0.8 0
0.834008097165992 0.834008097165992 0.841463414634146 1 247 247 82 3.658 3.188 0.0259999999999998 0.0119999999999996 60000 60000 0.8 1 0.8 0
0.370505789152956 0.365663322185061 0.451219512195122 1 1641 897 82 42.565 22.82 0.0240000000000009 0.0240000000000009 60000 60000 0.417377356455631 1 0.8 0
0.79375 0.79375 0.817073170731707 1 320 320 82 5.204 4.591 0.011000000000001 0.0119999999999987 60000 60000 0.8 1 0.8 0
0.773841961852861 0.773841961852861 0.74390243902439 1 367 367 82 3.704 3.672 0.0100000000000016 0.00999999999999979 60000 60000 0.8 1 0.8 0
0.210365853658537 0.210365853658537 0.195121951219512 0 328 328 82 6.41 4.673 0.0139999999999993 0.0120000000000005 60000 60000 0.2 0 0.8 0
0.897142857142857 0.897142857142857 0.865853658536585 1 175 175 82 2.03 2.01 0.0109999999999992 0.0120000000000005 60000 60000 0.8 0 0.8 0
0.786350148367952 0.786350148367952 0.792682926829268 0 337 337 82 4.893 4.766 0.0109999999999992 0.00999999999999979 60000 60000 0.8 0 0.8 0
0.815884476534296 0.815884476534296 0.853658536585366 1 277 277 82 3.618 3.412 0.0109999999999992 0.0120000000000005 60000 60000 0.8 1 0.8 0
0.291139240506329 0.291139240506329 0.219512195121951 0 632 632 82 8.231 9.369 0.0259999999999998 0.0109999999999992 60000 60000 0.214493525329827 1 0.8 0
0.812720848056537 0.812720848056537 0.841463414634146 0 283 283 82 3.752 4.187 0.0169999999999995 0.0120000000000005 60000 60000 0.8 1 0.8 0
0.849557522123894 0.849557522123894 0.853658536585366 1 226 226 82 3.095 3.267 0.0270000000000001 0.0259999999999998 60000 60000 0.8 1 0.8 0
0.804713804713805 0.804713804713805 0.804878048780488 0 297 297 82 3.5 3.466 0.0110000000000001 0.0110000000000001 60000 60000 0.8 1 0.8 0
0.38465250965251 0.426978818283166 0.463414634146341 1 2072 897 82 52.853 22.512 0.0240000000000009 0.0240000000000009 60000 60000 0.46 0 0.8 0
0.384800384800385 0.413600891861761 0.378048780487805 0 2079 897 82 53.094 22.5 0.0250000000000057 0.0240000000000009 60000 60000 0.46 0 0.8 0
0.391229578675838 0.431438127090301 0.426829268292683 1 2326 897 82 68.411 25.772 0.0229999999999961 0.0449999999999875 60000 60000 0.46 0 0.8 0
0.8300395256917 0.8300395256917 0.841463414634146 1 253 253 82 2.878 2.849 0.0110000000000001 0.0110000000000001 60000 60000 0.8 0 0.8 0
0.834008097165992 0.834008097165992 0.792682926829268 1 247 247 82 2.895 2.857 0.00999999999999979 0.0110000000000001 60000 60000 0.8 1 0.8 0
0.687979539641944 0.687979539641944 0.719512195121951 1 782 782 82 14.038 10.794 0.0229999999999997 0.0120000000000005 60000 60000 0.8 1 0.8 0
0.817518248175182 0.817518248175182 0.74390243902439 1 274 274 82 4.411 4.618 0.0149999999999988 0.0339999999999989 60000 60000 0.8 1 0.8 0
0.799352750809062 0.799352750809062 0.841463414634146 1 309 309 82 4.706 4.741 0.0180000000000007 0.00999999999999979 60000 60000 0.8 1 0.8 0
0.796178343949045 0.796178343949045 0.780487804878049 1 314 314 82 4.686 4.695 0.0109999999999992 0.0150000000000006 60000 60000 0.8 0 0.8 0
0.844827586206897 0.844827586206897 0.853658536585366 1 232 232 82 3.52 3.124 0.0140000000000002 0.00899999999999945 60000 60000 0.8 1 0.8 0
0.772972972972973 0.772972972972973 0.75609756097561 1 370 370 82 5.225 5.761 0.0109999999999992 0.00999999999999979 60000 60000 0.8 1 0.8 0
0.751141552511416 0.751141552511416 0.841463414634146 1 438 438 82 4.834 4.767 0.00999999999999979 0.00999999999999979 60000 60000 0.8 1 0.8 0
0.390739939420164 0.432552954292085 0.475609756097561 1 2311 897 82 58.438 22.236 0.0229999999999961 0.0229999999999961 60000 60000 0.46 1 0.8 0
0.801980198019802 0.801980198019802 0.804878048780488 0 303 303 82 4.502 4.388 0.0140000000000011 0.0109999999999992 60000 60000 0.8 1 0.8 0
0.274401473296501 0.274401473296501 0.25609756097561 0 543 543 82 7.507 7.33 0.011000000000001 0.0119999999999987 60000 60000 0.2 0 0.8 0
0.739583333333333 0.739583333333333 0.768292682926829 1 480 480 82 7.314 7.349 0.032 0.032 60000 60000 0.8 1 0.8 0
0.392632900795312 0.404682274247492 0.48780487804878 0 2389 897 82 60.699 22.444 0.0240000000000009 0.0240000000000009 60000 60000 0.46 0 0.8 0
0.393300248138958 0.430323299888517 0.451219512195122 0 2418 897 82 61.493 22.351 0.0240000000000009 0.032999999999987 60000 60000 0.46 0 0.8 0
0.571561511260004 0.399108138238573 0.219512195121951 1 5373 897 82 89.646 14.163 0.0120000000000005 0.0119999999999862 60000 60000 0.2 0 0.8 0
0.39413680781759 0.415830546265329 0.475609756097561 0 2456 897 82 62.88 22.476 0.0249999999999915 0.0250000000000057 60000 60000 0.46 0 0.8 0
0.379779989523311 0.41917502787068 0.426829268292683 0 1909 897 82 19.157 8.763 0.00900000000000034 0.00900000000000034 60000 60000 0.46 0 0.8 0
0.563105392511204 0.455964325529543 0.341463414634146 0 6917 897 82 96.418 12.742 0.0120000000000005 0.0120000000000005 60000 60000 0.231076597274451 0 0.8 0
0.386901997213191 0.426978818283166 0.353658536585366 0 2153 897 82 20.957 8.446 0.0100000000000016 0.0129999999999981 60000 60000 0.46 1 0.8 0
0.397877984084881 0.429208472686734 0.426829268292683 0 2639 897 82 67.714 22.694 0.0240000000000009 0.0250000000000057 60000 60000 0.46 1 0.8 0
0.618274111675127 0.567447045707915 0.573170731707317 0 1970 897 82 25.296 11.841 0.0100000000000051 0.0129999999999981 60000 60000 0.538507586233981 0 0.8 0
0.685393258426966 0.685393258426966 0.74390243902439 1 801 801 82 12.465 12.205 0.0169999999999995 0.0129999999999981 60000 60000 0.723882426606078 1 0.8 0
0.4006456241033 0.43701226309922 0.51219512195122 0 2788 897 82 70.667 22.448 0.0240000000000009 0.0310000000000059 60000 60000 0.46 1 0.8 0
0.379726890756303 0.409141583054627 0.390243902439024 0 1904 897 82 27.684 13.674 0.0100000000000051 0.0129999999999981 60000 60000 0.46 0 0.8 0
0.379164463246959 0.400222965440357 0.317073170731707 1 1891 897 82 25.274 12.561 0.00999999999999801 0.00999999999999801 60000 60000 0.46 0 0.8 0
0.364002686366689 0.382385730211817 0.390243902439024 1 1489 897 82 21.261 13.561 0.0110000000000028 0.00999999999999801 60000 60000 0.44761294505164 1 0.8 0
0.363819771351715 0.382385730211817 0.451219512195122 1 1487 897 82 20.82 13.385 0.0120000000000005 0.00999999999999801 60000 60000 0.46 0 0.8 0
0.379905808477237 0.387959866220736 0.414634146341463 0 1911 897 82 25.781 11.392 0.0110000000000028 0.0210000000000008 60000 60000 0.46 0 0.8 0
0.380332986472425 0.393534002229654 0.341463414634146 1 1922 897 82 26.638 11.527 0.00999999999999801 0.0109999999999957 60000 60000 0.46 0 0.8 0
0.411547212741752 0.426978818283166 0.463414634146341 1 3516 897 82 89.342 22.466 0.0240000000000009 0.0250000000000057 60000 60000 0.46 0 0.8 0
0.410899653979239 0.452619843924192 0.378048780487805 0 3468 897 82 89.139 22.714 0.0249999999999915 0.0300000000000011 60000 60000 0.46 0 0.8 0
0.388537906137184 0.445930880713489 0.5 0 2216 897 82 30.15 11.555 0.0139999999999958 0.0279999999999987 60000 60000 0.46 0 0.8 0
0.412339475153546 0.450390189520624 0.5 0 3582 897 82 90.857 22.214 0.0240000000000009 0.0229999999999961 60000 60000 0.46 0 0.8 0
0.412388392857143 0.434782608695652 0.48780487804878 0 3584 897 82 90.863 22.269 0.0229999999999961 0.0289999999999964 60000 60000 0.46 0 0.8 0
0.414308595835558 0.460423634336678 0.402439024390244 0 3746 897 82 94.958 22.202 0.0240000000000009 0.0230000000000103 60000 60000 0.46 0 0.8 0
0.38693234476367 0.406911928651059 0.48780487804878 1 2158 897 82 32.609 12.899 0.00900000000000034 0.00900000000000034 60000 60000 0.46 1 0.8 0
0.390625 0.424749163879599 0.475609756097561 1 2304 897 82 39.31 17.147 0.0130000000000052 0.0169999999999959 60000 60000 0.46 1 0.8 0
0.417082917082917 0.448160535117057 0.426829268292683 0 4004 897 82 101.727 22.197 0.0229999999999961 0.0229999999999961 60000 60000 0.46 0 0.8 0
0.405220228384992 0.426978818283166 0.390243902439024 0 3065 897 82 44.836 13.788 0.0279999999999987 0.0360000000000014 60000 60000 0.46 1 0.8 0
0.417612234829798 0.449275362318841 0.48780487804878 1 4054 897 82 105.156 22.565 0.0240000000000009 0.0250000000000057 60000 60000 0.46 0 0.8 0
0.419155998103367 0.505016722408027 0.414634146341463 1 4218 897 82 111.407 22.577 0.0249999999999773 0.0250000000000057 60000 60000 0.46 0 0.8 0
0.417990711317526 0.448160535117057 0.402439024390244 0 4091 897 82 60.099 12.271 0.0130000000000052 0.00900000000000034 60000 60000 0.46 0 0.8 0
0.417144281086469 0.452619843924192 0.414634146341463 0 4013 897 82 53.966 11.858 0.0139999999999958 0.00900000000000034 60000 60000 0.46 0 0.8 0
0.416896465279519 0.455964325529543 0.317073170731707 0 3989 897 82 68.687 16.236 0.0150000000000006 0.0150000000000006 60000 60000 0.46 1 0.8 0
0.564858670741024 0.391304347826087 0.195121951219512 0 6545 897 82 194.243 26.846 0.0229999999999961 0.0229999999999961 60000 60000 0.2 0 0.8 0
