0.355366027007818 0.350142721217888 0.326530612244898 0.326530612244898 11 8 1 0.603 0.445 0.0510000000000002 0.0500000000000003 60000 516 0.46 0 0.8 0.5
0.41436738752175 0.445958219800182 0.426229508196721 0.426229508196721 32 8 1 1.785 0.43 0.0569999999999999 0.052 60000 492 0.46 1 0.8 0.5
0.394412191582003 0.433108758421559 0.444897959183673 0.444897959183673 23 8 1 1.327 0.449 0.0539999999999998 0.0529999999999999 60000 523 0.46 1 0.8 0.5
0.375679683638161 0.400535236396075 0.428571428571429 0.428571428571429 17 9 1 1.282 0.782999999999999 0.0490000000000004 0.0519999999999996 60000 540 0.46 1 0.8 0.5
0.62012012012012 0.595103578154426 0.559183673469388 0.559183673469388 16 8 1 0.875 0.415 0.0499999999999998 0.0460000000000003 60000 512 0.499129678212165 0 0.8 0.5
0.797843665768194 0.797843665768194 0.775510204081633 0.775510204081633 2 2 1 0.239 0.219 0.102 0.081 60000 495 0.8 1 0.8 0.5
0.805013927576602 0.805013927576602 0.8 0.8 2 2 1 0.276 0.218 0.085 0.0870000000000002 60000 519 0.8 1 0.8 0.5
0.754166666666667 0.754166666666667 0.741803278688525 0.741803278688525 3 3 1 0.281 0.296 0.108 0.0900000000000003 60000 514 0.8 1 0.8 0.5
0.755364806866953 0.755364806866953 0.755102040816326 0.755102040816326 3 3 1 0.326 0.162 0.0430000000000001 0.0430000000000001 60000 527 0.8 0 0.8 0.5
0.386585933861202 0.401559454191033 0.444897959183673 0.444897959183673 18 8 1 1.373 0.729 0.0670000000000002 0.0549999999999997 60000 532 0.46 1 0.8 0.5
0.411860276198213 0.428444444444444 0.454918032786885 0.454918032786885 32 9 1 2.532 0.539000000000001 0.0590000000000002 0.0569999999999995 60000 537 0.46 1 0.8 0.5
0.740585774058577 0.740585774058577 0.778688524590164 0.778688524590164 3 3 1 0.198 0.197 0.0590000000000002 0.0589999999999997 60000 514 0.8 1 0.8 0.5
0.853061224489796 0.853061224489796 0.853061224489796 0.853061224489796 1 1 1 0.144 0.137 0.138 0.129 60000 527 0.8 1 0.8 0.5
0.824022346368715 0.824022346368715 0.815573770491803 0.815573770491803 2 2 1 0.354 0.173 0.085 0.052 60000 507 0.8 1 0.8 0.5
0.813008130081301 0.813008130081301 0.783673469387755 0.783673469387755 2 2 1 0.323 0.185 0.052 0.0510000000000002 60000 502 0.8 1 0.8 0.5
0.819444444444444 0.819444444444444 0.787755102040816 0.787755102040816 2 2 1 0.156 0.117 0.0510000000000002 0.0510000000000002 60000 534 0.8 1 0.8 0.5
0.378835978835979 0.373493975903614 0.377049180327869 0.377049180327869 15 8 1 0.77 0.388 0.0470000000000002 0.0469999999999997 60000 507 0.46 0 0.8 0.5
0.606027195883866 0.530731707317073 0.457142857142857 0.457142857142857 23 8 1 1.355 0.448 0.0590000000000002 0.0550000000000002 60000 531 0.259177193310705 0 0.8 0.5
0.780590717299578 0.780590717299578 0.76734693877551 0.76734693877551 3 3 1 0.189 0.183 0.052 0.0529999999999999 60000 525 0.8 1 0.8 0.5
0.385014137606032 0.411875589066918 0.485714285714286 0.485714285714286 17 8 1 1.026 0.725 0.0909999999999997 0.0510000000000002 60000 510 0.46 1 0.8 0.5
0.415213545615365 0.468634686346863 0.457142857142857 0.457142857142857 32 8 1 1.977 0.43 0.0570000000000004 0.0519999999999996 60000 501 0.46 0 0.8 0.5
0.391023048928427 0.437209302325581 0.506122448979592 0.506122448979592 20 8 1 1.46 0.436 0.052 0.0509999999999997 60000 509 0.46 1 0.8 0.5
0.410013908205841 0.447199265381084 0.448979591836735 0.448979591836735 29 8 1 1.941 0.885 0.0730000000000004 0.0669999999999993 60000 502 0.46 1 0.8 0.5
0.362616822429907 0.39109390125847 0.436734693877551 0.436734693877551 13 8 1 0.738 0.481 0.0500000000000003 0.056 60000 526 0.46 1 0.8 0.5
0.372294372294372 0.371563981042654 0.404081632653061 0.404081632653061 15 8 1 0.827 0.41 0.052 0.0580000000000003 60000 519 0.46 1 0.8 0.5
0.786703601108033 0.786703601108033 0.746938775510204 0.746938775510204 2 2 1 0.146 0.119 0.0539999999999998 0.0550000000000002 60000 501 0.8 1 0.8 0.5
0.824512534818941 0.824512534818941 0.811475409836066 0.811475409836066 2 2 1 0.315 0.257 0.113 0.0649999999999999 60000 520 0.8 0 0.8 0.5
0.369069624152803 0.384395813510942 0.43265306122449 0.43265306122449 13 8 1 1.264 0.471 0.0510000000000002 0.0529999999999999 60000 517 0.46 1 0.8 0.5
0.805633802816901 0.805633802816901 0.827868852459016 0.827868852459016 2 2 1 0.149 0.122 0.052 0.0579999999999998 60000 531 0.8 1 0.8 0.5
0.803324099722992 0.803324099722992 0.812244897959184 0.812244897959184 2 2 1 0.161 0.132 0.056 0.0580000000000003 60000 512 0.8 1 0.8 0.5
0.802777777777778 0.802777777777778 0.819672131147541 0.819672131147541 2 2 1 0.155 0.111 0.0470000000000002 0.0549999999999997 60000 512 0.8 1 0.8 0.5
0.780821917808219 0.780821917808219 0.763265306122449 0.763265306122449 2 2 1 0.17 0.127 0.0550000000000002 0.0609999999999999 60000 502 0.8 1 0.8 0.5
0.377956718671364 0.395260663507109 0.418032786885246 0.418032786885246 16 8 1 0.912 0.56 0.107 0.0779999999999998 60000 514 0.46 0 0.8 0.5
0.798898071625344 0.798898071625344 0.787755102040816 0.787755102040816 2 2 1 0.151 0.12 0.0529999999999999 0.052 60000 506 0.8 0 0.8 0.5
0.372321945570353 0.381413359148112 0.401639344262295 0.401639344262295 14 8 1 1.123 0.424 0.052 0.0510000000000002 60000 524 0.46 1 0.8 0.5
0.781163434903047 0.781163434903047 0.775510204081633 0.775510204081633 2 2 1 0.216 0.129 0.048 0.0469999999999997 60000 512 0.8 1 0.8 0.5
0.385940409683426 0.405380333951763 0.453061224489796 0.453061224489796 17 8 1 1.477 0.463 0.0589999999999997 0.0569999999999999 60000 504 0.46 1 0.8 0.5
0.781767955801105 0.781767955801105 0.812244897959184 0.812244897959184 2 2 1 0.142 0.116 0.0580000000000001 0.0509999999999999 60000 516 0.8 1 0.8 0.5
0.798342541436464 0.798342541436464 0.812244897959184 0.812244897959184 2 2 1 0.141 0.114 0.0479999999999998 0.0489999999999999 60000 512 0.8 1 0.8 0.5
0.37210615471485 0.378301886792453 0.352459016393443 0.352459016393443 14 8 1 0.891 0.544 0.0940000000000003 0.085 60000 511 0.46 1 0.8 0.5
0.735144312393888 0.735144312393888 0.73469387755102 0.73469387755102 4 4 1 0.215 0.192 0.0450000000000002 0.044 60000 523 0.8 0 0.8 0.5
0.797222222222222 0.797222222222222 0.775510204081633 0.775510204081633 2 2 1 0.157 0.13 0.0680000000000001 0.0609999999999999 60000 512 0.8 1 0.8 0.5
0.788300835654596 0.788300835654596 0.779591836734694 0.779591836734694 2 2 1 0.274 0.22 0.085 0.0640000000000001 60000 520 0.8 1 0.8 0.5
0.792243767313019 0.792243767313019 0.783673469387755 0.783673469387755 2 2 1 0.334 0.175 0.0870000000000002 0.0539999999999998 60000 515 0.8 1 0.8 0.5
0.8125 0.8125 0.812244897959184 0.812244897959184 2 2 1 0.221 0.239 0.0939999999999999 0.0850000000000004 60000 497 0.8 1 0.8 0.5
0.818681318681319 0.818681318681319 0.804081632653061 0.804081632653061 2 2 1 0.269 0.226 0.0569999999999999 0.052 60000 506 0.8 0 0.8 0.5
0.416608022519353 0.475551294343241 0.514285714285714 0.514285714285714 36 8 1 2.258 0.625 0.048 0.0490000000000004 60000 521 0.46 0 0.8 0.5
0.410825439783491 0.435823754789272 0.463114754098361 0.463114754098361 31 8 1 1.746 0.442 0.0499999999999998 0.0579999999999998 60000 520 0.46 0 0.8 0.5
0.38111217641419 0.396925858951175 0.481632653061224 0.481632653061224 18 9 1 1.356 0.484 0.0540000000000003 0.0489999999999999 60000 552 0.46 0 0.8 0.5
0.795580110497238 0.795580110497238 0.787755102040816 0.787755102040816 2 2 1 0.142 0.105 0.0460000000000003 0.0449999999999999 60000 523 0.8 1 0.8 0.5
0.811475409836066 0.811475409836066 0.820408163265306 0.820408163265306 2 2 1 0.149 0.125 0.0549999999999997 0.0650000000000004 60000 508 0.8 0 0.8 0.5
0.374149659863946 0.373814041745731 0.33469387755102 0.33469387755102 14 8 1 0.83 0.448 0.0979999999999999 0.0990000000000002 60000 514 0.369620505240398 1 0.8 0.5
0.401724137931035 0.444338725023787 0.479508196721311 0.479508196721311 24 8 1 1.6 0.671 0.0520000000000005 0.048 60000 518 0.46 0 0.8 0.5
0.410908052541405 0.45617342130066 0.469387755102041 0.469387755102041 29 8 1 1.685 0.447 0.0529999999999999 0.0529999999999999 60000 515 0.46 1 0.8 0.5
0.404575163398693 0.443609022556391 0.457142857142857 0.457142857142857 25 8 1 2.158 0.433 0.0519999999999996 0.0500000000000007 60000 511 0.46 0 0.8 0.5
0.784702549575071 0.784702549575071 0.771428571428571 0.771428571428571 2 2 1 0.251 0.207 0.0920000000000001 0.0920000000000001 60000 544 0.8 1 0.8 0.5
0.34906427990236 0.347511312217195 0.338775510204082 0.338775510204082 9 8 1 0.8 0.928 0.0800000000000001 0.0669999999999997 60000 488 0.299985283580841 0 0.8 0.5
0.770961145194274 0.770961145194274 0.755102040816326 0.755102040816326 3 3 1 0.394 0.375 0.0609999999999999 0.0869999999999997 60000 496 0.8 1 0.8 0.5
0.266441821247892 0.266441821247892 0.254098360655738 0.254098360655738 4 4 1 0.251 0.246 0.0529999999999999 0.052 60000 509 0.2 0 0.8 0.5
0.819178082191781 0.819178082191781 0.816326530612245 0.816326530612245 2 2 1 0.15 0.125 0.0550000000000002 0.0649999999999999 60000 502 0.8 1 0.8 0.5
0.247288503253796 0.247288503253796 0.240816326530612 0.240816326530612 3 3 1 0.203 0.216 0.0880000000000001 0.097 60000 537 0.2 0 0.8 0.5
0.338951310861423 0.338951310861423 0.338775510204082 0.338775510204082 8 8 1 0.751 0.779 0.0600000000000001 0.0510000000000002 60000 506 0.2 0 0.8 0.5
0.807799442896936 0.807799442896936 0.83265306122449 0.83265306122449 2 2 1 0.144 0.133 0.0510000000000002 0.052 60000 525 0.8 1 0.8 0.5
0.807262569832402 0.807262569832402 0.804081632653061 0.804081632653061 2 2 1 0.152 0.146 0.0600000000000001 0.0680000000000001 60000 525 0.8 1 0.8 0.5
0.37218251786696 0.400980392156863 0.383673469387755 0.383673469387755 15 8 1 0.851 0.417 0.0509999999999997 0.0500000000000003 60000 533 0.46 0 0.8 0.5
0.794520547945205 0.794520547945205 0.771428571428571 0.771428571428571 2 2 1 0.136 0.106 0.0470000000000002 0.0459999999999998 60000 500 0.8 1 0.8 0.5
0.844897959183673 0.844897959183673 0.844897959183673 0.844897959183673 1 1 1 0.0960000000000001 0.0640000000000001 0.0489999999999999 0.0489999999999999 60000 498 0.8 0 0.8 0.5
0.250554323725055 0.250554323725055 0.269387755102041 0.269387755102041 3 3 1 0.251 0.302 0.0999999999999996 0.0870000000000002 60000 557 0.2 0 0.8 0.5
0.815642458100559 0.815642458100559 0.812244897959184 0.812244897959184 2 2 1 0.333 0.179 0.0569999999999999 0.0509999999999997 60000 520 0.8 0 0.8 0.5
0.367144432194046 0.378899082568807 0.416326530612245 0.416326530612245 14 8 1 1.413 0.731 0.0540000000000003 0.0529999999999999 60000 494 0.297771116132473 0 0.8 0.5
0.379888268156425 0.379411764705882 0.409836065573771 0.409836065573771 18 8 1 1.217 0.66 0.0700000000000003 0.0799999999999992 60000 535 0.46 1 0.8 0.5
0.379363449691992 0.382998171846435 0.43265306122449 0.43265306122449 15 8 1 0.93 0.458 0.0569999999999999 0.056 60000 493 0.46 1 0.8 0.5
0.807262569832402 0.807262569832402 0.791836734693877 0.791836734693877 2 2 1 0.15 0.121 0.0529999999999999 0.0630000000000002 60000 529 0.8 1 0.8 0.5
0.80672268907563 0.80672268907563 0.783673469387755 0.783673469387755 2 2 1 0.147 0.122 0.0540000000000003 0.0529999999999999 60000 522 0.8 1 0.8 0.5
0.382716049382716 0.39239332096475 0.4 0.4 16 8 1 0.916 0.446 0.052 0.0569999999999999 60000 504 0.46 0 0.8 0.5
0.794366197183099 0.794366197183099 0.795918367346939 0.795918367346939 2 2 1 0.308 0.264 0.069 0.0720000000000001 60000 534 0.8 0 0.8 0.5
0.804407713498623 0.804407713498623 0.820408163265306 0.820408163265306 2 2 1 0.157 0.135 0.0499999999999998 0.0510000000000002 60000 514 0.8 1 0.8 0.5
0.359217171717172 0.362557077625571 0.387755102040816 0.387755102040816 12 8 1 0.732 0.913 0.0529999999999999 0.0470000000000002 60000 495 0.344885273295662 1 0.8 0.5
0.371462264150943 0.381553398058252 0.391836734693878 0.391836734693878 14 8 1 1.17 0.611 0.0460000000000003 0.048 60000 532 0.46 0 0.8 0.5
0.808864265927978 0.808864265927978 0.791836734693877 0.791836734693877 2 2 1 0.342 0.302 0.12 0.119 60000 514 0.8 1 0.8 0.5
0.809264305177112 0.809264305177112 0.791836734693877 0.791836734693877 2 2 1 0.276 0.211 0.085 0.0609999999999999 60000 505 0.8 1 0.8 0.5
0.571556510836468 0.519925857275255 0.477551020408163 0.477551020408163 46 8 1 3.392 0.414999999999999 0.0499999999999998 0.0510000000000002 60000 505 0.371494921898234 1 0.8 0.5
0.24375 0.24375 0.281632653061224 0.281632653061224 3 3 1 0.23 0.174 0.0469999999999997 0.0470000000000002 60000 510 0.2 0 0.8 0.5
0.804407713498623 0.804407713498623 0.828571428571429 0.828571428571429 2 2 1 0.131 0.104 0.0570000000000004 0.0479999999999996 60000 501 0.8 1 0.8 0.5
0.798882681564246 0.798882681564246 0.812244897959184 0.812244897959184 2 2 1 0.228 0.265 0.12 0.116 60000 515 0.8 1 0.8 0.5
0.605476282298496 0.555032925682032 0.542857142857143 0.542857142857143 21 8 1 2.746 1.028 0.119 0.121 60000 510 0.345312437738778 0 0.8 0.5
0.788819875776398 0.788819875776398 0.730612244897959 0.730612244897959 3 3 1 0.204 0.166 0.0500000000000003 0.0499999999999998 60000 506 0.8 0 0.8 0.5
0.797222222222222 0.797222222222222 0.787755102040816 0.787755102040816 2 2 1 0.259 0.21 0.0830000000000002 0.0960000000000001 60000 520 0.8 0 0.8 0.5
0.406662665066026 0.454807692307692 0.457142857142857 0.457142857142857 28 8 1 2.472 0.758 0.0720000000000001 0.0629999999999997 60000 524 0.46 1 0.8 0.5
0.796657381615599 0.796657381615599 0.783673469387755 0.783673469387755 2 2 1 0.211 0.211 0.0869999999999997 0.0880000000000001 60000 522 0.8 1 0.8 0.5
0.592364170337739 0.533333333333333 0.493877551020408 0.493877551020408 29 8 1 3.605 1.006 0.119 0.119999999999999 60000 530 0.203395130625011 1 0.8 0.5
0.836734693877551 0.836734693877551 0.836734693877551 0.836734693877551 1 1 1 0.0960000000000001 0.0700000000000001 0.0569999999999999 0.0539999999999998 60000 513 0.8 1 0.8 0.5
0.297699594046008 0.297699594046008 0.257142857142857 0.257142857142857 5 5 1 0.752 0.661 0.122999999999999 0.123 60000 488 0.223499272540546 0 0.8 0.5
0.789041095890411 0.789041095890411 0.782786885245902 0.782786885245902 2 2 1 0.336 0.306 0.12 0.121 60000 499 0.8 0 0.8 0.5
0.407958774692242 0.455533596837945 0.412244897959184 0.412244897959184 30 8 1 2.789 0.685 0.0940000000000003 0.093 60000 534 0.46 1 0.8 0.5
0.336448598130841 0.336448598130841 0.33469387755102 0.33469387755102 8 8 1 0.424 0.891 0.113 0.0630000000000002 60000 506 0.224394010142692 0 0.8 0.5
0.828254847645429 0.828254847645429 0.828571428571429 0.828571428571429 2 2 1 0.144 0.118 0.052 0.052 60000 514 0.8 1 0.8 0.5
0.786931818181818 0.786931818181818 0.755102040816326 0.755102040816326 2 2 1 0.327 0.392 0.21 0.205 60000 537 0.8 1 0.8 0.5
0.29126213592233 0.29126213592233 0.314285714285714 0.314285714285714 5 5 1 0.523 0.444 0.0829999999999997 0.111 60000 504 0.2 0 0.8 0.5
0.752136752136752 0.752136752136752 0.779591836734694 0.779591836734694 3 3 1 0.191 0.318 0.113 0.118 60000 524 0.8 1 0.8 0.5
0.395245170876672 0.411140583554377 0.395918367346939 0.395918367346939 23 9 1 1.332 0.5 0.056 0.0550000000000002 60000 537 0.46 1 0.8 0.5
0.231732776617954 0.231732776617954 0.224489795918367 0.224489795918367 3 3 1 0.459 0.434 0.12 0.12 60000 508 0.2 0 0.8 0.5
0.394067796610169 0.42296918767507 0.424489795918367 0.424489795918367 21 8 1 2.783 1.041 0.132 0.118 60000 509 0.46 0 0.8 0.5
0.793296089385475 0.793296089385475 0.8 0.8 2 2 1 0.188 0.135 0.0590000000000002 0.0529999999999999 60000 530 0.8 0 0.8 0.5
0.327659574468085 0.327659574468085 0.221311475409836 0.221311475409836 7 7 1 0.443 0.442 0.0529999999999999 0.0510000000000002 60000 514 0.259913121255683 1 0.8 0.5
0.402478799739074 0.428432327166504 0.46530612244898 0.46530612244898 26 8 1 3.28 1.01 0.118999999999999 0.112 60000 531 0.46 1 0.8 0.5
0.368569813453929 0.393826005612722 0.408163265306122 0.408163265306122 14 8 1 1.337 0.669 0.081 0.0869999999999997 60000 509 0.46 0 0.8 0.5
0.40963503649635 0.440598690364827 0.481632653061224 0.481632653061224 28 8 1 1.971 0.695 0.121 0.0969999999999995 60000 509 0.46 0 0.8 0.5
0.796143250688705 0.796143250688705 0.820408163265306 0.820408163265306 2 2 1 0.338 0.298999999999999 0.119000000000001 0.117999999999999 60000 502 0.8 1 0.8 0.5
0.797183098591549 0.797183098591549 0.791836734693877 0.791836734693877 2 2 1 0.269 0.212 0.0940000000000003 0.0600000000000001 60000 534 0.8 1 0.8 0.5
0.36738578680203 0.378167641325536 0.422131147540984 0.422131147540984 13 8 1 0.831 0.522 0.0799999999999996 0.108 60000 535 0.46 0 0.8 0.5
0.794444444444444 0.794444444444444 0.783673469387755 0.783673469387755 2 2 1 0.14 0.114 0.0500000000000003 0.0600000000000001 60000 511 0.8 1 0.8 0.5
0.786703601108033 0.786703601108033 0.8 0.8 2 2 1 0.284 0.169 0.0659999999999998 0.073 60000 522 0.8 1 0.8 0.5
0.803324099722992 0.803324099722992 0.816326530612245 0.816326530612245 2 2 1 0.138 0.11 0.0499999999999998 0.0500000000000003 60000 521 0.8 1 0.8 0.5
0.797222222222222 0.797222222222222 0.791836734693877 0.791836734693877 2 2 1 0.181 0.155 0.097 0.105 60000 527 0.8 1 0.8 0.5
0.780555555555556 0.780555555555556 0.76734693877551 0.76734693877551 2 2 1 0.161 0.134 0.0569999999999999 0.052 60000 513 0.8 1 0.8 0.5
0.392682006789891 0.425837320574163 0.391836734693878 0.391836734693878 22 8 1 1.216 0.427 0.0489999999999999 0.0510000000000002 60000 523 0.46 0 0.8 0.5
0.798319327731092 0.798319327731092 0.775510204081633 0.775510204081633 2 2 1 0.154 0.127 0.0569999999999999 0.0680000000000001 60000 527 0.8 1 0.8 0.5
0.406289308176101 0.431796801505174 0.409836065573771 0.409836065573771 26 8 1 1.473 0.436 0.052 0.0540000000000003 60000 510 0.46 1 0.8 0.5
0.7875 0.7875 0.751020408163265 0.751020408163265 3 3 1 0.459 0.434 0.121 0.122 60000 501 0.8 0 0.8 0.5
0.853061224489796 0.853061224489796 0.853061224489796 0.853061224489796 1 1 1 0.146 0.0709999999999997 0.056 0.0629999999999997 60000 492 0.8 1 0.8 0.5
0.555895691609977 0.411368015414258 0.346938775510204 0.346938775510204 77 8 1 4.335 0.473 0.0570000000000004 0.0569999999999995 60000 531 0.2 0 0.8 0.5
0.790055248618785 0.790055248618785 0.8 0.8 2 2 1 0.139 0.111 0.048 0.0479999999999998 60000 515 0.8 1 0.8 0.5
0.770386266094421 0.770386266094421 0.771428571428571 0.771428571428571 3 3 1 0.186 0.158 0.048 0.0500000000000003 60000 528 0.8 1 0.8 0.5
0.76890756302521 0.76890756302521 0.774590163934426 0.774590163934426 3 3 1 0.797 0.487 0.126 0.111999999999999 60000 521 0.8 1 0.8 0.5
0.384911100432484 0.420095693779904 0.481632653061224 0.481632653061224 17 8 1 1.254 0.863 0.069 0.0819999999999999 60000 520 0.46 0 0.8 0.5
0.399301919720768 0.439922480620155 0.4 0.4 24 8 1 1.653 0.478 0.0709999999999997 0.100000000000001 60000 524 0.46 1 0.8 0.5
0.762004175365344 0.762004175365344 0.73469387755102 0.73469387755102 3 3 1 0.18 0.161 0.0469999999999999 0.048 60000 521 0.8 1 0.8 0.5
0.295735900962861 0.295735900962861 0.240816326530612 0.240816326530612 5 5 1 0.664 0.413 0.0700000000000003 0.0640000000000001 60000 499 0.2 0 0.8 0.5
0.792243767313019 0.792243767313019 0.774590163934426 0.774590163934426 2 2 1 0.141 0.117 0.0509999999999999 0.05 60000 524 0.8 1 0.8 0.5
0.781512605042017 0.781512605042017 0.755102040816326 0.755102040816326 3 3 1 0.22 0.163 0.0489999999999999 0.0469999999999997 60000 512 0.8 1 0.8 0.5
0.825484764542936 0.825484764542936 0.83265306122449 0.83265306122449 2 2 1 0.145 0.12 0.0520000000000003 0.052 60000 527 0.8 1 0.8 0.5
0.40998268897865 0.451016635859519 0.457142857142857 0.457142857142857 28 8 1 2.016 0.709000000000001 0.0579999999999998 0.0529999999999999 60000 502 0.46 0 0.8 0.5
0.824657534246575 0.824657534246575 0.828571428571429 0.828571428571429 2 2 1 0.266 0.189 0.0510000000000002 0.0509999999999997 60000 493 0.8 1 0.8 0.5
0.371614301191766 0.404602109300096 0.383673469387755 0.383673469387755 15 8 1 1.981 1.013 0.121 0.119999999999999 60000 522 0.46 0 0.8 0.5
0.79108635097493 0.79108635097493 0.8 0.8 2 2 1 0.127 0.15 0.0550000000000002 0.0499999999999998 60000 521 0.8 0 0.8 0.5
0.797222222222222 0.797222222222222 0.816326530612245 0.816326530612245 2 2 1 0.347 0.279000000000001 0.122 0.122 60000 520 0.8 1 0.8 0.5
0.386310360993905 0.399812734082397 0.43265306122449 0.43265306122449 17 8 1 1.643 0.764 0.0509999999999993 0.0529999999999999 60000 507 0.46 1 0.8 0.5
0.337711069418386 0.337711069418386 0.311475409836066 0.311475409836066 8 8 1 1.082 1.098 0.12 0.114 60000 509 0.348609773337127 0 0.8 0.5
0.386505622657226 0.427516158818098 0.428571428571429 0.428571428571429 19 8 1 1.572 0.876 0.0800000000000001 0.0649999999999995 60000 500 0.46 1 0.8 0.5
0.83013698630137 0.83013698630137 0.804081632653061 0.804081632653061 2 2 1 0.338 0.295 0.121 0.119 60000 504 0.8 0 0.8 0.5
0.368718238283456 0.385406922357343 0.409836065573771 0.409836065573771 14 8 1 1.446 0.677 0.106999999999999 0.0920000000000005 60000 507 0.46 0 0.8 0.5
0.784741144414169 0.784741144414169 0.790983606557377 0.790983606557377 2 2 1 0.328 0.289 0.117 0.114 60000 500 0.8 1 0.8 0.5
0.601966496722505 0.57252641690682 0.477551020408163 0.477551020408163 23 8 1 1.386 0.837 0.0800000000000001 0.0529999999999999 60000 527 0.39266056772402 1 0.8 0.5
0.805084745762712 0.805084745762712 0.812244897959184 0.812244897959184 2 2 1 0.145 0.109 0.048 0.0469999999999999 60000 547 0.8 1 0.8 0.5
0.373582766439909 0.380772855796418 0.442622950819672 0.442622950819672 14 8 1 1.835 0.96 0.118 0.117 60000 513 0.46 0 0.8 0.5
0.399347116430903 0.407729468599034 0.359183673469388 0.359183673469388 23 8 1 2.929 1.001 0.121 0.121 60000 523 0.46 0 0.8 0.5
0.8 0.8 0.779591836734694 0.779591836734694 2 2 1 0.167 0.129 0.0529999999999999 0.052 60000 514 0.8 1 0.8 0.5
0.8 0.8 0.775510204081633 0.775510204081633 2 2 1 0.147 0.12 0.0519999999999996 0.052 60000 507 0.8 1 0.8 0.5
0.376683937823834 0.381301558203483 0.428571428571429 0.428571428571429 15 8 1 0.884 0.875 0.0810000000000004 0.0699999999999994 60000 499 0.46 1 0.8 0.5
0.270450751252087 0.270450751252087 0.30327868852459 0.30327868852459 4 4 1 0.233 0.212 0.048 0.0489999999999999 60000 507 0.2 1 0.8 0.5
0.783707865168539 0.783707865168539 0.779591836734694 0.779591836734694 2 2 1 0.329 0.288 0.119 0.114000000000001 60000 526 0.8 0 0.8 0.5
0.208333333333333 0.208333333333333 0.192622950819672 0.192622950819672 2 2 1 0.161 0.123 0.044 0.0430000000000001 60000 512 0.2 0 0.8 0.5
0.785714285714286 0.785714285714286 0.783673469387755 0.783673469387755 2 2 1 0.136 0.121 0.0489999999999999 0.0470000000000002 60000 509 0.8 1 0.8 0.5
0.789915966386555 0.789915966386555 0.8 0.8 2 2 1 0.342 0.3 0.12 0.119000000000001 60000 519 0.8 1 0.8 0.5
0.783613445378151 0.783613445378151 0.759183673469388 0.759183673469388 3 3 1 0.226 0.278 0.103 0.0900000000000003 60000 520 0.8 1 0.8 0.5
0.384763741562199 0.420765027322404 0.477551020408163 0.477551020408163 16 8 1 1.524 0.477 0.0579999999999998 0.056 60000 492 0.46 0 0.8 0.5
0.808450704225352 0.808450704225352 0.775510204081633 0.775510204081633 2 2 1 0.2 0.121 0.0509999999999997 0.052 60000 545 0.8 1 0.8 0.5
0.730703259005146 0.730703259005146 0.733606557377049 0.733606557377049 4 4 1 0.405 0.392 0.052 0.0509999999999997 60000 520 0.8 1 0.8 0.5
0.788888888888889 0.788888888888889 0.783673469387755 0.783673469387755 2 2 1 0.137 0.11 0.048 0.0469999999999999 60000 517 0.8 1 0.8 0.5
0.277210884353741 0.277210884353741 0.273469387755102 0.273469387755102 4 4 1 0.58 0.529000000000001 0.119 0.119000000000001 60000 517 0.2 0 0.8 0.5
0.576388888888889 0.449074074074074 0.33469387755102 0.33469387755102 40 8 1 2.167 0.44 0.0499999999999998 0.0519999999999996 60000 503 0.2 1 0.8 0.5
0.38739946380697 0.420805998125586 0.453061224489796 0.453061224489796 18 8 1 1.471 0.862 0.117000000000001 0.0680000000000005 60000 509 0.46 0 0.8 0.5
0.812154696132597 0.812154696132597 0.816326530612245 0.816326530612245 2 2 1 0.297 0.172 0.052 0.0499999999999998 60000 507 0.8 1 0.8 0.5
0.400274160383825 0.458885941644562 0.481632653061224 0.481632653061224 25 9 1 3.2 1.138 0.119 0.114000000000001 60000 538 0.46 1 0.8 0.5
0.414745376235115 0.433837429111531 0.408163265306122 0.408163265306122 33 8 1 2.973 0.715 0.0640000000000001 0.0620000000000003 60000 517 0.46 1 0.8 0.5
0.412342981977062 0.454119850187266 0.469387755102041 0.469387755102041 30 8 1 2.521 0.457 0.0590000000000002 0.0479999999999992 60000 508 0.46 1 0.8 0.5
0.366013071895425 0.370201096892139 0.375510204081633 0.375510204081633 13 8 1 0.859 0.391 0.0469999999999997 0.0580000000000003 60000 498 0.46 0 0.8 0.5
0.853061224489796 0.853061224489796 0.853061224489796 0.853061224489796 1 1 1 0.22 0.154 0.119 0.144 60000 518 0.8 1 0.8 0.5
0.809917355371901 0.809917355371901 0.83265306122449 0.83265306122449 2 2 1 0.148 0.132 0.0569999999999999 0.0590000000000002 60000 503 0.8 0 0.8 0.5
0.57197872730607 0.492351816443595 0.457142857142857 0.457142857142857 46 8 1 5.457 0.943000000000001 0.115 0.115 60000 518 0.375280019847349 1 0.8 0.5
0.807162534435262 0.807162534435262 0.816326530612245 0.816326530612245 2 2 1 0.146 0.115 0.0430000000000001 0.0499999999999998 60000 506 0.8 0 0.8 0.5
0.788583509513742 0.788583509513742 0.763265306122449 0.763265306122449 3 3 1 0.164 0.165 0.0510000000000002 0.0530000000000004 60000 532 0.8 1 0.8 0.5
0.390711546655305 0.419263456090652 0.408163265306122 0.408163265306122 19 8 1 1.174 0.44 0.0599999999999996 0.0600000000000001 60000 512 0.46 0 0.8 0.5
0.774946921443737 0.774946921443737 0.775510204081633 0.775510204081633 3 3 1 0.243 0.155 0.0449999999999999 0.0449999999999999 60000 527 0.8 1 0.8 0.5
0.385623678646934 0.407547169811321 0.43265306122449 0.43265306122449 19 8 1 1.139 0.435 0.0580000000000003 0.0539999999999998 60000 509 0.46 1 0.8 0.5
0.788300835654596 0.788300835654596 0.779591836734694 0.779591836734694 2 2 1 0.331 0.29 0.12 0.117 60000 516 0.8 1 0.8 0.5
0.633290816326531 0.622040072859745 0.620408163265306 0.620408163265306 12 8 1 0.437 0.31 0.0339999999999998 0.032 60000 496 0.531299817939571 1 0.8 0.5
0.223849372384937 0.223849372384937 0.244897959183673 0.244897959183673 3 3 1 0.299 0.293 0.128 0.125 60000 506 0.2 0 0.8 0.5
0.590095131505316 0.540372670807453 0.461224489795918 0.461224489795918 31 9 1 2.907 0.708 0.117 0.093 60000 539 0.250058192827445 0 0.8 0.5
0.383548541367767 0.38021778584392 0.412244897959184 0.412244897959184 16 8 1 2.092 0.943 0.115 0.113 60000 488 0.46 1 0.8 0.5
0.359430604982206 0.365458015267176 0.379591836734694 0.379591836734694 11 8 1 0.612 0.41 0.0710000000000002 0.0979999999999999 60000 516 0.46 1 0.8 0.5
0.792817679558011 0.792817679558011 0.779591836734694 0.779591836734694 2 2 1 0.352 0.171 0.0579999999999998 0.0600000000000001 60000 503 0.8 1 0.8 0.5
0.407587253414264 0.433430515063168 0.440816326530612 0.440816326530612 28 8 1 2.118 0.472 0.104 0.0890000000000004 60000 529 0.46 0 0.8 0.5
0.359397417503587 0.363723608445297 0.395918367346939 0.395918367346939 11 8 1 1.422 1.043 0.118 0.117 60000 521 0.46 1 0.8 0.5
0.375786924939467 0.395732298739088 0.444897959183673 0.444897959183673 17 8 1 0.967 0.714 0.0559999999999996 0.0579999999999998 60000 526 0.46 0 0.8 0.5
0.326574172892209 0.326574172892209 0.323770491803279 0.323770491803279 7 7 1 0.95 0.943000000000001 0.121 0.117999999999999 60000 515 0.243797352023627 0 0.8 0.5
0.797222222222222 0.797222222222222 0.795918367346939 0.795918367346939 2 2 1 0.321 0.274 0.122 0.111999999999999 60000 509 0.8 1 0.8 0.5
0.384293680297398 0.414953271028037 0.424489795918367 0.424489795918367 17 8 1 2.127 0.94 0.107 0.113 60000 503 0.46 1 0.8 0.5
0.289473684210526 0.289473684210526 0.314285714285714 0.314285714285714 5 5 1 0.685 0.613 0.114 0.114 60000 505 0.2 0 0.8 0.5
0.38871473354232 0.368913857677903 0.326530612244898 0.326530612244898 18 8 1 2.295 0.955 0.116 0.118 60000 510 0.390067734438089 0 0.8 0.5
0.4065016403221 0.417511520737327 0.448979591836735 0.448979591836735 27 8 1 3.289 0.977 0.11 0.116 60000 501 0.46 1 0.8 0.5
0.812154696132597 0.812154696132597 0.807377049180328 0.807377049180328 2 2 1 0.324 0.282 0.119 0.114 60000 506 0.8 1 0.8 0.5
0.792452830188679 0.792452830188679 0.8 0.8 3 3 1 0.421 0.401000000000001 0.112 0.112 60000 510 0.8 1 0.8 0.5
0.394223263075722 0.431444241316271 0.473469387755102 0.473469387755102 20 8 1 1.455 0.434 0.0679999999999996 0.107 60000 492 0.46 0 0.8 0.5
0.785862785862786 0.785862785862786 0.755102040816326 0.755102040816326 3 3 1 0.339 0.243 0.101 0.106 60000 506 0.8 1 0.8 0.5
0.371891266628109 0.398655139289145 0.440816326530612 0.440816326530612 14 8 1 1.763 0.924 0.113 0.114000000000001 60000 525 0.46 0 0.8 0.5
0.732323232323232 0.732323232323232 0.730612244897959 0.730612244897959 4 4 1 0.545 0.516 0.112 0.111 60000 515 0.8 1 0.8 0.5
0.39867354458364 0.420507996237065 0.461224489795918 0.461224489795918 22 8 1 3.388 1.269 0.140000000000001 0.144 60000 510 0.46 1 0.8 0.5
0.794444444444444 0.794444444444444 0.808163265306122 0.808163265306122 2 2 1 0.533 0.448 0.195 0.159 60000 523 0.8 1 0.8 0.5
