0.300546448087432 0.300546448087432 0.300546448087432 0.300546448087432 1 1 1 0.178999999999999 0.149 0.134 0.131 60000 82 0.2 0 0.8 0.6
0.80327868852459 0.80327868852459 0.80327868852459 0.80327868852459 1 1 1 0.177 0.147 0.133999999999999 0.131 60000 82 0.8 1 0.8 0.6
0.256830601092896 0.256830601092896 0.256830601092896 0.256830601092896 1 1 1 0.177 0.148000000000001 0.133999999999999 0.132000000000001 60000 82 0.2 0 0.8 0.6
0.795081967213115 0.795081967213115 0.795081967213115 0.795081967213115 1 1 1 0.176 0.147 0.133 0.13 60000 82 0.8 1 0.8 0.6
0.71448087431694 0.71448087431694 0.71448087431694 0.71448087431694 1 1 1 0.18 0.15 0.136 0.133 60000 82 0.8 1 0.8 0.6
0.191256830601093 0.191256830601093 0.191256830601093 0.191256830601093 1 1 1 0.174 0.145 0.132 0.129 60000 82 0.2 0 0.8 0.6
0.808743169398907 0.808743169398907 0.808743169398907 0.808743169398907 1 1 1 0.181 0.149999999999999 0.137 0.134 60000 82 0.8 1 0.8 0.6
0.362704918032787 0.362704918032787 0.319672131147541 0.319672131147541 2 2 1 0.306 0.28 0.13 0.134 60000 82 0.2 1 0.8 0.6
0.288251366120219 0.288251366120219 0.288251366120219 0.288251366120219 1 1 1 0.175000000000001 0.146 0.133 0.131 60000 82 0.2 0 0.8 0.6
0.816939890710383 0.816939890710383 0.816939890710383 0.816939890710383 1 1 1 0.177 0.147 0.133 0.130999999999999 60000 82 0.8 1 0.8 0.6
0.801912568306011 0.801912568306011 0.801912568306011 0.801912568306011 1 1 1 0.181 0.15 0.137 0.135000000000001 60000 82 0.8 1 0.8 0.6
0.236338797814208 0.236338797814208 0.236338797814208 0.236338797814208 1 1 1 0.181 0.15 0.136 0.133 60000 82 0.2 0 0.8 0.6
0.801912568306011 0.801912568306011 0.801912568306011 0.801912568306011 1 1 1 0.186 0.154999999999999 0.141 0.138000000000001 60000 82 0.8 1 0.8 0.6
0.195355191256831 0.195355191256831 0.195355191256831 0.195355191256831 1 1 1 0.181 0.151 0.137 0.135 60000 82 0.2 0 0.8 0.6
0.288251366120219 0.288251366120219 0.288251366120219 0.288251366120219 1 1 1 0.178 0.148 0.135 0.133 60000 82 0.2 0 0.8 0.6
0.745901639344262 0.745901639344262 0.745901639344262 0.745901639344262 1 1 1 0.186 0.154 0.141 0.139 60000 82 0.8 1 0.8 0.6
0.806010928961749 0.806010928961749 0.806010928961749 0.806010928961749 1 1 1 0.185 0.153 0.14 0.138 60000 82 0.8 0 0.8 0.6
0.254098360655738 0.254098360655738 0.254098360655738 0.254098360655738 1 1 1 0.179 0.149999999999999 0.138 0.137 60000 82 0.2 1 0.8 0.6
0.784153005464481 0.784153005464481 0.784153005464481 0.784153005464481 1 1 1 0.182 0.151000000000001 0.137 0.135 60000 82 0.8 0 0.8 0.6
0.226775956284153 0.226775956284153 0.226775956284153 0.226775956284153 1 1 1 0.18 0.149 0.137 0.135 60000 82 0.2 0 0.8 0.6
0.295081967213115 0.295081967213115 0.295081967213115 0.295081967213115 1 1 1 0.181999999999999 0.152 0.137 0.135 60000 82 0.2 0 0.8 0.6
0.263661202185792 0.263661202185792 0.263661202185792 0.263661202185792 1 1 1 0.186 0.153 0.14 0.138 60000 82 0.2 1 0.8 0.6
0.784153005464481 0.784153005464481 0.784153005464481 0.784153005464481 1 1 1 0.175000000000001 0.146 0.131 0.129 60000 82 0.8 1 0.8 0.6
0.200819672131148 0.200819672131148 0.200819672131148 0.200819672131148 1 1 1 0.181 0.151 0.137 0.135000000000001 60000 82 0.2 0 0.8 0.6
0.819672131147541 0.819672131147541 0.819672131147541 0.819672131147541 1 1 1 0.183 0.152 0.138000000000001 0.135 60000 82 0.8 0 0.8 0.6
0.797814207650273 0.797814207650273 0.797814207650273 0.797814207650273 1 1 1 0.183 0.152 0.138 0.136 60000 82 0.8 1 0.8 0.6
0.806010928961749 0.806010928961749 0.806010928961749 0.806010928961749 1 1 1 0.184 0.154 0.139 0.136 60000 82 0.8 1 0.8 0.6
0.834699453551913 0.834699453551913 0.834699453551913 0.834699453551913 1 1 1 0.185 0.154 0.141 0.137 60000 82 0.8 1 0.8 0.6
0.836065573770492 0.836065573770492 0.836065573770492 0.836065573770492 1 1 1 0.189 0.157 0.143000000000001 0.139 60000 82 0.8 1 0.8 0.6
0.209016393442623 0.209016393442623 0.209016393442623 0.209016393442623 1 1 1 0.184 0.151 0.141 0.137 60000 82 0.2 1 0.8 0.6
0.771857923497268 0.771857923497268 0.771857923497268 0.771857923497268 1 1 1 0.19 0.157 0.143 0.141 60000 82 0.8 1 0.8 0.6
0.797814207650273 0.797814207650273 0.797814207650273 0.797814207650273 1 1 1 0.181 0.15 0.136 0.133 60000 82 0.8 1 0.8 0.6
0.256830601092896 0.256830601092896 0.256830601092896 0.256830601092896 1 1 1 0.181 0.151 0.138 0.135 60000 82 0.2 0 0.8 0.6
0.808743169398907 0.808743169398907 0.808743169398907 0.808743169398907 1 1 1 0.181 0.151000000000001 0.137 0.133999999999999 60000 82 0.8 1 0.8 0.6
0.262295081967213 0.262295081967213 0.262295081967213 0.262295081967213 1 1 1 0.184 0.152 0.138 0.136 60000 82 0.2 0 0.8 0.6
0.818306010928962 0.818306010928962 0.818306010928962 0.818306010928962 1 1 1 0.186 0.156000000000001 0.14 0.138 60000 82 0.8 1 0.8 0.6
0.790983606557377 0.790983606557377 0.790983606557377 0.790983606557377 1 1 1 0.18 0.15 0.137 0.133 60000 82 0.8 1 0.8 0.6
0.792349726775956 0.792349726775956 0.792349726775956 0.792349726775956 1 1 1 0.183 0.151000000000001 0.137 0.136 60000 82 0.8 1 0.8 0.6
0.797814207650273 0.797814207650273 0.797814207650273 0.797814207650273 1 1 1 0.182 0.151 0.137 0.134 60000 82 0.8 1 0.8 0.6
0.786885245901639 0.786885245901639 0.786885245901639 0.786885245901639 1 1 1 0.18 0.15 0.137 0.133999999999999 60000 82 0.8 1 0.8 0.6
0.780054644808743 0.780054644808743 0.780054644808743 0.780054644808743 1 1 1 0.181 0.15 0.137 0.135 60000 82 0.8 1 0.8 0.6
0.354508196721311 0.354508196721311 0.314207650273224 0.314207650273224 2 2 1 0.314 0.286 0.136 0.137 60000 82 0.2 0 0.8 0.6
0.210382513661202 0.210382513661202 0.210382513661202 0.210382513661202 1 1 1 0.182 0.152 0.140000000000001 0.135 60000 82 0.2 0 0.8 0.6
0.812841530054645 0.812841530054645 0.812841530054645 0.812841530054645 1 1 1 0.183 0.152 0.139 0.135 60000 82 0.8 1 0.8 0.6
0.795081967213115 0.795081967213115 0.795081967213115 0.795081967213115 1 1 1 0.181 0.151000000000001 0.14 0.135 60000 82 0.8 1 0.8 0.6
0.255464480874317 0.255464480874317 0.255464480874317 0.255464480874317 1 1 1 0.182 0.15 0.137 0.134 60000 82 0.2 0 0.8 0.6
0.799180327868853 0.799180327868853 0.799180327868853 0.799180327868853 1 1 1 0.185 0.154 0.14 0.137 60000 82 0.8 1 0.8 0.6
0.266393442622951 0.266393442622951 0.266393442622951 0.266393442622951 1 1 1 0.187 0.156000000000001 0.141999999999999 0.142 60000 82 0.2 0 0.8 0.6
0.814207650273224 0.814207650273224 0.814207650273224 0.814207650273224 1 1 1 0.182 0.151 0.138 0.134 60000 82 0.8 1 0.8 0.6
0.245901639344262 0.245901639344262 0.245901639344262 0.245901639344262 1 1 1 0.186999999999999 0.155 0.141 0.141 60000 82 0.2 0 0.8 0.6
0.775956284153005 0.775956284153005 0.775956284153005 0.775956284153005 1 1 1 0.186999999999999 0.155 0.144 0.138 60000 82 0.8 1 0.8 0.6
0.245901639344262 0.245901639344262 0.245901639344262 0.245901639344262 1 1 1 0.182 0.152 0.14 0.135000000000001 60000 82 0.2 0 0.8 0.6
0.792349726775956 0.792349726775956 0.792349726775956 0.792349726775956 1 1 1 0.189 0.156 0.142 0.14 60000 82 0.8 1 0.8 0.6
0.230874316939891 0.230874316939891 0.230874316939891 0.230874316939891 1 1 1 0.191000000000001 0.156 0.141999999999999 0.140000000000001 60000 82 0.2 0 0.8 0.6
0.237704918032787 0.237704918032787 0.237704918032787 0.237704918032787 1 1 1 0.189 0.157 0.143000000000001 0.14 60000 82 0.2 0 0.8 0.6
0.254098360655738 0.254098360655738 0.254098360655738 0.254098360655738 1 1 1 0.188 0.156000000000001 0.141999999999999 0.139 60000 82 0.2 1 0.8 0.6
0.784153005464481 0.784153005464481 0.784153005464481 0.784153005464481 1 1 1 0.181 0.152 0.138 0.135 60000 82 0.8 0 0.8 0.6
0.801912568306011 0.801912568306011 0.801912568306011 0.801912568306011 1 1 1 0.186 0.154 0.142 0.138 60000 82 0.8 1 0.8 0.6
0.241803278688525 0.241803278688525 0.241803278688525 0.241803278688525 1 1 1 0.188000000000001 0.156 0.143 0.139 60000 82 0.2 1 0.8 0.6
0.811475409836066 0.811475409836066 0.811475409836066 0.811475409836066 1 1 1 0.187 0.154 0.143 0.139 60000 82 0.8 1 0.8 0.6
0.215846994535519 0.215846994535519 0.215846994535519 0.215846994535519 1 1 1 0.184 0.152 0.139 0.136 60000 82 0.2 0 0.8 0.6
0.270491803278689 0.270491803278689 0.270491803278689 0.270491803278689 1 1 1 0.181 0.151999999999999 0.137 0.134 60000 82 0.2 0 0.8 0.6
0.204918032786885 0.204918032786885 0.204918032786885 0.204918032786885 1 1 1 0.188000000000001 0.156 0.142 0.138 60000 82 0.2 0 0.8 0.6
0.800546448087432 0.800546448087432 0.800546448087432 0.800546448087432 1 1 1 0.177 0.151 0.137 0.133 60000 82 0.8 1 0.8 0.6
0.795081967213115 0.795081967213115 0.795081967213115 0.795081967213115 1 1 1 0.189 0.156000000000001 0.142 0.14 60000 82 0.8 0 0.8 0.6
0.26775956284153 0.26775956284153 0.26775956284153 0.26775956284153 1 1 1 0.181 0.151 0.139 0.133999999999999 60000 82 0.2 0 0.8 0.6
0.260928961748634 0.260928961748634 0.260928961748634 0.260928961748634 1 1 1 0.185 0.153 0.139 0.137 60000 82 0.2 0 0.8 0.6
0.800546448087432 0.800546448087432 0.800546448087432 0.800546448087432 1 1 1 0.180999999999999 0.151000000000001 0.137 0.134 60000 82 0.8 1 0.8 0.6
0.804644808743169 0.804644808743169 0.804644808743169 0.804644808743169 1 1 1 0.19 0.157 0.143000000000001 0.138999999999999 60000 82 0.8 1 0.8 0.6
0.80327868852459 0.80327868852459 0.80327868852459 0.80327868852459 1 1 1 0.185 0.153 0.14 0.137 60000 82 0.8 1 0.8 0.6
0.780054644808743 0.780054644808743 0.780054644808743 0.780054644808743 1 1 1 0.182 0.152 0.136 0.135 60000 82 0.8 0 0.8 0.6
0.778688524590164 0.778688524590164 0.778688524590164 0.778688524590164 1 1 1 0.181 0.151 0.139 0.135 60000 82 0.8 1 0.8 0.6
0.775956284153005 0.775956284153005 0.775956284153005 0.775956284153005 1 1 1 0.183 0.152 0.138 0.135 60000 82 0.8 1 0.8 0.6
0.282786885245902 0.282786885245902 0.282786885245902 0.282786885245902 1 1 1 0.183 0.152 0.138 0.135 60000 82 0.2 0 0.8 0.6
0.78551912568306 0.78551912568306 0.78551912568306 0.78551912568306 1 1 1 0.181999999999999 0.151 0.138 0.135000000000001 60000 82 0.8 0 0.8 0.6
0.296448087431694 0.296448087431694 0.296448087431694 0.296448087431694 1 1 1 0.183 0.152 0.139 0.135999999999999 60000 82 0.2 0 0.8 0.6
0.295081967213115 0.295081967213115 0.295081967213115 0.295081967213115 1 1 1 0.179 0.149 0.137 0.134 60000 82 0.231751280622557 0 0.8 0.6
0.726775956284153 0.726775956284153 0.726775956284153 0.726775956284153 1 1 1 0.181 0.15 0.138 0.133999999999999 60000 82 0.8 1 0.8 0.6
0.284153005464481 0.284153005464481 0.284153005464481 0.284153005464481 1 1 1 0.183 0.152 0.139 0.135 60000 82 0.2 0 0.8 0.6
0.790983606557377 0.790983606557377 0.790983606557377 0.790983606557377 1 1 1 0.182 0.151 0.137 0.133999999999999 60000 82 0.8 1 0.8 0.6
0.213114754098361 0.213114754098361 0.213114754098361 0.213114754098361 1 1 1 0.184 0.151999999999999 0.138000000000001 0.136 60000 82 0.2 0 0.8 0.6
0.754098360655738 0.754098360655738 0.754098360655738 0.754098360655738 1 1 1 0.183 0.151 0.137 0.135 60000 82 0.8 0 0.8 0.6
0.25 0.25 0.25 0.25 1 1 1 0.183000000000001 0.151 0.139 0.135 60000 82 0.2 0 0.8 0.6
0.306010928961749 0.306010928961749 0.306010928961749 0.306010928961749 1 1 1 0.181 0.15 0.137 0.134 60000 82 0.2 0 0.8 0.6
0.288251366120219 0.288251366120219 0.288251366120219 0.288251366120219 1 1 1 0.181 0.151 0.137 0.133999999999999 60000 82 0.2 0 0.8 0.6
0.244535519125683 0.244535519125683 0.244535519125683 0.244535519125683 1 1 1 0.185 0.155 0.141 0.138999999999999 60000 82 0.2 0 0.8 0.6
0.300546448087432 0.300546448087432 0.300546448087432 0.300546448087432 1 1 1 0.184 0.152 0.139 0.136 60000 82 0.2 0 0.8 0.6
0.258196721311475 0.258196721311475 0.258196721311475 0.258196721311475 1 1 1 0.189 0.156999999999999 0.143000000000001 0.138999999999999 60000 82 0.2 0 0.8 0.6
0.30327868852459 0.30327868852459 0.30327868852459 0.30327868852459 1 1 1 0.177 0.148000000000001 0.135 0.132 60000 82 0.2 0 0.8 0.6
0.273224043715847 0.273224043715847 0.273224043715847 0.273224043715847 1 1 1 0.185 0.154 0.140000000000001 0.138 60000 82 0.235124502116814 0 0.8 0.6
0.277322404371585 0.277322404371585 0.277322404371585 0.277322404371585 1 1 1 0.186 0.154 0.141 0.138 60000 82 0.2 0 0.8 0.6
0.286885245901639 0.286885245901639 0.286885245901639 0.286885245901639 1 1 1 0.188 0.156000000000001 0.141999999999999 0.138 60000 82 0.2 0 0.8 0.6
0.25 0.25 0.25 0.25 1 1 1 0.19 0.158 0.143999999999999 0.140000000000001 60000 82 0.2 0 0.8 0.6
0.28551912568306 0.28551912568306 0.28551912568306 0.28551912568306 1 1 1 0.188000000000001 0.156000000000001 0.141999999999999 0.138 60000 82 0.2 0 0.8 0.6
0.734972677595628 0.734972677595628 0.734972677595628 0.734972677595628 1 1 1 0.18 0.15 0.138 0.134 60000 82 0.8 1 0.8 0.6
0.273224043715847 0.273224043715847 0.273224043715847 0.273224043715847 1 1 1 0.185 0.154 0.14 0.138 60000 82 0.2 0 0.8 0.6
0.286885245901639 0.286885245901639 0.286885245901639 0.286885245901639 1 1 1 0.181999999999999 0.15 0.137 0.135 60000 82 0.2 1 0.8 0.6
0.719945355191257 0.719945355191257 0.719945355191257 0.719945355191257 1 1 1 0.178999999999999 0.149 0.135000000000001 0.133 60000 82 0.8 1 0.8 0.6
0.710382513661202 0.710382513661202 0.710382513661202 0.710382513661202 1 1 1 0.184 0.151000000000001 0.141 0.137 60000 82 0.8 1 0.8 0.6
0.258196721311475 0.258196721311475 0.258196721311475 0.258196721311475 1 1 1 0.185 0.154 0.140000000000001 0.136 60000 82 0.2 0 0.8 0.6
0.353825136612022 0.353825136612022 0.312841530054645 0.312841530054645 2 2 1 0.315 0.289000000000001 0.133999999999999 0.137 60000 82 0.2 0 0.8 0.6
0.730874316939891 0.730874316939891 0.730874316939891 0.730874316939891 1 1 1 0.185 0.154 0.139 0.137 60000 82 0.8 1 0.8 0.6
0.30327868852459 0.30327868852459 0.30327868852459 0.30327868852459 1 1 1 0.186 0.154 0.141 0.139 60000 82 0.209707104479894 0 0.8 0.6
0.284153005464481 0.284153005464481 0.284153005464481 0.284153005464481 1 1 1 0.185 0.154 0.139 0.137 60000 82 0.2 0 0.8 0.6
0.316939890710383 0.316939890710383 0.316939890710383 0.316939890710383 2 2 1 0.316 0.289000000000001 0.135 0.138000000000001 60000 82 0.46 0 0.8 0.6
0.699453551912568 0.699453551912568 0.699453551912568 0.699453551912568 1 1 1 0.180000000000001 0.149 0.136 0.133 60000 82 0.8 1 0.8 0.6
0.317622950819672 0.317622950819672 0.318306010928962 0.318306010928962 2 2 1 0.317 0.289000000000001 0.135000000000001 0.138999999999999 60000 82 0.343561163889244 0 0.8 0.6
0.299180327868852 0.299180327868852 0.299180327868852 0.299180327868852 1 1 1 0.186999999999999 0.155 0.142 0.139 60000 82 0.234364473046735 1 0.8 0.6
0.359972677595628 0.359972677595628 0.327868852459016 0.327868852459016 2 2 1 0.32 0.290999999999999 0.135 0.139 60000 82 0.2 0 0.8 0.6
0.284153005464481 0.284153005464481 0.284153005464481 0.284153005464481 1 1 1 0.182 0.151 0.138 0.134 60000 82 0.247308434005827 0 0.8 0.6
0.338114754098361 0.338114754098361 0.346994535519126 0.346994535519126 2 2 1 0.304 0.278 0.129 0.132000000000001 60000 82 0.439558303654194 1 0.8 0.6
0.559845120145769 0.400273224043716 0.364754098360656 0.364754098360656 12 2 1 1.68 0.291 0.139 0.136 60000 82 0.2 0 0.8 0.6
0.778688524590164 0.778688524590164 0.778688524590164 0.778688524590164 1 1 1 0.178 0.146999999999999 0.134 0.132 60000 82 0.8 0 0.8 0.6
0.786885245901639 0.786885245901639 0.786885245901639 0.786885245901639 1 1 1 0.184 0.152 0.14 0.137 60000 82 0.8 1 0.8 0.6
0.762295081967213 0.762295081967213 0.762295081967213 0.762295081967213 1 1 1 0.18 0.149 0.136 0.132 60000 82 0.8 0 0.8 0.6
0.676912568306011 0.676912568306011 0.677595628415301 0.677595628415301 2 2 1 0.302 0.277 0.129 0.132000000000001 60000 82 0.782959185447544 0 0.8 0.6
0.299180327868852 0.299180327868852 0.318306010928962 0.318306010928962 2 2 1 0.306 0.279 0.131 0.133999999999999 60000 82 0.46 0 0.8 0.6
0.684426229508197 0.684426229508197 0.691256830601093 0.691256830601093 2 2 1 0.323 0.295 0.137 0.141 60000 82 0.8 1 0.8 0.6
0.295081967213115 0.295081967213115 0.295081967213115 0.295081967213115 1 1 1 0.186 0.154 0.14 0.138 60000 82 0.251952112950385 0 0.8 0.6
0.656420765027322 0.656420765027322 0.654371584699454 0.654371584699454 2 2 1 0.324 0.295999999999999 0.138000000000001 0.141 60000 82 0.755087485443801 0 0.8 0.6
0.646857923497268 0.646857923497268 0.648907103825137 0.648907103825137 2 2 1 0.312 0.285 0.132000000000001 0.136 60000 82 0.687001647800207 0 0.8 0.6
0.314890710382514 0.314890710382514 0.310109289617486 0.310109289617486 2 2 1 0.322 0.294 0.137 0.14 60000 82 0.45323706774041 0 0.8 0.6
0.328551912568306 0.328551912568306 0.33879781420765 0.33879781420765 2 2 1 0.31 0.283 0.133 0.136 60000 82 0.46 1 0.8 0.6
0.288251366120219 0.288251366120219 0.288251366120219 0.288251366120219 1 1 1 0.181 0.149999999999999 0.137 0.133999999999999 60000 82 0.387290947716683 0 0.8 0.6
0.333333333333333 0.333333333333333 0.322404371584699 0.322404371584699 2 2 1 0.313 0.287 0.134 0.137 60000 82 0.327964469622821 0 0.8 0.6
0.296448087431694 0.296448087431694 0.296448087431694 0.296448087431694 1 1 1 0.181999999999999 0.149999999999999 0.137 0.133999999999999 60000 82 0.46 1 0.8 0.6
0.32103825136612 0.32103825136612 0.349726775956284 0.349726775956284 2 2 1 0.31 0.284 0.132000000000001 0.135000000000001 60000 82 0.46 0 0.8 0.6
0.331284153005464 0.331284153005464 0.323770491803279 0.323770491803279 2 2 1 0.312 0.286 0.133 0.136 60000 82 0.46 0 0.8 0.6
0.310109289617486 0.310109289617486 0.315573770491803 0.315573770491803 2 2 1 0.316000000000001 0.288 0.134 0.138 60000 82 0.46 0 0.8 0.6
0.306010928961749 0.306010928961749 0.306010928961749 0.306010928961749 1 1 1 0.178 0.148 0.134 0.132 60000 82 0.46 0 0.8 0.6
0.327868852459016 0.327868852459016 0.327868852459016 0.327868852459016 2 2 1 0.32 0.291 0.135000000000001 0.138999999999999 60000 82 0.46 0 0.8 0.6
0.315573770491803 0.315573770491803 0.322404371584699 0.322404371584699 2 2 1 0.312 0.286 0.133 0.136 60000 82 0.419141960861161 0 0.8 0.6
0.338114754098361 0.338114754098361 0.368852459016393 0.368852459016393 2 2 1 0.308 0.282 0.131 0.133999999999999 60000 82 0.46 0 0.8 0.6
0.329234972677596 0.329234972677596 0.351092896174863 0.351092896174863 2 2 1 0.315 0.287000000000001 0.135 0.138 60000 82 0.46 0 0.8 0.6
0.327185792349727 0.327185792349727 0.345628415300546 0.345628415300546 2 2 1 0.311999999999999 0.287 0.133 0.137 60000 82 0.46 1 0.8 0.6
0.312841530054645 0.312841530054645 0.355191256830601 0.355191256830601 2 2 1 0.312 0.285 0.133 0.136 60000 82 0.46 0 0.8 0.6
0.319672131147541 0.319672131147541 0.318306010928962 0.318306010928962 2 2 1 0.314 0.286 0.133 0.136 60000 82 0.438509792853147 0 0.8 0.6
0.308060109289617 0.308060109289617 0.314207650273224 0.314207650273224 2 2 1 0.308999999999999 0.282 0.132 0.135 60000 82 0.46 1 0.8 0.6
0.351092896174863 0.351092896174863 0.39207650273224 0.39207650273224 2 2 1 0.31 0.285 0.133 0.136 60000 82 0.46 1 0.8 0.6
0.336748633879781 0.336748633879781 0.32103825136612 0.32103825136612 2 2 1 0.315 0.289000000000001 0.135 0.137 60000 82 0.457655449369922 1 0.8 0.6
0.681693989071038 0.681693989071038 0.687158469945355 0.687158469945355 2 2 1 0.315 0.287000000000001 0.132999999999999 0.136 60000 82 0.8 1 0.8 0.6
0.349043715846995 0.349043715846995 0.381147540983607 0.381147540983607 2 2 1 0.312 0.287 0.133 0.136 60000 82 0.46 0 0.8 0.6
0.33948087431694 0.33948087431694 0.346994535519126 0.346994535519126 2 2 1 0.317 0.289 0.135000000000001 0.138 60000 82 0.46 1 0.8 0.6
0.336748633879781 0.336748633879781 0.333333333333333 0.333333333333333 2 2 1 0.311 0.284999999999999 0.132000000000001 0.135000000000001 60000 82 0.46 0 0.8 0.6
0.329234972677596 0.329234972677596 0.342896174863388 0.342896174863388 2 2 1 0.315 0.288 0.133 0.137 60000 82 0.46 0 0.8 0.6
0.333333333333333 0.333333333333333 0.355191256830601 0.355191256830601 2 2 1 0.314 0.287 0.133 0.136 60000 82 0.370171074075624 1 0.8 0.6
0.314890710382514 0.314890710382514 0.331967213114754 0.331967213114754 2 2 1 0.313000000000001 0.284999999999999 0.132000000000001 0.136 60000 82 0.46 1 0.8 0.6
0.318989071038251 0.318989071038251 0.33879781420765 0.33879781420765 2 2 1 0.314 0.285 0.133999999999999 0.137 60000 82 0.46 0 0.8 0.6
0.343579234972678 0.343579234972678 0.366120218579235 0.366120218579235 2 2 1 0.311 0.282999999999999 0.131 0.135000000000001 60000 82 0.46 0 0.8 0.6
0.351092896174863 0.351092896174863 0.359289617486339 0.359289617486339 2 2 1 0.311 0.286 0.133 0.135999999999999 60000 82 0.46 0 0.8 0.6
0.358606557377049 0.358606557377049 0.371584699453552 0.371584699453552 2 2 1 0.31 0.282999999999999 0.133 0.136 60000 82 0.46 0 0.8 0.6
0.35655737704918 0.35655737704918 0.382513661202186 0.382513661202186 2 2 1 0.321 0.292000000000001 0.136 0.14 60000 82 0.46 0 0.8 0.6
0.342896174863388 0.342896174863388 0.346994535519126 0.346994535519126 2 2 1 0.319 0.291 0.137 0.139 60000 82 0.46 0 0.8 0.6
0.353369763205829 0.370901639344262 0.401639344262295 0.401639344262295 3 2 1 0.435 0.279 0.133 0.130000000000001 60000 82 0.46 0 0.8 0.6
0.647540983606557 0.647540983606557 0.64344262295082 0.64344262295082 2 2 1 0.313000000000001 0.285 0.133 0.136 60000 82 0.735945154819638 1 0.8 0.6
0.35724043715847 0.35724043715847 0.364754098360656 0.364754098360656 2 2 1 0.32 0.294 0.135999999999999 0.139 60000 82 0.46 0 0.8 0.6
0.353825136612022 0.353825136612022 0.383879781420765 0.383879781420765 2 2 1 0.309 0.282999999999999 0.132000000000001 0.135 60000 82 0.46 0 0.8 0.6
0.359972677595628 0.359972677595628 0.397540983606557 0.397540983606557 2 2 1 0.314 0.287 0.133 0.136 60000 82 0.46 0 0.8 0.6
0.351775956284153 0.351775956284153 0.370218579234973 0.370218579234973 2 2 1 0.312 0.286 0.133 0.137 60000 82 0.46 1 0.8 0.6
0.355874316939891 0.355874316939891 0.368852459016393 0.368852459016393 2 2 1 0.31 0.283 0.132 0.135 60000 82 0.46 0 0.8 0.6
0.346994535519126 0.346994535519126 0.37431693989071 0.37431693989071 2 2 1 0.311 0.284999999999999 0.133 0.137 60000 82 0.46 1 0.8 0.6
0.362021857923497 0.391393442622951 0.386612021857923 0.386612021857923 3 2 1 0.454000000000001 0.290999999999999 0.138 0.135 60000 82 0.46 0 0.8 0.6
0.378415300546448 0.379781420765027 0.400273224043716 0.400273224043716 3 2 1 0.43 0.277 0.131 0.129 60000 82 0.46 0 0.8 0.6
0.358378870673953 0.372950819672131 0.379781420765027 0.379781420765027 3 2 1 0.452 0.288 0.137 0.134 60000 82 0.46 0 0.8 0.6
0.358378870673953 0.382513661202186 0.382513661202186 0.382513661202186 3 2 1 0.443 0.283 0.135 0.133 60000 82 0.46 1 0.8 0.6
0.359289617486339 0.370901639344262 0.390710382513661 0.390710382513661 3 2 1 0.46 0.296 0.141 0.138 60000 82 0.46 0 0.8 0.6
0.621129326047359 0.629098360655738 0.613387978142076 0.613387978142076 3 2 1 0.444 0.283 0.133999999999999 0.132000000000001 60000 82 0.639806848857552 1 0.8 0.6
0.365664845173042 0.380464480874317 0.397540983606557 0.397540983606557 3 2 1 0.45 0.288 0.137 0.133 60000 82 0.46 0 0.8 0.6
0.377504553734062 0.402322404371585 0.419398907103825 0.419398907103825 3 2 1 0.439 0.282 0.135 0.132000000000001 60000 82 0.46 1 0.8 0.6
0.363387978142077 0.395491803278689 0.42896174863388 0.42896174863388 3 2 1 0.451 0.289 0.138000000000001 0.135 60000 82 0.46 1 0.8 0.6
0.358378870673953 0.375 0.383879781420765 0.383879781420765 3 2 1 0.468 0.3 0.141999999999999 0.139 60000 82 0.46 1 0.8 0.6
0.36384335154827 0.383879781420765 0.419398907103825 0.419398907103825 3 2 1 0.446 0.285 0.136 0.133 60000 82 0.46 0 0.8 0.6
0.361111111111111 0.379781420765027 0.422131147540984 0.422131147540984 3 2 1 0.457 0.293 0.141 0.138 60000 82 0.46 0 0.8 0.6
0.627049180327869 0.62431693989071 0.628415300546448 0.628415300546448 3 2 1 0.448 0.286 0.138 0.133 60000 82 0.652469176240265 0 0.8 0.6
0.364754098360656 0.39207650273224 0.426229508196721 0.426229508196721 3 2 1 0.445 0.286 0.135999999999999 0.132000000000001 60000 82 0.46 0 0.8 0.6
0.36384335154827 0.384562841530055 0.41120218579235 0.41120218579235 3 2 1 0.454999999999999 0.29 0.138 0.135 60000 82 0.46 0 0.8 0.6
0.604373078237103 0.578551912568306 0.560109289617486 0.560109289617486 4 2 1 0.562 0.284000000000001 0.130999999999999 0.139 60000 82 0.478182200249285 0 0.8 0.6
0.610864366245302 0.591530054644809 0.579234972677596 0.579234972677596 4 2 1 0.584 0.292 0.135 0.139 60000 82 0.509960022196174 1 0.8 0.6
0.378886231636488 0.420081967213115 0.454918032786885 0.454918032786885 4 2 1 0.574 0.287 0.133 0.137 60000 82 0.46 0 0.8 0.6
0.372394943628288 0.420081967213115 0.468579234972678 0.468579234972678 4 2 1 0.593999999999999 0.295 0.14 0.141 60000 82 0.46 0 0.8 0.6
0.602664844550735 0.573087431693989 0.579234972677596 0.579234972677596 4 2 1 0.576 0.287 0.132 0.137 60000 82 0.416206306219101 1 0.8 0.6
0.580733318150763 0.550546448087432 0.516393442622951 0.516393442622951 6 2 1 0.829 0.275 0.129 0.125999999999999 60000 82 0.459829277265817 1 0.8 0.6
0.593331511341897 0.598360655737705 0.60655737704918 0.60655737704918 5 2 1 0.704 0.28 0.134 0.133999999999999 60000 82 0.646715481672436 1 0.8 0.6
0.589778628040448 0.603825136612022 0.596994535519126 0.596994535519126 5 2 1 0.72 0.288 0.141 0.14 60000 82 0.585573212616146 1 0.8 0.6
0.596064498496857 0.591530054644809 0.616120218579235 0.616120218579235 5 2 1 0.717000000000001 0.286 0.138 0.137 60000 82 0.675204841326922 0 0.8 0.6
0.571819010021257 0.525273224043716 0.502732240437158 0.502732240437158 9 2 1 1.152 0.263 0.125 0.125999999999999 60000 82 0.280030308663845 0 0.8 0.6
0.573994533385396 0.519125683060109 0.487704918032787 0.487704918032787 7 2 1 0.665 0.185 0.0840000000000005 0.085 60000 82 0.212782740965486 1 0.8 0.6
0.582555226599863 0.550546448087432 0.542349726775956 0.542349726775956 6 2 1 0.758999999999999 0.259 0.125 0.127 60000 82 0.443681538011879 0 0.8 0.6
0.565745520801701 0.532103825136612 0.547814207650273 0.547814207650273 9 2 1 0.793 0.181 0.085 0.0840000000000005 60000 82 0.484353203233332 1 0.8 0.6
0.566049195262678 0.471994535519126 0.439890710382514 0.439890710382514 9 2 1 1.003 0.233 0.111000000000001 0.108 60000 82 0.2 0 0.8 0.6
0.567112055876101 0.44603825136612 0.387978142076503 0.387978142076503 9 2 1 0.789000000000001 0.176 0.0840000000000005 0.0819999999999999 60000 82 0.2 1 0.8 0.6
0.563424027829544 0.471994535519126 0.44672131147541 0.44672131147541 11 2 1 1.239 0.234 0.106000000000001 0.112 60000 82 0.206212119571865 0 0.8 0.6
0.562312107133096 0.439890710382514 0.401639344262295 0.401639344262295 10 2 1 0.951000000000001 0.194999999999999 0.0940000000000003 0.0880000000000001 60000 82 0.2 0 0.8 0.6
0.559448378680581 0.429644808743169 0.397540983606557 0.397540983606557 11 2 1 0.99 0.184 0.0889999999999995 0.0890000000000004 60000 82 0.2 1 0.8 0.6
0.571002609019754 0.417349726775956 0.39207650273224 0.39207650273224 11 2 1 1.218 0.228 0.106 0.108000000000001 60000 82 0.2 0 0.8 0.6
0.561547356249343 0.435792349726776 0.418032786885246 0.418032786885246 13 2 1 1.139 0.18 0.0830000000000002 0.0839999999999996 60000 82 0.2 1 0.8 0.6
0.557657941763902 0.465163934426229 0.449453551912568 0.449453551912568 13 2 1 1.476 0.225 0.109 0.113 60000 82 0.284652658645064 0 0.8 0.6
0.555056618508395 0.419398907103825 0.37568306010929 0.37568306010929 14 2 1 1.321 0.193 0.0910000000000002 0.0919999999999996 60000 82 0.2 1 0.8 0.6
0.552955244277417 0.46448087431694 0.443989071038251 0.443989071038251 16 2 1 1.589 0.201 0.093 0.093 60000 82 0.319932749867439 0 0.8 0.6
0.550600589800762 0.412568306010929 0.37568306010929 0.37568306010929 19 2 1 1.835 0.216 0.0910000000000002 0.0910000000000002 60000 82 0.242687757965177 0 0.8 0.6
