0.253061224489796 0.253061224489796 0.228571428571429 0.228571428571429 2 2 1 0.157 0.131 0.0569999999999999 0.056 60000 245 0.2 0 0.8 0.5
0.830612244897959 0.830612244897959 0.820408163265306 0.820408163265306 2 2 1 0.155 0.13 0.056 0.0550000000000002 60000 245 0.8 1 0.8 0.5
0.228571428571429 0.228571428571429 0.216326530612245 0.216326530612245 2 2 1 0.155 0.13 0.0550000000000002 0.0549999999999997 60000 245 0.2 0 0.8 0.5
0.818367346938776 0.818367346938776 0.824489795918367 0.824489795918367 2 2 1 0.154 0.128 0.0539999999999998 0.0539999999999998 60000 245 0.8 1 0.8 0.5
0.738775510204082 0.738775510204082 0.751020408163265 0.751020408163265 2 2 1 0.156 0.131 0.056 0.056 60000 245 0.8 1 0.8 0.5
0.163265306122449 0.163265306122449 0.163265306122449 0.163265306122449 1 1 1 0.104 0.0720000000000001 0.0549999999999997 0.056 60000 245 0.2 0 0.8 0.5
0.836734693877551 0.836734693877551 0.83265306122449 0.83265306122449 2 2 1 0.161 0.136 0.0579999999999998 0.0579999999999998 60000 245 0.8 1 0.8 0.5
0.248979591836735 0.248979591836735 0.195918367346939 0.195918367346939 2 2 1 0.153 0.127 0.0550000000000002 0.0539999999999998 60000 245 0.2 1 0.8 0.5
0.253061224489796 0.253061224489796 0.228571428571429 0.228571428571429 2 2 1 0.155 0.131 0.056 0.0550000000000002 60000 245 0.2 0 0.8 0.5
0.808163265306122 0.808163265306122 0.795918367346939 0.795918367346939 2 2 1 0.154 0.129 0.0540000000000003 0.0549999999999997 60000 245 0.8 1 0.8 0.5
0.789795918367347 0.789795918367347 0.804081632653061 0.804081632653061 2 2 1 0.166 0.139 0.0589999999999997 0.0590000000000002 60000 245 0.8 1 0.8 0.5
0.812244897959184 0.812244897959184 0.791836734693877 0.791836734693877 2 2 1 0.158 0.132 0.0550000000000002 0.0550000000000002 60000 245 0.8 1 0.8 0.5
0.214285714285714 0.214285714285714 0.224489795918367 0.224489795918367 2 2 1 0.16 0.136 0.0569999999999999 0.0569999999999999 60000 245 0.2 0 0.8 0.5
0.224489795918367 0.224489795918367 0.236734693877551 0.236734693877551 2 2 1 0.16 0.132 0.0570000000000004 0.0569999999999999 60000 245 0.2 0 0.8 0.5
0.23265306122449 0.23265306122449 0.236734693877551 0.236734693877551 2 2 1 0.159 0.134 0.0579999999999998 0.0569999999999999 60000 245 0.2 0 0.8 0.5
0.773469387755102 0.773469387755102 0.795918367346939 0.795918367346939 2 2 1 0.164 0.138 0.0589999999999997 0.0580000000000003 60000 245 0.8 1 0.8 0.5
0.773469387755102 0.773469387755102 0.804081632653061 0.804081632653061 2 2 1 0.166 0.139 0.0590000000000002 0.0600000000000001 60000 245 0.8 0 0.8 0.5
0.206122448979592 0.206122448979592 0.212244897959184 0.212244897959184 2 2 1 0.159 0.134 0.0569999999999999 0.0559999999999996 60000 245 0.2 1 0.8 0.5
0.777551020408163 0.777551020408163 0.8 0.8 2 2 1 0.156 0.131 0.0550000000000002 0.0549999999999997 60000 245 0.8 0 0.8 0.5
0.214285714285714 0.214285714285714 0.183673469387755 0.183673469387755 2 2 1 0.163 0.138 0.0589999999999997 0.0579999999999998 60000 245 0.2 0 0.8 0.5
0.216326530612245 0.216326530612245 0.212244897959184 0.212244897959184 2 2 1 0.165 0.14 0.0600000000000001 0.0590000000000002 60000 245 0.2 1 0.8 0.5
0.222448979591837 0.222448979591837 0.175510204081633 0.175510204081633 2 2 1 0.159 0.132 0.0569999999999999 0.056 60000 245 0.2 0 0.8 0.5
0.759183673469388 0.759183673469388 0.763265306122449 0.763265306122449 2 2 1 0.151 0.126 0.0539999999999998 0.0540000000000003 60000 245 0.8 1 0.8 0.5
0.159183673469388 0.159183673469388 0.159183673469388 0.159183673469388 1 1 1 0.11 0.0749999999999997 0.0580000000000003 0.0579999999999998 60000 245 0.2 0 0.8 0.5
0.802040816326531 0.802040816326531 0.808163265306122 0.808163265306122 2 2 1 0.163 0.138 0.0589999999999997 0.0580000000000003 60000 245 0.8 0 0.8 0.5
0.853061224489796 0.853061224489796 0.853061224489796 0.853061224489796 1 1 1 0.111 0.0750000000000002 0.0579999999999998 0.0579999999999998 60000 245 0.8 1 0.8 0.5
0.802040816326531 0.802040816326531 0.791836734693877 0.791836734693877 2 2 1 0.165 0.138 0.0590000000000002 0.0590000000000002 60000 245 0.8 1 0.8 0.5
0.844897959183673 0.844897959183673 0.844897959183673 0.844897959183673 1 1 1 0.112 0.077 0.0600000000000001 0.0600000000000001 60000 245 0.8 1 0.8 0.5
0.814285714285714 0.814285714285714 0.83265306122449 0.83265306122449 2 2 1 0.164 0.139 0.0590000000000002 0.0589999999999997 60000 245 0.8 1 0.8 0.5
0.202040816326531 0.202040816326531 0.179591836734694 0.179591836734694 2 2 1 0.167 0.139 0.0589999999999997 0.0590000000000002 60000 245 0.2 1 0.8 0.5
0.806122448979592 0.806122448979592 0.808163265306122 0.808163265306122 2 2 1 0.169 0.141 0.0600000000000001 0.0600000000000001 60000 245 0.8 1 0.8 0.5
0.797959183673469 0.797959183673469 0.771428571428571 0.771428571428571 2 2 1 0.159 0.134 0.0570000000000004 0.0569999999999999 60000 245 0.8 1 0.8 0.5
0.236734693877551 0.236734693877551 0.216326530612245 0.216326530612245 2 2 1 0.165 0.138 0.0579999999999998 0.0590000000000002 60000 245 0.2 0 0.8 0.5
0.224489795918367 0.224489795918367 0.191836734693878 0.191836734693878 2 2 1 0.162 0.136 0.0579999999999998 0.0580000000000003 60000 245 0.2 0 0.8 0.5
0.802040816326531 0.802040816326531 0.8 0.8 2 2 1 0.164 0.137 0.0579999999999998 0.0580000000000003 60000 245 0.8 1 0.8 0.5
0.810204081632653 0.810204081632653 0.812244897959184 0.812244897959184 2 2 1 0.161 0.135 0.0580000000000003 0.0569999999999999 60000 245 0.8 1 0.8 0.5
0.789795918367347 0.789795918367347 0.787755102040816 0.787755102040816 2 2 1 0.16 0.134 0.0569999999999999 0.0569999999999999 60000 245 0.8 1 0.8 0.5
0.793877551020408 0.793877551020408 0.824489795918367 0.824489795918367 2 2 1 0.162 0.137 0.0590000000000002 0.0579999999999998 60000 245 0.8 1 0.8 0.5
0.802040816326531 0.802040816326531 0.8 0.8 2 2 1 0.16 0.134 0.0569999999999999 0.0569999999999999 60000 245 0.8 1 0.8 0.5
0.810204081632653 0.810204081632653 0.787755102040816 0.787755102040816 2 2 1 0.163 0.137 0.0580000000000003 0.0579999999999998 60000 245 0.8 1 0.8 0.5
0.812244897959184 0.812244897959184 0.804081632653061 0.804081632653061 2 2 1 0.161 0.136 0.0579999999999998 0.0579999999999998 60000 245 0.8 1 0.8 0.5
0.287074829931973 0.287074829931973 0.293877551020408 0.293877551020408 3 3 1 0.217 0.193 0.0569999999999999 0.0569999999999999 60000 245 0.2 0 0.8 0.5
0.195918367346939 0.195918367346939 0.2 0.2 2 2 1 0.162 0.138 0.0590000000000002 0.0590000000000002 60000 245 0.2 0 0.8 0.5
0.8 0.8 0.820408163265306 0.820408163265306 2 2 1 0.16 0.135 0.0569999999999999 0.0569999999999999 60000 245 0.8 1 0.8 0.5
0.781632653061225 0.781632653061225 0.763265306122449 0.763265306122449 2 2 1 0.163 0.137 0.0579999999999998 0.0579999999999998 60000 245 0.8 1 0.8 0.5
0.23265306122449 0.23265306122449 0.216326530612245 0.216326530612245 2 2 1 0.167 0.141 0.0600000000000001 0.0600000000000001 60000 245 0.2 0 0.8 0.5
0.228571428571429 0.228571428571429 0.216326530612245 0.216326530612245 2 2 1 0.161 0.135 0.0569999999999999 0.0569999999999999 60000 245 0.2 0 0.8 0.5
0.816326530612245 0.816326530612245 0.824489795918367 0.824489795918367 2 2 1 0.165 0.139 0.0579999999999998 0.0580000000000003 60000 245 0.8 1 0.8 0.5
0.181632653061225 0.181632653061225 0.171428571428571 0.171428571428571 2 2 1 0.166 0.14 0.0600000000000001 0.0600000000000001 60000 245 0.2 0 0.8 0.5
0.787755102040816 0.787755102040816 0.795918367346939 0.795918367346939 2 2 1 0.167 0.141 0.0589999999999997 0.0590000000000002 60000 245 0.8 1 0.8 0.5
0.820408163265306 0.820408163265306 0.824489795918367 0.824489795918367 2 2 1 0.162 0.136 0.0579999999999998 0.0579999999999998 60000 245 0.8 1 0.8 0.5
0.210204081632653 0.210204081632653 0.216326530612245 0.216326530612245 2 2 1 0.162 0.138 0.0589999999999997 0.0590000000000002 60000 245 0.2 0 0.8 0.5
0.16530612244898 0.16530612244898 0.16734693877551 0.16734693877551 2 2 1 0.17 0.144 0.0609999999999999 0.0600000000000001 60000 245 0.2 0 0.8 0.5
0.783673469387755 0.783673469387755 0.795918367346939 0.795918367346939 2 2 1 0.165 0.14 0.0589999999999997 0.0589999999999997 60000 245 0.8 1 0.8 0.5
0.204081632653061 0.204081632653061 0.2 0.2 2 2 1 0.169 0.142 0.0600000000000001 0.0609999999999999 60000 245 0.2 0 0.8 0.5
0.808163265306122 0.808163265306122 0.808163265306122 0.808163265306122 2 2 1 0.161 0.136 0.0580000000000003 0.0569999999999999 60000 245 0.8 0 0.8 0.5
0.23265306122449 0.23265306122449 0.228571428571429 0.228571428571429 2 2 1 0.167 0.14 0.0610000000000004 0.0599999999999996 60000 245 0.2 1 0.8 0.5
0.255102040816327 0.255102040816327 0.208163265306122 0.208163265306122 2 2 1 0.167 0.141 0.0600000000000001 0.0600000000000001 60000 245 0.2 1 0.8 0.5
0.797959183673469 0.797959183673469 0.779591836734694 0.779591836734694 2 2 1 0.165 0.139 0.0600000000000001 0.0590000000000002 60000 245 0.8 1 0.8 0.5
0.8 0.8 0.808163265306122 0.808163265306122 2 2 1 0.164 0.14 0.0600000000000001 0.0589999999999997 60000 245 0.8 1 0.8 0.5
0.216326530612245 0.216326530612245 0.240816326530612 0.240816326530612 2 2 1 0.163 0.139 0.0590000000000002 0.0579999999999998 60000 245 0.2 0 0.8 0.5
0.210204081632653 0.210204081632653 0.195918367346939 0.195918367346939 2 2 1 0.163 0.137 0.0579999999999998 0.0580000000000003 60000 245 0.2 0 0.8 0.5
0.173469387755102 0.173469387755102 0.191836734693878 0.191836734693878 2 2 1 0.168 0.139 0.0600000000000001 0.0590000000000002 60000 245 0.2 0 0.8 0.5
0.791836734693877 0.791836734693877 0.775510204081633 0.775510204081633 2 2 1 0.167 0.141 0.0600000000000001 0.0590000000000002 60000 245 0.8 0 0.8 0.5
0.253061224489796 0.253061224489796 0.212244897959184 0.212244897959184 2 2 1 0.163 0.137 0.0580000000000003 0.0579999999999998 60000 245 0.2 0 0.8 0.5
0.759183673469388 0.759183673469388 0.751020408163265 0.751020408163265 2 2 1 0.156 0.129 0.0550000000000002 0.0549999999999997 60000 245 0.8 1 0.8 0.5
0.228571428571429 0.228571428571429 0.191836734693878 0.191836734693878 2 2 1 0.166 0.138 0.0579999999999998 0.0579999999999998 60000 245 0.2 0 0.8 0.5
0.797959183673469 0.797959183673469 0.783673469387755 0.783673469387755 2 2 1 0.16 0.135 0.0580000000000003 0.0569999999999999 60000 245 0.8 1 0.8 0.5
0.789795918367347 0.789795918367347 0.783673469387755 0.783673469387755 2 2 1 0.167 0.141 0.0600000000000001 0.0600000000000001 60000 245 0.8 1 0.8 0.5
0.789795918367347 0.789795918367347 0.787755102040816 0.787755102040816 2 2 1 0.163 0.138 0.0589999999999997 0.0590000000000002 60000 245 0.8 1 0.8 0.5
0.771428571428571 0.771428571428571 0.791836734693877 0.791836734693877 2 2 1 0.159 0.135 0.0569999999999999 0.0569999999999999 60000 245 0.8 0 0.8 0.5
0.775510204081633 0.775510204081633 0.742857142857143 0.742857142857143 2 2 1 0.161 0.135 0.0580000000000003 0.0569999999999999 60000 245 0.8 1 0.8 0.5
0.793877551020408 0.793877551020408 0.791836734693877 0.791836734693877 2 2 1 0.161 0.134 0.0580000000000003 0.0569999999999999 60000 245 0.8 1 0.8 0.5
0.242857142857143 0.242857142857143 0.253061224489796 0.253061224489796 2 2 1 0.162 0.136 0.0569999999999999 0.0569999999999999 60000 245 0.2 0 0.8 0.5
0.791836734693877 0.791836734693877 0.775510204081633 0.775510204081633 2 2 1 0.161 0.135 0.0580000000000003 0.0569999999999999 60000 245 0.8 0 0.8 0.5
0.23469387755102 0.23469387755102 0.23265306122449 0.23265306122449 2 2 1 0.164 0.139 0.0589999999999997 0.0579999999999998 60000 245 0.2 0 0.8 0.5
0.719727891156463 0.719727891156463 0.751020408163265 0.751020408163265 3 3 1 0.216 0.191 0.0570000000000004 0.0569999999999999 60000 245 0.8 1 0.8 0.5
0.23265306122449 0.23265306122449 0.228571428571429 0.228571428571429 2 2 1 0.162 0.136 0.0580000000000003 0.0579999999999998 60000 245 0.2 0 0.8 0.5
0.259183673469388 0.259183673469388 0.261224489795918 0.261224489795918 2 2 1 0.156 0.133 0.0559999999999996 0.0549999999999997 60000 245 0.231751280622557 0 0.8 0.5
0.783673469387755 0.783673469387755 0.791836734693877 0.791836734693877 2 2 1 0.163 0.137 0.0570000000000004 0.0569999999999999 60000 245 0.8 1 0.8 0.5
0.212244897959184 0.212244897959184 0.228571428571429 0.228571428571429 2 2 1 0.167 0.139 0.0600000000000001 0.0600000000000001 60000 245 0.2 0 0.8 0.5
0.769387755102041 0.769387755102041 0.763265306122449 0.763265306122449 2 2 1 0.161 0.136 0.0580000000000003 0.0579999999999998 60000 245 0.8 0 0.8 0.5
0.23265306122449 0.23265306122449 0.248979591836735 0.248979591836735 2 2 1 0.163 0.14 0.0589999999999997 0.0590000000000002 60000 245 0.2 0 0.8 0.5
0.253061224489796 0.253061224489796 0.204081632653061 0.204081632653061 2 2 1 0.162 0.137 0.0579999999999998 0.0590000000000002 60000 245 0.2 0 0.8 0.5
0.274829931972789 0.274829931972789 0.277551020408163 0.277551020408163 3 3 1 0.213 0.187 0.056 0.0550000000000002 60000 245 0.2 0 0.8 0.5
0.251020408163265 0.251020408163265 0.253061224489796 0.253061224489796 2 2 1 0.163 0.138 0.0590000000000002 0.0589999999999997 60000 245 0.2 0 0.8 0.5
0.255102040816327 0.255102040816327 0.236734693877551 0.236734693877551 2 2 1 0.164 0.138 0.0579999999999998 0.0580000000000003 60000 245 0.2 0 0.8 0.5
0.23265306122449 0.23265306122449 0.253061224489796 0.253061224489796 2 2 1 0.169 0.141 0.0609999999999999 0.0600000000000001 60000 245 0.2 0 0.8 0.5
0.27891156462585 0.27891156462585 0.236734693877551 0.236734693877551 3 3 1 0.216 0.189 0.0570000000000004 0.0559999999999996 60000 245 0.2 0 0.8 0.5
0.251020408163265 0.251020408163265 0.220408163265306 0.220408163265306 2 2 1 0.165 0.139 0.0600000000000001 0.0589999999999997 60000 245 0.235124502116814 0 0.8 0.5
0.246938775510204 0.246938775510204 0.195918367346939 0.195918367346939 2 2 1 0.169 0.139 0.0600000000000001 0.0590000000000002 60000 245 0.2 0 0.8 0.5
0.23469387755102 0.23469387755102 0.228571428571429 0.228571428571429 2 2 1 0.169 0.141 0.0600000000000001 0.0600000000000001 60000 245 0.2 0 0.8 0.5
0.23265306122449 0.23265306122449 0.228571428571429 0.228571428571429 2 2 1 0.171 0.144 0.0609999999999999 0.0609999999999999 60000 245 0.2 0 0.8 0.5
0.220408163265306 0.220408163265306 0.220408163265306 0.220408163265306 2 2 1 0.166 0.141 0.0600000000000001 0.0590000000000002 60000 245 0.2 0 0.8 0.5
0.277551020408163 0.277551020408163 0.306122448979592 0.306122448979592 3 3 1 0.221 0.199 0.0590000000000002 0.0590000000000002 60000 245 0.2 0 0.8 0.5
0.759183673469388 0.759183673469388 0.742857142857143 0.742857142857143 2 2 1 0.161 0.136 0.0569999999999999 0.0569999999999999 60000 245 0.8 1 0.8 0.5
0.257142857142857 0.257142857142857 0.257142857142857 0.257142857142857 3 3 1 0.221 0.195 0.0580000000000003 0.0579999999999998 60000 245 0.2 1 0.8 0.5
0.710204081632653 0.710204081632653 0.759183673469388 0.759183673469388 3 3 1 0.217 0.193 0.0580000000000003 0.0569999999999999 60000 245 0.8 1 0.8 0.5
0.722448979591837 0.722448979591837 0.718367346938775 0.718367346938775 3 3 1 0.22 0.194 0.0579999999999998 0.0569999999999999 60000 245 0.8 1 0.8 0.5
0.310204081632653 0.310204081632653 0.248979591836735 0.248979591836735 4 4 1 0.278 0.252 0.0569999999999999 0.0569999999999999 60000 245 0.2 0 0.8 0.5
0.276190476190476 0.276190476190476 0.281632653061224 0.281632653061224 3 3 1 0.221 0.194 0.0569999999999999 0.0579999999999998 60000 245 0.2 0 0.8 0.5
0.737414965986395 0.737414965986395 0.742857142857143 0.742857142857143 3 3 1 0.222 0.195 0.0580000000000003 0.0579999999999998 60000 245 0.8 1 0.8 0.5
0.274829931972789 0.274829931972789 0.26530612244898 0.26530612244898 3 3 1 0.223 0.198 0.0600000000000001 0.0589999999999997 60000 245 0.209707104479894 0 0.8 0.5
0.261224489795918 0.261224489795918 0.257142857142857 0.257142857142857 2 2 1 0.164 0.137 0.0589999999999997 0.0590000000000002 60000 245 0.2 0 0.8 0.5
0.316734693877551 0.338775510204082 0.375510204081633 0.375510204081633 5 4 1 0.328 0.245 0.056 0.0909999999999997 60000 245 0.46 0 0.8 0.5
0.691836734693878 0.691836734693878 0.702040816326531 0.702040816326531 4 4 1 0.272 0.246 0.0569999999999999 0.056 60000 245 0.8 1 0.8 0.5
0.307142857142857 0.307142857142857 0.326530612244898 0.326530612244898 4 4 1 0.268 0.244 0.0559999999999996 0.0549999999999997 60000 245 0.343561163889244 0 0.8 0.5
0.302040816326531 0.302040816326531 0.277551020408163 0.277551020408163 3 3 1 0.224 0.199 0.0600000000000001 0.0590000000000002 60000 245 0.234364473046735 1 0.8 0.5
0.296598639455782 0.296598639455782 0.26530612244898 0.26530612244898 3 3 1 0.217 0.191 0.0569999999999999 0.0569999999999999 60000 245 0.2 0 0.8 0.5
0.559037740013242 0.341836734693878 0.302040816326531 0.302040816326531 37 4 1 2.186 0.252 0.0529999999999999 0.0570000000000004 60000 245 0.2 0 0.8 0.5
0.337142857142857 0.335714285714286 0.371428571428571 0.371428571428571 5 4 1 0.312 0.236 0.0539999999999998 0.089 60000 245 0.439558303654194 1 0.8 0.5
0.274829931972789 0.274829931972789 0.261224489795918 0.261224489795918 3 3 1 0.221 0.195 0.0589999999999997 0.0580000000000003 60000 245 0.247308434005827 0 0.8 0.5
0.791836734693877 0.791836734693877 0.816326530612245 0.816326530612245 2 2 1 0.157 0.132 0.056 0.056 60000 245 0.8 0 0.8 0.5
0.8 0.8 0.804081632653061 0.804081632653061 2 2 1 0.162 0.136 0.0569999999999999 0.0579999999999998 60000 245 0.8 1 0.8 0.5
0.777551020408163 0.777551020408163 0.771428571428571 0.771428571428571 2 2 1 0.157 0.132 0.056 0.0559999999999996 60000 245 0.8 0 0.8 0.5
0.664489795918367 0.658163265306122 0.66530612244898 0.66530612244898 5 4 1 0.311 0.233 0.0540000000000003 0.0869999999999997 60000 245 0.782959185447544 0 0.8 0.5
0.296598639455782 0.296598639455782 0.289795918367347 0.289795918367347 3 3 1 0.211 0.183 0.0529999999999999 0.0529999999999999 60000 245 0.46 0 0.8 0.5
0.691836734693878 0.691836734693878 0.706122448979592 0.706122448979592 4 4 1 0.281 0.255 0.0579999999999998 0.0580000000000003 60000 245 0.8 1 0.8 0.5
0.667755102040816 0.66734693877551 0.726530612244898 0.726530612244898 5 4 1 0.336 0.256 0.0590000000000002 0.0959999999999996 60000 245 0.755087485443801 0 0.8 0.5
0.304761904761905 0.304761904761905 0.289795918367347 0.289795918367347 3 3 1 0.226 0.201 0.0600000000000001 0.0600000000000001 60000 245 0.251952112950385 0 0.8 0.5
0.677551020408163 0.677551020408163 0.669387755102041 0.669387755102041 4 4 1 0.271 0.247 0.0569999999999999 0.056 60000 245 0.687001647800207 0 0.8 0.5
0.323469387755102 0.323469387755102 0.322448979591837 0.322448979591837 4 4 1 0.281 0.256 0.0589999999999997 0.0590000000000002 60000 245 0.45323706774041 0 0.8 0.5
0.337142857142857 0.341836734693878 0.375510204081633 0.375510204081633 5 4 1 0.313 0.236 0.0539999999999998 0.0870000000000002 60000 245 0.46 1 0.8 0.5
0.304081632653061 0.304081632653061 0.289795918367347 0.289795918367347 4 4 1 0.274 0.25 0.0569999999999999 0.0579999999999998 60000 245 0.387290947716683 0 0.8 0.5
0.322448979591837 0.322448979591837 0.33469387755102 0.33469387755102 4 4 1 0.245 0.22 0.0549999999999997 0.0539999999999998 60000 245 0.327964469622821 0 0.8 0.5
0.304081632653061 0.304081632653061 0.293877551020408 0.293877551020408 4 4 1 0.276 0.253 0.0579999999999998 0.0569999999999999 60000 245 0.46 1 0.8 0.5
0.341224489795918 0.352040816326531 0.359183673469388 0.359183673469388 5 4 1 0.325 0.245 0.056 0.0909999999999997 60000 245 0.46 0 0.8 0.5
0.309183673469388 0.309183673469388 0.342857142857143 0.342857142857143 4 4 1 0.275 0.248 0.0569999999999999 0.0569999999999999 60000 245 0.46 0 0.8 0.5
0.325510204081633 0.325510204081633 0.346938775510204 0.346938775510204 4 4 1 0.274 0.251 0.0580000000000003 0.0569999999999999 60000 245 0.46 0 0.8 0.5
0.31530612244898 0.31530612244898 0.355102040816327 0.355102040816327 4 4 1 0.273 0.248 0.0569999999999999 0.0569999999999999 60000 245 0.46 0 0.8 0.5
0.336326530612245 0.340816326530612 0.404081632653061 0.404081632653061 5 4 1 0.337 0.252 0.0579999999999998 0.0950000000000002 60000 245 0.46 0 0.8 0.5
0.310204081632653 0.310204081632653 0.379591836734694 0.379591836734694 4 4 1 0.276 0.249 0.0569999999999999 0.0569999999999999 60000 245 0.419141960861161 0 0.8 0.5
0.325510204081633 0.325510204081633 0.383673469387755 0.383673469387755 4 4 1 0.275 0.25 0.0569999999999999 0.0579999999999998 60000 245 0.46 0 0.8 0.5
0.347755102040816 0.359183673469388 0.436734693877551 0.436734693877551 5 4 1 0.324 0.244 0.0569999999999999 0.093 60000 245 0.46 0 0.8 0.5
0.323469387755102 0.323469387755102 0.342857142857143 0.342857142857143 4 4 1 0.274 0.247 0.0569999999999999 0.0569999999999999 60000 245 0.46 1 0.8 0.5
0.322448979591837 0.33265306122449 0.379591836734694 0.379591836734694 5 4 1 0.332 0.249 0.0569999999999999 0.0939999999999999 60000 245 0.46 0 0.8 0.5
0.329591836734694 0.329591836734694 0.351020408163265 0.351020408163265 4 4 1 0.277 0.25 0.0579999999999998 0.0569999999999999 60000 245 0.438509792853147 0 0.8 0.5
0.328979591836735 0.33265306122449 0.383673469387755 0.383673469387755 5 4 1 0.328 0.246 0.0569999999999999 0.093 60000 245 0.46 1 0.8 0.5
0.323469387755102 0.323469387755102 0.363265306122449 0.363265306122449 4 4 1 0.278 0.251 0.0569999999999999 0.0579999999999998 60000 245 0.457655449369922 1 0.8 0.5
0.340816326530612 0.386734693877551 0.46530612244898 0.46530612244898 6 4 1 0.38 0.241 0.0910000000000002 0.0529999999999999 60000 245 0.46 1 0.8 0.5
0.66530612244898 0.659183673469388 0.685714285714286 0.685714285714286 5 4 1 0.331 0.249 0.0569999999999999 0.0940000000000003 60000 245 0.8 1 0.8 0.5
0.342176870748299 0.358163265306122 0.440816326530612 0.440816326530612 6 4 1 0.383 0.245 0.093 0.0540000000000003 60000 245 0.46 0 0.8 0.5
0.350340136054422 0.36734693877551 0.375510204081633 0.375510204081633 6 4 1 0.39 0.251 0.0950000000000002 0.0539999999999998 60000 245 0.46 1 0.8 0.5
0.33469387755102 0.338775510204082 0.379591836734694 0.379591836734694 5 4 1 0.328 0.247 0.056 0.093 60000 245 0.46 0 0.8 0.5
0.336326530612245 0.343877551020408 0.416326530612245 0.416326530612245 5 4 1 0.338 0.254 0.0579999999999998 0.106 60000 245 0.46 0 0.8 0.5
0.336326530612245 0.345918367346939 0.387755102040816 0.387755102040816 5 4 1 0.333 0.248 0.0569999999999999 0.097 60000 245 0.370171074075624 1 0.8 0.5
0.326530612244898 0.343877551020408 0.306122448979592 0.306122448979592 5 4 1 0.333 0.25 0.0569999999999999 0.0990000000000002 60000 245 0.46 1 0.8 0.5
0.336326530612245 0.337755102040816 0.395918367346939 0.395918367346939 5 4 1 0.33 0.247 0.0570000000000004 0.0920000000000001 60000 245 0.46 0 0.8 0.5
0.346938775510204 0.35 0.395918367346939 0.395918367346939 5 4 1 0.331 0.249 0.0570000000000004 0.093 60000 245 0.46 0 0.8 0.5
0.341224489795918 0.338775510204082 0.36734693877551 0.36734693877551 5 4 1 0.329 0.245 0.0569999999999999 0.093 60000 245 0.46 0 0.8 0.5
0.353061224489796 0.368367346938775 0.4 0.4 6 4 1 0.386 0.248 0.0939999999999999 0.0529999999999999 60000 245 0.46 0 0.8 0.5
0.359183673469388 0.378571428571429 0.424489795918367 0.424489795918367 6 4 1 0.392 0.251 0.0930000000000004 0.0539999999999998 60000 245 0.46 0 0.8 0.5
0.347619047619048 0.363265306122449 0.4 0.4 6 4 1 0.389 0.249 0.0940000000000003 0.0539999999999998 60000 245 0.46 0 0.8 0.5
0.363775510204082 0.402040816326531 0.436734693877551 0.436734693877551 8 4 1 0.49 0.274 0.056 0.056 60000 245 0.46 0 0.8 0.5
0.637414965986395 0.627551020408163 0.628571428571429 0.628571428571429 6 4 1 0.383 0.245 0.093 0.0609999999999999 60000 245 0.735945154819638 1 0.8 0.5
0.348979591836735 0.362244897959184 0.416326530612245 0.416326530612245 6 4 1 0.39 0.249 0.0939999999999999 0.0539999999999998 60000 245 0.46 0 0.8 0.5
0.359766763848397 0.398979591836735 0.497959183673469 0.497959183673469 7 4 1 0.435 0.279 0.0519999999999996 0.056 60000 245 0.46 0 0.8 0.5
0.360349854227405 0.375510204081633 0.440816326530612 0.440816326530612 7 4 1 0.439 0.281 0.0529999999999999 0.0569999999999999 60000 245 0.46 0 0.8 0.5
0.348104956268222 0.380612244897959 0.43265306122449 0.43265306122449 7 4 1 0.439 0.294 0.0539999999999998 0.0569999999999999 60000 245 0.46 1 0.8 0.5
0.358503401360544 0.38265306122449 0.428571428571429 0.428571428571429 6 4 1 0.384 0.243 0.093 0.0529999999999999 60000 245 0.46 0 0.8 0.5
0.355102040816327 0.369387755102041 0.408163265306122 0.408163265306122 6 4 1 0.386 0.245 0.093 0.0529999999999999 60000 245 0.46 1 0.8 0.5
0.372448979591837 0.410204081632653 0.453061224489796 0.453061224489796 8 4 1 0.511 0.285 0.0579999999999998 0.0580000000000003 60000 245 0.46 0 0.8 0.5
0.385487528344671 0.407142857142857 0.46530612244898 0.46530612244898 9 4 1 0.526 0.264 0.0540000000000003 0.0539999999999998 60000 245 0.46 0 0.8 0.5
0.362244897959184 0.395918367346939 0.408163265306122 0.408163265306122 8 4 1 0.503 0.283 0.0569999999999999 0.0590000000000002 60000 245 0.46 0 0.8 0.5
0.365597667638484 0.387755102040816 0.408163265306122 0.408163265306122 7 4 1 0.439 0.282 0.0539999999999998 0.0569999999999999 60000 245 0.46 1 0.8 0.5
0.369096209912536 0.381632653061225 0.391836734693878 0.391836734693878 7 4 1 0.462 0.296 0.0569999999999999 0.0600000000000001 60000 245 0.46 0 0.8 0.5
0.620918367346939 0.595918367346939 0.563265306122449 0.563265306122449 8 4 1 0.485 0.274 0.0549999999999997 0.056 60000 245 0.639806848857552 1 0.8 0.5
0.379591836734694 0.405102040816327 0.453061224489796 0.453061224489796 8 4 1 0.506 0.283 0.0579999999999998 0.0569999999999999 60000 245 0.46 0 0.8 0.5
0.373242630385488 0.420408163265306 0.461224489795918 0.461224489795918 9 4 1 0.551 0.281 0.0580000000000003 0.0569999999999999 60000 245 0.46 1 0.8 0.5
0.36734693877551 0.391836734693878 0.440816326530612 0.440816326530612 7 4 1 0.464 0.294 0.056 0.0589999999999997 60000 245 0.46 1 0.8 0.5
0.379138321995465 0.43469387755102 0.538775510204082 0.538775510204082 9 4 1 0.556 0.279 0.0570000000000004 0.0569999999999999 60000 245 0.46 1 0.8 0.5
0.373469387755102 0.418367346938776 0.46530612244898 0.46530612244898 8 4 1 0.493 0.278 0.0569999999999999 0.056 60000 245 0.46 0 0.8 0.5
0.375510204081633 0.407142857142857 0.461224489795918 0.461224489795918 8 4 1 0.51 0.288 0.0580000000000003 0.0569999999999999 60000 245 0.46 0 0.8 0.5
0.619387755102041 0.604081632653061 0.595918367346939 0.595918367346939 8 4 1 0.482 0.271 0.0550000000000002 0.0549999999999997 60000 245 0.652469176240265 0 0.8 0.5
0.384126984126984 0.420408163265306 0.436734693877551 0.436734693877551 9 4 1 0.561 0.281 0.0569999999999999 0.0569999999999999 60000 245 0.46 0 0.8 0.5
0.37687074829932 0.407142857142857 0.428571428571429 0.428571428571429 9 4 1 0.572 0.288 0.0579999999999998 0.0579999999999998 60000 245 0.46 0 0.8 0.5
0.601336302895323 0.553061224489796 0.497959183673469 0.497959183673469 11 4 1 0.619 0.254 0.048 0.0510000000000002 60000 245 0.478182200249285 0 0.8 0.5
0.598502892140184 0.578571428571429 0.604081632653061 0.604081632653061 12 4 1 0.725 0.23 0.0529999999999999 0.0529999999999999 60000 245 0.509960022196174 1 0.8 0.5
0.383815887156644 0.463265306122449 0.477551020408163 0.477551020408163 11 4 1 0.667 0.277 0.0529999999999999 0.056 60000 245 0.46 0 0.8 0.5
0.385671863400148 0.475510204081633 0.510204081632653 0.510204081632653 11 4 1 0.699 0.288 0.0539999999999998 0.0579999999999998 60000 245 0.46 0 0.8 0.5
0.599246231155779 0.540816326530612 0.551020408163265 0.551020408163265 13 4 1 0.816 0.239 0.056 0.0569999999999999 60000 245 0.416206306219101 1 0.8 0.5
0.585608573615718 0.53469387755102 0.444897959183673 0.444897959183673 16 4 1 0.981 0.238 0.056 0.0550000000000002 60000 245 0.459829277265817 1 0.8 0.5
0.590364725095264 0.588775510204082 0.6 0.6 15 4 1 0.933 0.243 0.0529999999999999 0.0569999999999999 60000 245 0.646715481672436 1 0.8 0.5
0.593907035175879 0.588775510204082 0.595918367346939 0.595918367346939 13 4 1 0.814 0.236 0.056 0.0549999999999997 60000 245 0.585573212616146 1 0.8 0.5
0.586826347305389 0.627551020408163 0.640816326530612 0.640816326530612 15 4 1 0.909 0.235 0.0510000000000002 0.0540000000000003 60000 245 0.675204841326922 0 0.8 0.5
0.567695574065001 0.494897959183673 0.428571428571429 0.428571428571429 25 4 1 1.304 0.207 0.048 0.0489999999999999 60000 245 0.280030308663845 0 0.8 0.5
0.57256867112101 0.494897959183673 0.46530612244898 0.46530612244898 22 4 1 1.151 0.181 0.0450000000000004 0.0429999999999997 60000 245 0.212782740965486 1 0.8 0.5
0.578212290502793 0.543877551020408 0.538775510204082 0.538775510204082 19 4 1 0.994 0.215 0.0460000000000003 0.048 60000 245 0.443681538011879 0 0.8 0.5
0.5637054765592 0.553061224489796 0.506122448979592 0.506122448979592 29 4 1 1.056 0.152 0.0390000000000001 0.0339999999999998 60000 245 0.484353203233332 1 0.8 0.5
0.567512394284048 0.443877551020408 0.383673469387755 0.383673469387755 28 4 1 1.322 0.198 0.0430000000000001 0.0449999999999999 60000 245 0.2 0 0.8 0.5
0.567518524119159 0.394897959183673 0.326530612244898 0.326530612244898 27 4 1 1.209 0.182 0.0430000000000001 0.04 60000 245 0.2 1 0.8 0.5
0.560876020786934 0.437755102040816 0.342857142857143 0.342857142857143 33 4 1 1.54 0.192 0.0420000000000003 0.0470000000000002 60000 245 0.206212119571865 0 0.8 0.5
0.561512118018967 0.380612244897959 0.371428571428571 0.371428571428571 31 4 1 1.322 0.173 0.0420000000000003 0.0419999999999998 60000 245 0.2 0 0.8 0.5
0.561494679534769 0.381632653061225 0.330612244897959 0.330612244897959 33 4 1 1.261 0.165 0.0350000000000001 0.0430000000000001 60000 245 0.2 1 0.8 0.5
0.56246012504785 0.36530612244898 0.322448979591837 0.322448979591837 32 4 1 1.55 0.2 0.0459999999999998 0.0429999999999997 60000 245 0.2 0 0.8 0.5
0.555506510704039 0.390816326530612 0.36734693877551 0.36734693877551 37 4 1 1.337 0.154 0.032 0.0339999999999998 60000 245 0.2 1 0.8 0.5
0.555171691792295 0.463265306122449 0.424489795918367 0.424489795918367 39 4 1 1.853 0.193000000000001 0.0459999999999994 0.0490000000000004 60000 245 0.284652658645064 0 0.8 0.5
0.553470736923974 0.374489795918367 0.338775510204082 0.338775510204082 42 4 1 1.79 0.165 0.0380000000000003 0.0379999999999998 60000 245 0.2 1 0.8 0.5
0.550169403179567 0.464285714285714 0.444897959183673 0.444897959183673 47 4 1 2.128 0.173 0.0409999999999995 0.0419999999999998 60000 245 0.319932749867439 0 0.8 0.5
0.546176688938382 0.378571428571429 0.318367346938775 0.318367346938775 55 4 1 2.248 0.167000000000001 0.0369999999999999 0.0389999999999997 60000 245 0.242687757965177 0 0.8 0.5
