0.207430340557276 0.207430340557276 0.182926829268293 1 323 323 82 3.917 3.795 0.0119999999999987 0.0540000000000003 60000 60000 0.2 0 0.8 0
0.23015873015873 0.23015873015873 0.195121951219512 1 378 378 82 4.595 4.544 0.0109999999999992 0.011000000000001 60000 60000 0.2 0 0.8 0
0.739583333333333 0.739583333333333 0.682926829268293 1 480 480 82 5.631 5.63 0.0109999999999992 0.011000000000001 60000 60000 0.8 1 0.8 0
0.901162790697674 0.901162790697674 0.890243902439024 1 172 172 82 2.159 2.143 0.016 0.0119999999999996 60000 60000 0.8 1 0.8 0
0.838174273858921 0.838174273858921 0.878048780487805 1 241 241 82 2.976 3.005 0.0119999999999996 0.0110000000000001 60000 60000 0.8 1 0.8 0
0.832 0.832 0.841463414634146 0 250 250 82 3.045 3.005 0.0119999999999996 0.0110000000000001 60000 60000 0.8 1 0.8 0
0.180811808118081 0.180811808118081 0.207317073170732 1 271 271 82 3.299 3.32 0.0120000000000005 0.0120000000000005 60000 60000 0.2 1 0.8 0
0.17910447761194 0.17910447761194 0.195121951219512 0 268 268 82 3.26 3.267 0.0170000000000003 0.0149999999999997 60000 60000 0.2 0 0.8 0
0.185714285714286 0.185714285714286 0.207317073170732 1 280 280 82 3.414 3.426 0.0109999999999992 0.0119999999999996 60000 60000 0.2 0 0.8 0
0.811188811188811 0.811188811188811 0.792682926829268 1 286 286 82 3.522 3.484 0.0120000000000005 0.0149999999999997 60000 60000 0.8 1 0.8 0
0.175572519083969 0.175572519083969 0.195121951219512 1 262 262 82 3.335 3.325 0.0149999999999997 0.0120000000000005 60000 60000 0.2 0 0.8 0
0.812720848056537 0.812720848056537 0.768292682926829 1 283 283 82 3.508 3.509 0.0129999999999999 0.0120000000000005 60000 60000 0.8 1 0.8 0
0.185714285714286 0.185714285714286 0.219512195121951 0 280 280 82 3.541 3.515 0.0119999999999996 0.0120000000000005 60000 60000 0.2 0 0.8 0
0.803333333333333 0.803333333333333 0.792682926829268 1 300 300 82 3.75 3.676 0.0109999999999992 0.011000000000001 60000 60000 0.8 1 0.8 0
0.800653594771242 0.800653594771242 0.829268292682927 1 306 306 82 3.812 3.697 0.011000000000001 0.011000000000001 60000 60000 0.8 1 0.8 0
0.207430340557276 0.207430340557276 0.182926829268293 0 323 323 82 4.073 4.02 0.0120000000000005 0.0569999999999986 60000 60000 0.2 0 0.8 0
0.210365853658537 0.210365853658537 0.182926829268293 0 328 328 82 4.086 4.044 0.011000000000001 0.0119999999999987 60000 60000 0.2 1 0.8 0
0.202572347266881 0.202572347266881 0.25609756097561 0 311 311 82 3.932 3.853 0.0119999999999987 0.0140000000000011 60000 60000 0.2 0 0.8 0
0.79375 0.79375 0.780487804878049 1 320 320 82 4.141 4.104 0.0150000000000006 0.0120000000000005 60000 60000 0.8 0 0.8 0
0.773841961852861 0.773841961852861 0.75609756097561 1 367 367 82 4.391 4.352 0.011000000000001 0.0109999999999992 60000 60000 0.8 0 0.8 0
0.200647249190939 0.200647249190939 0.195121951219512 1 309 309 82 4 3.915 0.0129999999999999 0.0120000000000005 60000 60000 0.2 1 0.8 0
0.213649851632047 0.213649851632047 0.170731707317073 1 337 337 82 4.215 4.175 0.0120000000000005 0.0109999999999992 60000 60000 0.2 0 0.8 0
0.761786600496278 0.761786600496278 0.780487804878049 1 403 403 82 4.754 4.702 0.011000000000001 0.0139999999999993 60000 60000 0.8 1 0.8 0
0.222841225626741 0.222841225626741 0.24390243902439 0 359 359 82 4.623 4.561 0.0120000000000005 0.0120000000000005 60000 60000 0.2 0 0.8 0
0.772117962466488 0.772117962466488 0.75609756097561 1 373 373 82 4.797 4.76 0.0120000000000005 0.0149999999999988 60000 60000 0.8 1 0.8 0
0.231770833333333 0.231770833333333 0.219512195121951 1 384 384 82 4.861 4.803 0.0120000000000005 0.0129999999999999 60000 60000 0.2 0 0.8 0
0.147982062780269 0.147982062780269 0.195121951219512 0 223 223 82 2.961 2.892 0.0130000000000008 0.0119999999999996 60000 60000 0.2 0 0.8 0
0.836065573770492 0.836065573770492 0.841463414634146 1 244 244 82 3.061 2.975 0.0120000000000005 0.0109999999999992 60000 60000 0.8 0 0.8 0
0.836065573770492 0.836065573770492 0.865853658536585 1 244 244 82 3.269 3.223 0.0120000000000005 0.0120000000000005 60000 60000 0.8 1 0.8 0
0.838174273858921 0.838174273858921 0.841463414634146 1 241 241 82 3.059 2.981 0.0110000000000001 0.0110000000000001 60000 60000 0.8 1 0.8 0
0.168 0.168 0.134146341463415 1 250 250 82 3.313 3.261 0.0129999999999999 0.0120000000000005 60000 60000 0.2 1 0.8 0
0.847161572052402 0.847161572052402 0.829268292682927 1 229 229 82 3.098 3.041 0.0120000000000005 0.0150000000000006 60000 60000 0.8 1 0.8 0
0.8300395256917 0.8300395256917 0.768292682926829 1 253 253 82 3.224 3.139 0.0119999999999996 0.0119999999999996 60000 60000 0.8 1 0.8 0
0.85981308411215 0.85981308411215 0.865853658536585 0 214 214 82 2.867 2.817 0.0140000000000002 0.0140000000000002 60000 60000 0.8 1 0.8 0
0.17910447761194 0.17910447761194 0.195121951219512 0 268 268 82 3.511 3.458 0.0169999999999995 0.0120000000000005 60000 60000 0.2 0 0.8 0
0.822641509433962 0.822641509433962 0.829268292682927 1 265 265 82 3.509 3.482 0.0129999999999999 0.0129999999999999 60000 60000 0.8 1 0.8 0
0.82089552238806 0.82089552238806 0.74390243902439 1 268 268 82 3.556 3.528 0.0169999999999995 0.0120000000000005 60000 60000 0.8 1 0.8 0
0.812720848056537 0.812720848056537 0.792682926829268 0 283 283 82 3.74 3.678 0.0129999999999999 0.0129999999999999 60000 60000 0.8 1 0.8 0
0.809688581314879 0.809688581314879 0.792682926829268 1 289 289 82 3.512 3.523 0.0549999999999997 0.0120000000000005 60000 60000 0.8 1 0.8 0
0.804713804713805 0.804713804713805 0.74390243902439 1 297 297 82 3.772 3.67 0.0120000000000005 0.0120000000000005 60000 60000 0.8 1 0.8 0
0.812720848056537 0.812720848056537 0.719512195121951 1 283 283 82 3.522 3.465 0.0109999999999992 0.0109999999999992 60000 60000 0.8 1 0.8 0
0.188811188811189 0.188811188811189 0.182926829268293 0 286 286 82 3.796 3.742 0.0109999999999992 0.0149999999999988 60000 60000 0.2 0 0.8 0
0.797427652733119 0.797427652733119 0.865853658536585 1 311 311 82 3.711 3.622 0.0109999999999992 0.0140000000000011 60000 60000 0.8 1 0.8 0
0.184115523465704 0.184115523465704 0.207317073170732 0 277 277 82 3.649 3.596 0.0120000000000005 0.0119999999999987 60000 60000 0.2 0 0.8 0
0.807560137457045 0.807560137457045 0.792682926829268 1 291 291 82 3.713 3.574 0.0169999999999995 0.0120000000000005 60000 60000 0.8 1 0.8 0
0.806122448979592 0.806122448979592 0.731707317073171 0 294 294 82 3.954 3.862 0.0139999999999993 0.0140000000000011 60000 60000 0.8 1 0.8 0
0.806122448979592 0.806122448979592 0.804878048780488 1 294 294 82 3.743 3.626 0.0139999999999993 0.0129999999999999 60000 60000 0.8 1 0.8 0
0.187279151943463 0.187279151943463 0.219512195121951 0 283 283 82 3.735 3.682 0.0129999999999999 0.0120000000000005 60000 60000 0.2 0 0.8 0
0.801980198019802 0.801980198019802 0.74390243902439 1 303 303 82 4.036 3.901 0.0120000000000005 0.011000000000001 60000 60000 0.8 1 0.8 0
0.173745173745174 0.173745173745174 0.231707317073171 1 259 259 82 3.448 3.402 0.0130000000000017 0.0119999999999987 60000 60000 0.2 0 0.8 0
0.175572519083969 0.175572519083969 0.268292682926829 0 262 262 82 3.448 3.413 0.0149999999999988 0.0119999999999987 60000 60000 0.2 0 0.8 0
0.188811188811189 0.188811188811189 0.195121951219512 0 286 286 82 3.773 3.732 0.0109999999999992 0.0150000000000006 60000 60000 0.2 1 0.8 0
0.199346405228758 0.199346405228758 0.24390243902439 1 306 306 82 4.078 3.978 0.0129999999999999 0.0120000000000005 60000 60000 0.2 1 0.8 0
0.797427652733119 0.797427652733119 0.792682926829268 0 311 311 82 4.105 3.971 0.0120000000000005 0.016 60000 60000 0.8 0 0.8 0
0.177358490566038 0.177358490566038 0.195121951219512 0 265 265 82 3.523 3.463 0.0120000000000005 0.0120000000000005 60000 60000 0.2 0 0.8 0
0.809688581314879 0.809688581314879 0.817073170731707 1 289 289 82 3.825 3.793 0.0580000000000016 0.0120000000000005 60000 60000 0.8 1 0.8 0
0.254901960784314 0.254901960784314 0.304878048780488 0 459 459 82 5.868 5.814 0.0139999999999993 0.0129999999999999 60000 60000 0.2 0 0.8 0
0.738144329896907 0.738144329896907 0.780487804878049 1 485 485 82 5.889 5.814 0.0140000000000011 0.0119999999999987 60000 60000 0.8 1 0.8 0
0.82089552238806 0.82089552238806 0.792682926829268 1 268 268 82 3.539 3.513 0.0180000000000007 0.0129999999999999 60000 60000 0.8 1 0.8 0
0.207430340557276 0.207430340557276 0.146341463414634 0 323 323 82 3.964 3.895 0.0120000000000005 0.0540000000000003 60000 60000 0.2 0 0.8 0
0.797427652733119 0.797427652733119 0.804878048780488 1 311 311 82 4.187 4.072 0.0120000000000005 0.0150000000000006 60000 60000 0.8 1 0.8 0
0.789634146341463 0.789634146341463 0.768292682926829 1 328 328 82 3.972 3.939 0.0119999999999987 0.011000000000001 60000 60000 0.8 1 0.8 0
0.202572347266881 0.202572347266881 0.24390243902439 0 311 311 82 4.079 3.99 0.0120000000000005 0.0150000000000006 60000 60000 0.2 0 0.8 0
0.198019801980198 0.198019801980198 0.231707317073171 0 303 303 82 4.065 3.931 0.0120000000000005 0.0120000000000005 60000 60000 0.2 0 0.8 0
0.210365853658537 0.210365853658537 0.207317073170732 0 328 328 82 4.335 4.28 0.0129999999999999 0.0129999999999999 60000 60000 0.2 0 0.8 0
0.190311418685121 0.190311418685121 0.146341463414634 0 289 289 82 3.76 3.723 0.0579999999999998 0.0120000000000005 60000 60000 0.2 0 0.8 0
0.213649851632047 0.213649851632047 0.231707317073171 0 337 337 82 4.183 4.136 0.0109999999999992 0.0109999999999992 60000 60000 0.2 0 0.8 0
0.779661016949153 0.779661016949153 0.841463414634146 1 354 354 82 4.414 4.332 0.0129999999999999 0.016 60000 60000 0.8 1 0.8 0
0.786350148367952 0.786350148367952 0.817073170731707 1 337 337 82 4.174 4.102 0.0109999999999992 0.0120000000000005 60000 60000 0.8 0 0.8 0
0.801980198019802 0.801980198019802 0.780487804878049 1 303 303 82 3.88 3.744 0.0120000000000005 0.0119999999999987 60000 60000 0.8 0 0.8 0
0.779661016949153 0.779661016949153 0.780487804878049 0 354 354 82 4.47 4.38 0.0139999999999993 0.016 60000 60000 0.8 1 0.8 0
0.783625730994152 0.783625730994152 0.829268292682927 1 342 342 82 4.532 4.458 0.0119999999999987 0.0119999999999987 60000 60000 0.8 1 0.8 0
0.759803921568627 0.759803921568627 0.780487804878049 0 408 408 82 4.851 4.785 0.016 0.0109999999999992 60000 60000 0.8 1 0.8 0
0.804713804713805 0.804713804713805 0.792682926829268 1 297 297 82 3.992 3.878 0.0129999999999999 0.0119999999999987 60000 60000 0.8 1 0.8 0
0.27134724857685 0.27134724857685 0.304878048780488 0 527 527 82 6.527 6.486 0.0179999999999989 0.0120000000000005 60000 60000 0.2 0 0.8 0
0.258947368421053 0.258947368421053 0.268292682926829 0 475 475 82 5.786 5.672 0.0119999999999987 0.0120000000000005 60000 60000 0.231751280622557 0 0.8 0
0.777158774373259 0.777158774373259 0.780487804878049 1 359 359 82 4.492 4.393 0.011000000000001 0.0119999999999987 60000 60000 0.8 1 0.8 0
0.205047318611987 0.205047318611987 0.207317073170732 0 317 317 82 4.203 4.097 0.0120000000000005 0.0120000000000005 60000 60000 0.2 0 0.8 0
0.785294117647059 0.785294117647059 0.731707317073171 1 340 340 82 4.233 4.151 0.0120000000000005 0.0109999999999992 60000 60000 0.8 0 0.8 0
0.220338983050847 0.220338983050847 0.182926829268293 0 354 354 82 4.629 4.575 0.0140000000000011 0.0179999999999989 60000 60000 0.2 0 0.8 0
0.219373219373219 0.219373219373219 0.134146341463415 0 351 351 82 4.614 4.533 0.0120000000000005 0.0120000000000005 60000 60000 0.2 0 0.8 0
0.771276595744681 0.771276595744681 0.75609756097561 1 376 376 82 4.666 4.567 0.0120000000000005 0.0109999999999992 60000 60000 0.8 0 0.8 0
0.779661016949153 0.779661016949153 0.75609756097561 1 354 354 82 4.727 4.625 0.0129999999999999 0.0169999999999995 60000 60000 0.8 1 0.8 0
0.210365853658537 0.210365853658537 0.219512195121951 1 328 328 82 4.342 4.29 0.0129999999999999 0.0130000000000017 60000 60000 0.2 0 0.8 0
0.224657534246575 0.224657534246575 0.121951219512195 0 365 365 82 4.763 4.675 0.016 0.0120000000000005 60000 60000 0.2 0 0.8 0
0.214705882352941 0.214705882352941 0.158536585365854 0 340 340 82 4.454 4.378 0.0120000000000005 0.0120000000000005 60000 60000 0.2 0 0.8 0
0.236775818639798 0.236775818639798 0.219512195121951 0 397 397 82 4.913 4.874 0.0109999999999992 0.0150000000000006 60000 60000 0.2 0 0.8 0
0.218390804597701 0.218390804597701 0.219512195121951 0 348 348 82 4.623 4.544 0.0120000000000005 0.016 60000 60000 0.2 0 0.8 0
0.233933161953728 0.233933161953728 0.182926829268293 0 389 389 82 5.168 5.075 0.0120000000000005 0.0120000000000005 60000 60000 0.235124502116814 0 0.8 0
0.330552659019812 0.333333333333333 0.378048780487805 1 959 897 82 11.652 10.685 0.0109999999999992 0.0109999999999992 60000 60000 0.46 0 0.8 0
0.251121076233184 0.251121076233184 0.219512195121951 0 446 446 82 5.414 5.352 0.0120000000000005 0.0150000000000006 60000 60000 0.2 0 0.8 0
0.238916256157635 0.238916256157635 0.207317073170732 0 406 406 82 5.353 5.291 0.016 0.0119999999999987 60000 60000 0.2 0 0.8 0
0.230971128608924 0.230971128608924 0.207317073170732 0 381 381 82 5.052 5.01 0.0150000000000006 0.0120000000000005 60000 60000 0.2 0 0.8 0
0.244075829383886 0.244075829383886 0.207317073170732 0 422 422 82 5.564 5.44 0.0120000000000005 0.0120000000000005 60000 60000 0.2 0 0.8 0
0.23469387755102 0.23469387755102 0.182926829268293 0 392 392 82 5.248 5.157 0.0120000000000005 0.0129999999999999 60000 60000 0.2 0 0.8 0
0.256465517241379 0.256465517241379 0.195121951219512 1 464 464 82 6.018 5.852 0.0130000000000017 0.0119999999999987 60000 60000 0.2 0 0.8 0
0.255411255411255 0.255411255411255 0.195121951219512 0 462 462 82 6.096 5.952 0.0120000000000005 0.0129999999999999 60000 60000 0.2 0 0.8 0
0.732809430255403 0.732809430255403 0.75609756097561 1 509 509 82 6.254 6.159 0.0119999999999987 0.011000000000001 60000 60000 0.8 1 0.8 0
0.256959314775161 0.256959314775161 0.280487804878049 0 467 467 82 6.067 5.963 0.0119999999999987 0.0150000000000006 60000 60000 0.2 1 0.8 0
0.731517509727626 0.731517509727626 0.731707317073171 0 514 514 82 6.332 6.231 0.0109999999999992 0.0120000000000005 60000 60000 0.8 1 0.8 0
0.262729124236253 0.262729124236253 0.24390243902439 0 491 491 82 6.474 6.321 0.0120000000000005 0.0119999999999987 60000 60000 0.2 0 0.8 0
0.262295081967213 0.262295081967213 0.195121951219512 1 488 488 82 6.327 6.21 0.0120000000000005 0.0120000000000005 60000 60000 0.2 0 0.8 0
0.344978165938865 0.355629877369008 0.402439024390244 0 1145 897 82 13.616 10.333 0.0110000000000028 0.0109999999999992 60000 60000 0.439558303654194 1 0.8 0
0.739130434782609 0.739130434782609 0.731707317073171 1 483 483 82 6.013 5.857 0.011000000000001 0.0119999999999987 60000 60000 0.8 1 0.8 0
0.731141199226306 0.731141199226306 0.75609756097561 1 517 517 82 6.431 6.309 0.0109999999999992 0.011000000000001 60000 60000 0.8 1 0.8 0
0.265469061876248 0.265469061876248 0.231707317073171 1 501 501 82 6.604 6.435 0.0139999999999993 0.0120000000000005 60000 60000 0.209707104479894 0 0.8 0
0.695172413793103 0.695172413793103 0.792682926829268 1 725 725 82 8.717 8.578 0.0139999999999993 0.0120000000000005 60000 60000 0.8 1 0.8 0
0.272897196261682 0.272897196261682 0.268292682926829 0 535 535 82 7.022 6.859 0.0119999999999987 0.0120000000000005 60000 60000 0.2 0 0.8 0
0.304827586206897 0.304827586206897 0.353658536585366 0 725 725 82 9.036 8.873 0.0139999999999993 0.0110000000000028 60000 60000 0.343561163889244 0 0.8 0
0.280210157618214 0.280210157618214 0.207317073170732 1 571 571 82 7.411 7.269 0.0120000000000005 0.0120000000000005 60000 60000 0.2 0 0.8 0
0.281519861830743 0.281519861830743 0.439024390243902 1 579 579 82 7.631 7.45 0.0150000000000006 0.0119999999999969 60000 60000 0.234364473046735 1 0.8 0
0.282271944922547 0.282271944922547 0.24390243902439 0 581 581 82 7.617 7.459 0.0130000000000017 0.0120000000000005 60000 60000 0.247308434005827 0 0.8 0
0.666332665330661 0.661092530657748 0.695121951219512 0 998 897 82 11.634 10.247 0.0109999999999992 0.0109999999999992 60000 60000 0.782959185447544 0 0.8 0
0.670912951167728 0.671125975473802 0.719512195121951 1 942 897 82 11.276 10.627 0.0109999999999992 0.0120000000000005 60000 60000 0.687001647800207 0 0.8 0
0.693243243243243 0.693243243243243 0.682926829268293 1 740 740 82 9.159 8.926 0.0159999999999982 0.0120000000000005 60000 60000 0.8 1 0.8 0
0.322247706422018 0.322247706422018 0.341463414634146 0 872 872 82 11.136 11.01 0.0120000000000005 0.0120000000000005 60000 60000 0.45323706774041 0 0.8 0
0.693351424694708 0.693351424694708 0.74390243902439 1 737 737 82 9.143 9.094 0.0120000000000005 0.0120000000000005 60000 60000 0.755087485443801 0 0.8 0
0.323529411764706 0.323529411764706 0.317073170731707 0 884 884 82 10.664 10.435 0.0159999999999982 0.0120000000000005 60000 60000 0.46 0 0.8 0
0.334653465346535 0.336677814938684 0.280487804878049 0 1010 897 82 11.938 11.237 0.0150000000000006 0.0129999999999981 60000 60000 0.327964469622821 0 0.8 0
0.339569691300281 0.345596432552954 0.378048780487805 0 1069 897 82 13.063 10.557 0.0110000000000028 0.0119999999999969 60000 60000 0.46 1 0.8 0
0.308 0.308 0.280487804878049 0 750 750 82 9.885 9.688 0.0120000000000005 0.0120000000000005 60000 60000 0.251952112950385 0 0.8 0
0.31193838254172 0.31193838254172 0.365853658536585 0 779 779 82 10.152 9.845 0.0120000000000005 0.0119999999999969 60000 60000 0.387290947716683 0 0.8 0
0.338967136150235 0.351170568561873 0.402439024390244 0 1065 897 82 13.322 11.013 0.0129999999999981 0.0130000000000017 60000 60000 0.46 0 0.8 0
0.339268978444236 0.343366778149387 0.414634146341463 1 1067 897 82 13.428 11.072 0.0169999999999995 0.0120000000000005 60000 60000 0.46 0 0.8 0
0.31812725090036 0.31812725090036 0.317073170731707 1 833 833 82 10.702 10.412 0.0119999999999969 0.0110000000000028 60000 60000 0.46 1 0.8 0
0.809688581314879 0.809688581314879 0.817073170731707 1 289 289 82 3.469 3.425 0.0540000000000003 0.0110000000000001 60000 60000 0.8 0 0.8 0
0.343163538873995 0.350055741360089 0.390243902439024 1 1119 897 82 14.314 11.319 0.0120000000000005 0.0130000000000017 60000 60000 0.46 0 0.8 0
0.349466776045939 0.376811594202899 0.378048780487805 1 1219 897 82 15.176 11.006 0.0150000000000006 0.0120000000000005 60000 60000 0.46 0 0.8 0
0.318181818181818 0.318181818181818 0.378048780487805 0 836 836 82 10.796 10.55 0.0120000000000005 0.0120000000000005 60000 60000 0.46 0 0.8 0
0.323991031390135 0.323991031390135 0.414634146341463 0 892 892 82 11.462 11.191 0.0120000000000005 0.0120000000000005 60000 60000 0.419141960861161 0 0.8 0
0.797427652733119 0.797427652733119 0.817073170731707 1 311 311 82 3.819 3.702 0.0109999999999992 0.0129999999999999 60000 60000 0.8 1 0.8 0
0.323529411764706 0.323529411764706 0.439024390243902 1 884 884 82 11.301 11.095 0.0180000000000007 0.0119999999999969 60000 60000 0.46 0 0.8 0
0.323959505061867 0.323959505061867 0.402439024390244 1 889 889 82 11.483 11.158 0.0129999999999981 0.0129999999999981 60000 60000 0.46 0 0.8 0
0.779661016949153 0.779661016949153 0.780487804878049 1 354 354 82 4.251 4.179 0.0129999999999999 0.016 60000 60000 0.8 0 0.8 0
0.331622176591376 0.342251950947603 0.402439024390244 0 974 897 82 12.601 11.302 0.0120000000000005 0.0150000000000006 60000 60000 0.46 0 0.8 0
0.330912863070539 0.336677814938684 0.426829268292683 0 964 897 82 12.311 11.165 0.0130000000000017 0.0120000000000005 60000 60000 0.46 1 0.8 0
0.357825128581925 0.390189520624303 0.414634146341463 0 1361 897 82 17.004 11.051 0.0109999999999992 0.0120000000000005 60000 60000 0.46 1 0.8 0
0.326818675352877 0.331103678929766 0.451219512195122 0 921 897 82 11.891 11.253 0.0150000000000006 0.0109999999999992 60000 60000 0.438509792853147 0 0.8 0
0.333998005982054 0.335562987736901 0.390243902439024 0 1003 897 82 12.814 11.204 0.0120000000000005 0.0120000000000005 60000 60000 0.46 1 0.8 0
0.356502242152466 0.374581939799331 0.414634146341463 1 1338 897 82 16.904 11.158 0.0150000000000006 0.0119999999999969 60000 60000 0.46 1 0.8 0
0.360621030345801 0.370122630992196 0.451219512195122 0 1417 897 82 17.77 11.074 0.0120000000000005 0.0119999999999969 60000 60000 0.46 0 0.8 0
0.331269349845201 0.336677814938684 0.439024390243902 1 969 897 82 12.541 11.321 0.0150000000000006 0.0120000000000005 60000 60000 0.457655449369922 1 0.8 0
0.6640625 0.662207357859532 0.829268292682927 1 1024 897 82 13.168 11.187 0.0120000000000005 0.0110000000000028 60000 60000 0.8 1 0.8 0
0.338967136150235 0.364548494983278 0.48780487804878 0 1065 897 82 13.565 11.142 0.0129999999999981 0.0129999999999981 60000 60000 0.46 0 0.8 0
0.338374291115312 0.348940914158305 0.439024390243902 0 1058 897 82 13.607 11.185 0.0109999999999992 0.0169999999999995 60000 60000 0.370171074075624 1 0.8 0
0.33955223880597 0.341137123745819 0.365853658536585 1 1072 897 82 13.835 11.26 0.0120000000000005 0.0120000000000005 60000 60000 0.46 1 0.8 0
0.34742180896027 0.366778149386845 0.365853658536585 1 1183 897 82 15.152 11.166 0.0130000000000017 0.0139999999999993 60000 60000 0.46 0 0.8 0
0.348117154811715 0.343366778149387 0.341463414634146 0 1195 897 82 15.25 11.204 0.0120000000000005 0.0119999999999969 60000 60000 0.46 0 0.8 0
0.349048800661704 0.37123745819398 0.475609756097561 1 1209 897 82 15.369 11.17 0.0120000000000005 0.0120000000000005 60000 60000 0.46 0 0.8 0
0.367786937222574 0.392419175027871 0.51219512195122 1 1577 897 82 19.953 11.191 0.0120000000000005 0.0130000000000017 60000 60000 0.46 0 0.8 0
0.354566385264774 0.386845039018952 0.475609756097561 0 1303 897 82 16.495 11.048 0.0130000000000017 0.0130000000000017 60000 60000 0.46 0 0.8 0
0.350848827809216 0.36231884057971 0.463414634146341 0 1237 897 82 15.878 11.21 0.0120000000000005 0.0109999999999992 60000 60000 0.46 0 0.8 0
0.371479928100659 0.402452619843924 0.426829268292683 1 1669 897 82 20.764 10.967 0.0110000000000028 0.0140000000000029 60000 60000 0.46 0 0.8 0
0.639575971731449 0.633221850613155 0.634146341463415 1 1415 897 82 17.072 10.592 0.0109999999999992 0.0169999999999995 60000 60000 0.735945154819638 1 0.8 0
0.357615894039735 0.366778149386845 0.48780487804878 1 1359 897 82 17.395 11.192 0.0159999999999982 0.0120000000000005 60000 60000 0.46 0 0.8 0
0.358490566037736 0.376811594202899 0.426829268292683 0 1378 897 82 18.013 11.446 0.0120000000000005 0.0109999999999992 60000 60000 0.46 0 0.8 0
0.364423717521652 0.413600891861761 0.560975609756098 1 1501 897 82 18.955 11.008 0.0120000000000005 0.0109999999999992 60000 60000 0.46 0 0.8 0
0.36238846945779 0.385730211817168 0.524390243902439 0 1457 897 82 18.639 11.161 0.0150000000000006 0.0129999999999981 60000 60000 0.46 0 0.8 0
0.365661861074705 0.386845039018952 0.414634146341463 0 1526 897 82 19.308 11.072 0.0109999999999992 0.0109999999999992 60000 60000 0.46 1 0.8 0
0.362765229295003 0.396878483835006 0.426829268292683 0 1461 897 82 18.62 11.102 0.0110000000000028 0.014999999999997 60000 60000 0.46 0 0.8 0
0.378666666666667 0.416945373467113 0.475609756097561 0 1875 897 82 23.747 11.138 0.0120000000000005 0.0119999999999933 60000 60000 0.46 0 0.8 0
0.364123159303882 0.363433667781494 0.378048780487805 1 1494 897 82 19.12 11.119 0.0119999999999969 0.0110000000000028 60000 60000 0.46 1 0.8 0
0.387482742751956 0.408026755852843 0.451219512195122 1 2173 897 82 25.76 10.039 0.0109999999999957 0.0129999999999981 60000 60000 0.46 0 0.8 0
0.369685767097967 0.393534002229654 0.451219512195122 0 1623 897 82 20.943 11.297 0.0120000000000005 0.0150000000000006 60000 60000 0.46 0 0.8 0
0.371565113500597 0.404682274247492 0.463414634146341 0 1674 897 82 21.257 11.071 0.0129999999999981 0.0110000000000028 60000 60000 0.46 1 0.8 0
0.371479928100659 0.404682274247492 0.5 0 1669 897 82 21.265 11.19 0.0120000000000005 0.0150000000000006 60000 60000 0.46 0 0.8 0
0.614076523382145 0.602006688963211 0.585365853658537 0 2117 897 82 25.339 10.54 0.0110000000000028 0.0139999999999958 60000 60000 0.639806848857552 1 0.8 0
0.378101402373247 0.405797101449275 0.426829268292683 0 1854 897 82 23.643 11.181 0.0120000000000005 0.0120000000000005 60000 60000 0.46 1 0.8 0
0.382412060301508 0.433667781493868 0.426829268292683 1 1990 897 82 25.023 11.016 0.0109999999999957 0.0129999999999981 60000 60000 0.46 1 0.8 0
0.380083420229406 0.418060200668896 0.439024390243902 1 1918 897 82 24.128 11.079 0.0120000000000005 0.0110000000000028 60000 60000 0.46 0 0.8 0
0.382293762575453 0.442586399108138 0.560975609756098 1 1988 897 82 25.337 11.135 0.0150000000000006 0.0119999999999933 60000 60000 0.46 1 0.8 0
0.381772151898734 0.432552954292085 0.51219512195122 1 1975 897 82 25.251 11.503 0.0120000000000005 0.0120000000000005 60000 60000 0.46 0 0.8 0
0.3814380418154 0.420289855072464 0.451219512195122 0 1961 897 82 25.016 11.137 0.0109999999999957 0.0150000000000006 60000 60000 0.46 0 0.8 0
0.609165585819282 0.59866220735786 0.524390243902439 1 2313 897 82 27.697 10.595 0.0110000000000028 0.0109999999999957 60000 60000 0.652469176240265 0 0.8 0
0.599927588703838 0.569676700111483 0.5 1 2762 897 82 32.103 9.879 0.0140000000000029 0.0120000000000005 60000 60000 0.478182200249285 0 0.8 0
0.386660447761194 0.420289855072464 0.378048780487805 1 2144 897 82 27.665 11.301 0.0109999999999957 0.0139999999999958 60000 60000 0.46 0 0.8 0
0.388537906137184 0.435897435897436 0.451219512195122 0 2216 897 82 27.924 11.051 0.0120000000000005 0.0109999999999957 60000 60000 0.46 0 0.8 0
0.597777005904828 0.566332218506132 0.524390243902439 0 2879 897 82 33.023 10.077 0.0110000000000028 0.0110000000000028 60000 60000 0.509960022196174 1 0.8 0
0.396417445482866 0.474916387959866 0.414634146341463 1 2568 897 82 32.281 11 0.0120000000000005 0.0110000000000028 60000 60000 0.46 0 0.8 0
0.398273273273273 0.500557413600892 0.560975609756098 0 2664 897 82 34.559 11.556 0.0149999999999935 0.0130000000000052 60000 60000 0.46 0 0.8 0
0.587402885682575 0.509476031215162 0.390243902439024 0 3604 897 82 41.162 9.851 0.0110000000000028 0.0110000000000028 60000 60000 0.459829277265817 1 0.8 0
0.594081698295272 0.551839464882943 0.524390243902439 1 3109 897 82 37.062 10.449 0.0129999999999981 0.0150000000000006 60000 60000 0.416206306219101 1 0.8 0
0.591911764705882 0.587513935340022 0.585365853658537 0 3264 897 82 39.01 10.505 0.0110000000000028 0.0110000000000028 60000 60000 0.646715481672436 1 0.8 0
0.588202088625459 0.615384615384615 0.634146341463415 1 3543 897 82 42.733 10.582 0.0110000000000028 0.0109999999999957 60000 60000 0.675204841326922 0 0.8 0
0.602040816326531 0.587513935340022 0.609756097560976 1 2646 897 82 31.353 10.564 0.0110000000000028 0.0120000000000005 60000 60000 0.585573212616146 1 0.8 0
0.565750196386489 0.48494983277592 0.402439024390244 0 6365 897 82 68.769 9.646 0.0109999999999957 0.0130000000000052 60000 60000 0.280030308663845 0 0.8 0
0.572240106040523 0.474916387959866 0.353658536585366 0 5281 897 82 62.533 10.368 0.0109999999999957 0.0130000000000052 60000 60000 0.212782740965486 1 0.8 0
0.578257003112494 0.525083612040134 0.51219512195122 1 4498 897 82 54.271 10.745 0.0120000000000005 0.0150000000000006 60000 60000 0.443681538011879 0 0.8 0
0.561437191442677 0.540691192865106 0.51219512195122 1 7292 897 82 84.837 9.577 0.0119999999999862 0.0109999999999957 60000 60000 0.484353203233332 1 0.8 0
0.564056674123788 0.424749163879599 0.317073170731707 0 6705 897 82 81.276 10.175 0.0130000000000052 0.0109999999999957 60000 60000 0.2 0 0.8 0
0.56390084607392 0.375696767001115 0.24390243902439 1 6737 897 82 82.889 10.093 0.01400000000001 0.00999999999999091 60000 60000 0.2 1 0.8 0
0.558059774620284 0.421404682274247 0.231707317073171 0 8164 897 82 91.145 9.06700000000001 0.00900000000000034 0.00999999999999091 60000 60000 0.206212119571865 0 0.8 0
0.559730500129567 0.391304347826087 0.304878048780488 0 7718 897 82 93.938 9.879 0.0100000000000051 0.00999999999999091 60000 60000 0.2 0 0.8 0
0.558091031775242 0.364548494983278 0.195121951219512 0 8151 897 82 98.125 9.94499999999999 0.0100000000000051 0.00900000000000034 60000 60000 0.2 1 0.8 0
0.559171221558409 0.37123745819398 0.268292682926829 1 7867 897 82 92.915 9.22500000000001 0.00999999999999091 0.0100000000000051 60000 60000 0.2 0 0.8 0
0.555054449455505 0.37123745819398 0.268292682926829 0 9091 897 82 109.509 9.42 0.00799999999999557 0.0100000000000051 60000 60000 0.2 1 0.8 0
0.55307605691473 0.440356744704571 0.25609756097561 0 9769 897 82 116.357 8.81100000000001 0.0109999999999957 0.00900000000000034 60000 60000 0.284652658645064 0 0.8 0
0.552191550410607 0.35340022296544 0.317073170731707 1 10107 897 82 118.476 8.85499999999999 0.0100000000000193 0.00999999999999091 60000 60000 0.2 1 0.8 0
0.545325567502987 0.366778149386845 0.219512195121951 0 13392 897 82 142.328 8.322 0.00799999999998136 0.00800000000000978 60000 60000 0.242687757965177 0 0.8 0
0.549191848208011 0.457079152731327 0.365853658536585 0 11384 897 82 131.446 8.19299999999998 0.00900000000001455 0.00899999999998613 60000 60000 0.319932749867439 0 0.8 0
