0.260162601626016 0.260162601626016 0.207317073170732 0.207317073170732 6 6 1 0.197 0.179 0.026 0.026 60000 732 0.2 0 0.8 0.4
0.861788617886179 0.861788617886179 0.890243902439024 0.890243902439024 3 3 1 0.121 0.095 0.0249999999999999 0.0290000000000001 60000 732 0.8 1 0.8 0.4
0.236585365853659 0.236585365853659 0.231707317073171 0.231707317073171 5 5 1 0.173 0.148 0.028 0.0249999999999999 60000 732 0.2 0 0.8 0.4
0.857723577235772 0.857723577235772 0.853658536585366 0.853658536585366 3 3 1 0.119 0.093 0.024 0.0289999999999999 60000 732 0.8 1 0.8 0.4
0.74390243902439 0.74390243902439 0.731707317073171 0.731707317073171 6 6 1 0.196 0.175 0.0249999999999999 0.024 60000 732 0.8 1 0.8 0.4
0.845528455284553 0.845528455284553 0.817073170731707 0.817073170731707 3 3 1 0.13 0.102 0.0269999999999999 0.0310000000000001 60000 732 0.8 1 0.8 0.4
0.170731707317073 0.170731707317073 0.25609756097561 0.25609756097561 4 4 1 0.145 0.122 0.0249999999999999 0.0250000000000001 60000 732 0.2 0 0.8 0.4
0.201219512195122 0.201219512195122 0.219512195121951 0.219512195121951 4 4 1 0.146 0.123 0.0250000000000001 0.024 60000 732 0.2 1 0.8 0.4
0.210365853658537 0.210365853658537 0.231707317073171 0.231707317073171 4 4 1 0.144 0.121 0.0250000000000001 0.024 60000 732 0.2 0 0.8 0.4
0.810975609756098 0.810975609756098 0.841463414634146 0.841463414634146 4 4 1 0.146 0.122 0.0250000000000001 0.024 60000 732 0.8 1 0.8 0.4
0.810975609756098 0.810975609756098 0.780487804878049 0.780487804878049 4 4 1 0.159 0.134 0.0269999999999999 0.0269999999999999 60000 732 0.8 1 0.8 0.4
0.195121951219512 0.195121951219512 0.134146341463415 0.134146341463415 4 4 1 0.158 0.134 0.028 0.028 60000 732 0.2 0 0.8 0.4
0.814024390243902 0.814024390243902 0.768292682926829 0.768292682926829 4 4 1 0.147 0.124 0.0249999999999999 0.0250000000000001 60000 732 0.8 1 0.8 0.4
0.201219512195122 0.201219512195122 0.268292682926829 0.268292682926829 4 4 1 0.151 0.126 0.026 0.026 60000 732 0.2 0 0.8 0.4
0.204878048780488 0.204878048780488 0.268292682926829 0.268292682926829 5 5 1 0.183 0.157 0.0309999999999999 0.0270000000000001 60000 732 0.2 0 0.8 0.4
0.817073170731707 0.817073170731707 0.829268292682927 0.829268292682927 4 4 1 0.157 0.132 0.0269999999999999 0.0270000000000001 60000 732 0.8 1 0.8 0.4
0.792682926829268 0.792682926829268 0.829268292682927 0.829268292682927 4 4 1 0.16 0.135 0.028 0.0269999999999999 60000 732 0.8 0 0.8 0.4
0.239024390243902 0.239024390243902 0.158536585365854 0.158536585365854 5 5 1 0.175 0.153 0.028 0.026 60000 732 0.2 1 0.8 0.4
0.770731707317073 0.770731707317073 0.841463414634146 0.841463414634146 5 5 1 0.169 0.145 0.028 0.0249999999999999 60000 732 0.8 0 0.8 0.4
0.204268292682927 0.204268292682927 0.170731707317073 0.170731707317073 4 4 1 0.155 0.13 0.0270000000000001 0.0269999999999999 60000 732 0.2 0 0.8 0.4
0.189024390243902 0.189024390243902 0.25609756097561 0.25609756097561 4 4 1 0.16 0.136 0.028 0.0269999999999999 60000 732 0.2 1 0.8 0.4
0.204268292682927 0.204268292682927 0.231707317073171 0.231707317073171 4 4 1 0.151 0.126 0.026 0.0249999999999999 60000 732 0.2 0 0.8 0.4
0.754065040650406 0.754065040650406 0.731707317073171 0.731707317073171 6 6 1 0.188 0.171 0.024 0.024 60000 732 0.8 1 0.8 0.4
0.161585365853659 0.161585365853659 0.182926829268293 0.182926829268293 4 4 1 0.159 0.135 0.028 0.0269999999999999 60000 732 0.2 0 0.8 0.4
0.814024390243902 0.814024390243902 0.853658536585366 0.853658536585366 4 4 1 0.162 0.137 0.028 0.0270000000000001 60000 732 0.8 0 0.8 0.4
0.845528455284553 0.845528455284553 0.841463414634146 0.841463414634146 3 3 1 0.133 0.104 0.0270000000000001 0.032 60000 732 0.8 1 0.8 0.4
0.845528455284553 0.845528455284553 0.865853658536585 0.865853658536585 3 3 1 0.137 0.108 0.028 0.0330000000000001 60000 732 0.8 1 0.8 0.4
0.845528455284553 0.845528455284553 0.841463414634146 0.841463414634146 3 3 1 0.131 0.103 0.0269999999999999 0.032 60000 732 0.8 1 0.8 0.4
0.820121951219512 0.820121951219512 0.890243902439024 0.890243902439024 4 4 1 0.163 0.137 0.0290000000000001 0.0279999999999998 60000 732 0.8 1 0.8 0.4
0.185975609756098 0.185975609756098 0.158536585365854 0.158536585365854 4 4 1 0.162 0.137 0.0289999999999999 0.028 60000 732 0.2 1 0.8 0.4
0.810975609756098 0.810975609756098 0.792682926829268 0.792682926829268 4 4 1 0.167 0.141 0.0289999999999999 0.0289999999999999 60000 732 0.8 1 0.8 0.4
0.801829268292683 0.801829268292683 0.780487804878049 0.780487804878049 4 4 1 0.15 0.125 0.026 0.026 60000 732 0.8 1 0.8 0.4
0.233739837398374 0.233739837398374 0.24390243902439 0.24390243902439 6 6 1 0.211 0.193 0.0270000000000001 0.0270000000000001 60000 732 0.2 0 0.8 0.4
0.164634146341463 0.164634146341463 0.158536585365854 0.158536585365854 4 4 1 0.158 0.135 0.028 0.0269999999999999 60000 732 0.2 0 0.8 0.4
0.798780487804878 0.798780487804878 0.768292682926829 0.768292682926829 4 4 1 0.159 0.135 0.028 0.0269999999999999 60000 732 0.8 1 0.8 0.4
0.817073170731707 0.817073170731707 0.878048780487805 0.878048780487805 4 4 1 0.157 0.133 0.028 0.0269999999999999 60000 732 0.8 1 0.8 0.4
0.773170731707317 0.773170731707317 0.731707317073171 0.731707317073171 5 5 1 0.183 0.159 0.03 0.0270000000000001 60000 732 0.8 1 0.8 0.4
0.795731707317073 0.795731707317073 0.780487804878049 0.780487804878049 4 4 1 0.159 0.134 0.028 0.0269999999999999 60000 732 0.8 1 0.8 0.4
0.817073170731707 0.817073170731707 0.902439024390244 0.902439024390244 4 4 1 0.153 0.13 0.0270000000000001 0.026 60000 732 0.8 1 0.8 0.4
0.254065040650407 0.254065040650407 0.207317073170732 0.207317073170732 6 6 1 0.206 0.187 0.026 0.026 60000 732 0.2 0 0.8 0.4
0.801829268292683 0.801829268292683 0.768292682926829 0.768292682926829 4 4 1 0.157 0.132 0.028 0.0270000000000001 60000 732 0.8 1 0.8 0.4
0.814024390243902 0.814024390243902 0.780487804878049 0.780487804878049 4 4 1 0.159 0.133 0.028 0.0269999999999999 60000 732 0.8 1 0.8 0.4
0.189024390243902 0.189024390243902 0.195121951219512 0.195121951219512 4 4 1 0.158 0.134 0.028 0.0269999999999999 60000 732 0.2 0 0.8 0.4
0.782926829268293 0.782926829268293 0.731707317073171 0.731707317073171 5 5 1 0.183 0.159 0.0309999999999999 0.028 60000 732 0.8 1 0.8 0.4
0.204268292682927 0.204268292682927 0.170731707317073 0.170731707317073 4 4 1 0.163 0.137 0.028 0.0270000000000001 60000 732 0.2 0 0.8 0.4
0.810975609756098 0.810975609756098 0.780487804878049 0.780487804878049 4 4 1 0.157 0.13 0.026 0.0269999999999999 60000 732 0.8 1 0.8 0.4
0.795731707317073 0.795731707317073 0.804878048780488 0.804878048780488 4 4 1 0.159 0.136 0.028 0.0269999999999999 60000 732 0.8 1 0.8 0.4
0.207317073170732 0.207317073170732 0.182926829268293 0.182926829268293 4 4 1 0.156 0.131 0.026 0.026 60000 732 0.2 0 0.8 0.4
0.173780487804878 0.173780487804878 0.158536585365854 0.158536585365854 4 4 1 0.163 0.139 0.0289999999999999 0.028 60000 732 0.2 0 0.8 0.4
0.810975609756098 0.810975609756098 0.780487804878049 0.780487804878049 4 4 1 0.161 0.136 0.028 0.0270000000000001 60000 732 0.8 1 0.8 0.4
0.826219512195122 0.826219512195122 0.74390243902439 0.74390243902439 4 4 1 0.157 0.133 0.0269999999999999 0.0270000000000001 60000 732 0.8 1 0.8 0.4
0.176829268292683 0.176829268292683 0.219512195121951 0.219512195121951 4 4 1 0.167 0.145 0.03 0.028 60000 732 0.2 0 0.8 0.4
0.795731707317073 0.795731707317073 0.817073170731707 0.817073170731707 4 4 1 0.161 0.136 0.028 0.028 60000 732 0.8 1 0.8 0.4
0.198170731707317 0.198170731707317 0.219512195121951 0.219512195121951 4 4 1 0.16 0.135 0.028 0.0270000000000001 60000 732 0.2 0 0.8 0.4
0.201219512195122 0.201219512195122 0.195121951219512 0.195121951219512 4 4 1 0.163 0.137 0.0289999999999999 0.028 60000 732 0.2 0 0.8 0.4
0.182926829268293 0.182926829268293 0.170731707317073 0.170731707317073 4 4 1 0.162 0.138 0.0289999999999999 0.0289999999999999 60000 732 0.2 1 0.8 0.4
0.810975609756098 0.810975609756098 0.731707317073171 0.731707317073171 4 4 1 0.157 0.132 0.0270000000000001 0.0269999999999999 60000 732 0.8 0 0.8 0.4
0.210365853658537 0.210365853658537 0.24390243902439 0.24390243902439 4 4 1 0.165 0.14 0.0290000000000001 0.028 60000 732 0.2 1 0.8 0.4
0.823170731707317 0.823170731707317 0.804878048780488 0.804878048780488 4 4 1 0.162 0.135 0.0270000000000001 0.0269999999999999 60000 732 0.8 1 0.8 0.4
0.795731707317073 0.795731707317073 0.829268292682927 0.829268292682927 4 4 1 0.157 0.135 0.028 0.0270000000000001 60000 732 0.8 1 0.8 0.4
0.210365853658537 0.210365853658537 0.24390243902439 0.24390243902439 4 4 1 0.161 0.136 0.028 0.028 60000 732 0.2 0 0.8 0.4
0.192073170731707 0.192073170731707 0.207317073170732 0.207317073170732 4 4 1 0.163 0.137 0.0290000000000001 0.0279999999999998 60000 732 0.2 0 0.8 0.4
0.236585365853659 0.236585365853659 0.182926829268293 0.182926829268293 5 5 1 0.188 0.162 0.0309999999999999 0.0269999999999999 60000 732 0.2 0 0.8 0.4
0.792682926829268 0.792682926829268 0.829268292682927 0.829268292682927 4 4 1 0.161 0.136 0.028 0.0269999999999999 60000 732 0.8 0 0.8 0.4
0.198170731707317 0.198170731707317 0.207317073170732 0.207317073170732 4 4 1 0.164 0.139 0.0279999999999998 0.0269999999999999 60000 732 0.2 0 0.8 0.4
0.21219512195122 0.21219512195122 0.170731707317073 0.170731707317073 5 5 1 0.186 0.162 0.0309999999999999 0.028 60000 732 0.2 0 0.8 0.4
0.766260162601626 0.766260162601626 0.75609756097561 0.75609756097561 6 6 1 0.194 0.172 0.024 0.024 60000 732 0.8 1 0.8 0.4
0.804878048780488 0.804878048780488 0.768292682926829 0.768292682926829 4 4 1 0.166 0.139 0.028 0.0270000000000001 60000 732 0.8 1 0.8 0.4
0.807317073170732 0.807317073170732 0.792682926829268 0.792682926829268 5 5 1 0.185 0.16 0.0299999999999998 0.0270000000000001 60000 732 0.8 1 0.8 0.4
0.775609756097561 0.775609756097561 0.780487804878049 0.780487804878049 5 5 1 0.184 0.16 0.0309999999999999 0.0269999999999999 60000 732 0.8 1 0.8 0.4
0.770731707317073 0.770731707317073 0.780487804878049 0.780487804878049 5 5 1 0.182 0.157 0.0309999999999999 0.0270000000000001 60000 732 0.8 0 0.8 0.4
0.760975609756098 0.760975609756098 0.75609756097561 0.75609756097561 5 5 1 0.181 0.157 0.0310000000000001 0.0269999999999999 60000 732 0.8 1 0.8 0.4
0.801829268292683 0.801829268292683 0.792682926829268 0.792682926829268 4 4 1 0.157 0.131 0.0270000000000001 0.0269999999999999 60000 732 0.8 1 0.8 0.4
0.247967479674797 0.247967479674797 0.268292682926829 0.268292682926829 6 6 1 0.207 0.189 0.0270000000000001 0.0269999999999999 60000 732 0.2 0 0.8 0.4
0.790243902439024 0.790243902439024 0.75609756097561 0.75609756097561 5 5 1 0.183 0.159 0.03 0.0269999999999999 60000 732 0.8 0 0.8 0.4
0.239024390243902 0.239024390243902 0.170731707317073 0.170731707317073 5 5 1 0.19 0.168 0.0330000000000001 0.0289999999999999 60000 732 0.2 0 0.8 0.4
0.752032520325203 0.752032520325203 0.768292682926829 0.768292682926829 6 6 1 0.204 0.185 0.026 0.0250000000000001 60000 732 0.8 1 0.8 0.4
0.219512195121951 0.219512195121951 0.170731707317073 0.170731707317073 5 5 1 0.187 0.165 0.032 0.028 60000 732 0.2 0 0.8 0.4
0.26219512195122 0.26219512195122 0.280487804878049 0.280487804878049 6 6 1 0.196 0.18 0.0230000000000001 0.0230000000000001 60000 732 0.231751280622557 0 0.8 0.4
0.229268292682927 0.229268292682927 0.219512195121951 0.219512195121951 5 5 1 0.194 0.167 0.0329999999999999 0.0290000000000001 60000 732 0.2 0 0.8 0.4
0.797560975609756 0.797560975609756 0.75609756097561 0.75609756097561 5 5 1 0.187 0.161 0.0310000000000001 0.028 60000 732 0.8 1 0.8 0.4
0.770325203252033 0.770325203252033 0.731707317073171 0.731707317073171 6 6 1 0.215 0.195 0.028 0.0279999999999998 60000 732 0.8 0 0.8 0.4
0.217073170731707 0.217073170731707 0.292682926829268 0.292682926829268 5 5 1 0.19 0.164 0.032 0.028 60000 732 0.2 0 0.8 0.4
0.210365853658537 0.210365853658537 0.146341463414634 0.146341463414634 4 4 1 0.162 0.138 0.0290000000000001 0.028 60000 732 0.2 0 0.8 0.4
0.278745644599303 0.278745644599303 0.304878048780488 0.304878048780488 7 7 1 0.225 0.198 0.03 0.0250000000000001 60000 732 0.2 0 0.8 0.4
0.26219512195122 0.26219512195122 0.25609756097561 0.25609756097561 6 6 1 0.214 0.194 0.0269999999999999 0.028 60000 732 0.2 0 0.8 0.4
0.234146341463415 0.234146341463415 0.170731707317073 0.170731707317073 5 5 1 0.19 0.165 0.032 0.028 60000 732 0.2 0 0.8 0.4
0.214634146341463 0.214634146341463 0.24390243902439 0.24390243902439 5 5 1 0.192 0.166 0.0319999999999998 0.028 60000 732 0.2 0 0.8 0.4
0.252032520325203 0.252032520325203 0.219512195121951 0.219512195121951 6 6 1 0.208 0.189 0.026 0.0270000000000001 60000 732 0.2 0 0.8 0.4
0.25609756097561 0.25609756097561 0.219512195121951 0.219512195121951 6 6 1 0.213 0.194 0.028 0.0270000000000001 60000 732 0.235124502116814 0 0.8 0.4
0.21219512195122 0.21219512195122 0.207317073170732 0.207317073170732 5 5 1 0.192 0.167 0.032 0.028 60000 732 0.2 0 0.8 0.4
0.245934959349594 0.245934959349594 0.280487804878049 0.280487804878049 6 6 1 0.22 0.202 0.0289999999999999 0.028 60000 732 0.2 0 0.8 0.4
0.234146341463415 0.234146341463415 0.280487804878049 0.280487804878049 5 5 1 0.194 0.169 0.0330000000000001 0.0289999999999999 60000 732 0.2 0 0.8 0.4
0.245934959349594 0.245934959349594 0.182926829268293 0.182926829268293 6 6 1 0.218 0.201 0.028 0.0269999999999999 60000 732 0.2 0 0.8 0.4
0.26219512195122 0.26219512195122 0.24390243902439 0.24390243902439 6 6 1 0.212 0.195 0.028 0.0270000000000001 60000 732 0.2 0 0.8 0.4
0.252032520325203 0.252032520325203 0.268292682926829 0.268292682926829 6 6 1 0.215 0.195 0.028 0.028 60000 732 0.2 1 0.8 0.4
0.739837398373984 0.739837398373984 0.780487804878049 0.780487804878049 6 6 1 0.207 0.187 0.0269999999999999 0.026 60000 732 0.8 1 0.8 0.4
0.739837398373984 0.739837398373984 0.695121951219512 0.695121951219512 6 6 1 0.207 0.188 0.026 0.0270000000000001 60000 732 0.8 1 0.8 0.4
0.260162601626016 0.260162601626016 0.353658536585366 0.353658536585366 6 6 1 0.216 0.197 0.028 0.028 60000 732 0.2 0 0.8 0.4
0.735191637630662 0.735191637630662 0.731707317073171 0.731707317073171 7 7 1 0.241 0.211 0.0309999999999999 0.0269999999999999 60000 732 0.8 1 0.8 0.4
0.247967479674797 0.247967479674797 0.268292682926829 0.268292682926829 6 6 1 0.212 0.191 0.0269999999999999 0.026 60000 732 0.2 0 0.8 0.4
0.735191637630662 0.735191637630662 0.74390243902439 0.74390243902439 7 7 1 0.239 0.214 0.032 0.0269999999999999 60000 732 0.8 1 0.8 0.4
0.275261324041812 0.275261324041812 0.268292682926829 0.268292682926829 7 7 1 0.247 0.219 0.032 0.028 60000 732 0.209707104479894 0 0.8 0.4
0.329268292682927 0.334811529933481 0.378048780487805 0.378048780487805 12 11 1 0.351 0.305 0.0289999999999999 0.0249999999999999 60000 732 0.46 0 0.8 0.4
0.273519163763066 0.273519163763066 0.268292682926829 0.268292682926829 7 7 1 0.244 0.217 0.0319999999999998 0.0270000000000001 60000 732 0.2 0 0.8 0.4
0.556799104644656 0.329268292682927 0.219512195121951 0.219512195121951 109 11 1 3.193 0.326000000000001 0.0309999999999997 0.0279999999999996 60000 732 0.2 0 0.8 0.4
0.707317073170732 0.707317073170732 0.719512195121951 0.719512195121951 8 8 1 0.26 0.236 0.026 0.03 60000 732 0.8 1 0.8 0.4
0.315853658536585 0.315853658536585 0.341463414634146 0.341463414634146 10 10 1 0.303 0.274 0.028 0.0249999999999999 60000 732 0.343561163889244 0 0.8 0.4
0.271777003484321 0.271777003484321 0.353658536585366 0.353658536585366 7 7 1 0.247 0.216 0.032 0.0270000000000001 60000 732 0.234364473046735 1 0.8 0.4
0.322616407982262 0.322616407982262 0.207317073170732 0.207317073170732 11 11 1 0.352 0.328 0.0259999999999998 0.0309999999999997 60000 732 0.2 0 0.8 0.4
0.343089430894309 0.37139689578714 0.341463414634146 0.341463414634146 15 11 1 0.417 0.296 0.028 0.0239999999999996 60000 732 0.439558303654194 1 0.8 0.4
0.287262872628726 0.287262872628726 0.268292682926829 0.268292682926829 9 9 1 0.302 0.279 0.028 0.0269999999999999 60000 732 0.247308434005827 0 0.8 0.4
0.798780487804878 0.798780487804878 0.75609756097561 0.75609756097561 4 4 1 0.149 0.128 0.0269999999999999 0.0250000000000001 60000 732 0.8 0 0.8 0.4
0.795731707317073 0.795731707317073 0.841463414634146 0.841463414634146 4 4 1 0.153 0.13 0.026 0.026 60000 732 0.8 1 0.8 0.4
0.760975609756098 0.760975609756098 0.804878048780488 0.804878048780488 5 5 1 0.174 0.147 0.0289999999999999 0.0249999999999999 60000 732 0.8 0 0.8 0.4
0.671747967479675 0.669623059866962 0.731707317073171 0.731707317073171 12 11 1 0.335 0.289 0.0279999999999998 0.0230000000000001 60000 732 0.782959185447544 0 0.8 0.4
0.695121951219512 0.695121951219512 0.707317073170732 0.707317073170732 9 9 1 0.307 0.277 0.0269999999999997 0.0270000000000001 60000 732 0.8 1 0.8 0.4
0.323170731707317 0.328159645232816 0.329268292682927 0.329268292682927 12 11 1 0.343 0.295 0.028 0.024 60000 732 0.46 0 0.8 0.4
0.685365853658537 0.685365853658537 0.707317073170732 0.707317073170732 10 10 1 0.329 0.301 0.032 0.0269999999999999 60000 732 0.755087485443801 0 0.8 0.4
0.304878048780488 0.304878048780488 0.329268292682927 0.329268292682927 10 10 1 0.336 0.307 0.032 0.028 60000 732 0.251952112950385 0 0.8 0.4
0.676274944567627 0.676274944567627 0.731707317073171 0.731707317073171 11 11 1 0.342 0.315 0.026 0.0310000000000001 60000 732 0.687001647800207 0 0.8 0.4
0.313747228381375 0.313747228381375 0.317073170731707 0.317073170731707 11 11 1 0.357 0.329 0.0270000000000001 0.0310000000000001 60000 732 0.45323706774041 0 0.8 0.4
0.334896810506567 0.339246119733925 0.426829268292683 0.426829268292683 13 11 1 0.374 0.299 0.0249999999999999 0.024 60000 732 0.46 1 0.8 0.4
0.309756097560976 0.309756097560976 0.317073170731707 0.317073170731707 10 10 1 0.339 0.299 0.0310000000000001 0.0270000000000001 60000 732 0.387290947716683 0 0.8 0.4
0.33130081300813 0.330376940133038 0.353658536585366 0.353658536585366 12 11 1 0.371 0.328 0.032 0.028 60000 732 0.327964469622821 0 0.8 0.4
0.30609756097561 0.30609756097561 0.414634146341463 0.414634146341463 10 10 1 0.333 0.297 0.0319999999999998 0.0270000000000001 60000 732 0.46 1 0.8 0.4
0.338850174216028 0.344789356984479 0.341463414634146 0.341463414634146 14 11 1 0.431 0.321 0.0259999999999998 0.036 60000 732 0.46 0 0.8 0.4
0.337711069418386 0.330376940133038 0.329268292682927 0.329268292682927 13 11 1 0.401 0.32 0.0259999999999998 0.0249999999999999 60000 732 0.46 0 0.8 0.4
0.319290465631929 0.319290465631929 0.317073170731707 0.317073170731707 11 11 1 0.352 0.327 0.026 0.0310000000000001 60000 732 0.46 0 0.8 0.4
0.318181818181818 0.318181818181818 0.402439024390244 0.402439024390244 11 11 1 0.345 0.323 0.0269999999999999 0.0310000000000001 60000 732 0.46 0 0.8 0.4
0.335834896810507 0.344789356984479 0.378048780487805 0.378048780487805 13 11 1 0.397 0.321 0.0259999999999998 0.0260000000000002 60000 732 0.46 0 0.8 0.4
0.323170731707317 0.328159645232816 0.402439024390244 0.402439024390244 12 11 1 0.374 0.325 0.0310000000000001 0.0269999999999997 60000 732 0.419141960861161 0 0.8 0.4
0.321138211382114 0.330376940133038 0.402439024390244 0.402439024390244 12 11 1 0.372 0.323 0.0309999999999999 0.0260000000000002 60000 732 0.46 0 0.8 0.4
0.347967479674797 0.355875831485588 0.439024390243902 0.439024390243902 15 11 1 0.433 0.306 0.0300000000000002 0.0249999999999999 60000 732 0.46 0 0.8 0.4
0.324577861163227 0.338137472283814 0.414634146341463 0.414634146341463 13 11 1 0.411 0.328 0.0270000000000001 0.0270000000000001 60000 732 0.46 1 0.8 0.4
0.332317073170732 0.33370288248337 0.365853658536585 0.365853658536585 12 11 1 0.374 0.324 0.0309999999999997 0.0270000000000001 60000 732 0.46 0 0.8 0.4
0.332082551594747 0.332594235033259 0.402439024390244 0.402439024390244 13 11 1 0.421 0.339 0.0310000000000001 0.0310000000000001 60000 732 0.438509792853147 0 0.8 0.4
0.336772983114447 0.332594235033259 0.402439024390244 0.402439024390244 13 11 1 0.403 0.328 0.0270000000000001 0.0269999999999997 60000 732 0.46 1 0.8 0.4
0.355182926829268 0.385809312638581 0.426829268292683 0.426829268292683 16 11 1 0.464 0.309 0.0250000000000004 0.0299999999999998 60000 732 0.46 1 0.8 0.4
0.336772983114447 0.341463414634146 0.48780487804878 0.48780487804878 13 11 1 0.407 0.324 0.0260000000000002 0.0249999999999999 60000 732 0.457655449369922 1 0.8 0.4
0.667917448405253 0.665188470066519 0.74390243902439 0.74390243902439 13 11 1 0.4 0.319 0.0259999999999998 0.0260000000000002 60000 732 0.8 1 0.8 0.4
0.352896341463415 0.373614190687361 0.365853658536585 0.365853658536585 16 11 1 0.465 0.311 0.0259999999999998 0.0300000000000002 60000 732 0.46 0 0.8 0.4
0.363143631436314 0.37139689578714 0.365853658536585 0.365853658536585 18 11 1 0.522 0.329 0.0379999999999998 0.028 60000 732 0.46 1 0.8 0.4
0.340592334494773 0.352549889135255 0.524390243902439 0.524390243902439 14 11 1 0.445 0.336 0.0310000000000001 0.0409999999999999 60000 732 0.46 0 0.8 0.4
0.343205574912892 0.360310421286031 0.317073170731707 0.317073170731707 14 11 1 0.436 0.323 0.0259999999999998 0.0420000000000003 60000 732 0.46 0 0.8 0.4
0.342334494773519 0.339246119733925 0.451219512195122 0.451219512195122 14 11 1 0.441 0.329 0.0270000000000001 0.0369999999999999 60000 732 0.370171074075624 1 0.8 0.4
0.336772983114447 0.339246119733925 0.378048780487805 0.378048780487805 13 11 1 0.414 0.332 0.0270000000000001 0.0270000000000001 60000 732 0.46 1 0.8 0.4
0.339721254355401 0.342572062084257 0.317073170731707 0.317073170731707 14 11 1 0.427 0.316 0.0259999999999998 0.0300000000000002 60000 732 0.46 0 0.8 0.4
0.351371951219512 0.369179600886918 0.426829268292683 0.426829268292683 16 11 1 0.481 0.319 0.0289999999999999 0.0300000000000002 60000 732 0.46 0 0.8 0.4
0.347560975609756 0.352549889135255 0.451219512195122 0.451219512195122 16 11 1 0.475 0.315 0.0259999999999998 0.0290000000000004 60000 732 0.46 0 0.8 0.4
0.355093256814921 0.389135254988914 0.475609756097561 0.475609756097561 17 11 1 0.499 0.315 0.032 0.0379999999999998 60000 732 0.46 0 0.8 0.4
0.36392811296534 0.389135254988914 0.463414634146341 0.463414634146341 19 11 1 0.57 0.338 0.0260000000000002 0.0259999999999998 60000 732 0.46 0 0.8 0.4
0.352941176470588 0.363636363636364 0.451219512195122 0.451219512195122 17 11 1 0.517 0.332 0.0299999999999998 0.036 60000 732 0.46 0 0.8 0.4
0.367682926829268 0.39689578713969 0.402439024390244 0.402439024390244 20 11 1 0.56 0.316 0.0270000000000001 0.0299999999999998 60000 732 0.46 0 0.8 0.4
0.637533875338753 0.636363636363636 0.597560975609756 0.597560975609756 18 11 1 0.54 0.314 0.0299999999999998 0.0260000000000002 60000 732 0.735945154819638 1 0.8 0.4
0.355182926829268 0.369179600886918 0.5 0.5 16 11 1 0.488 0.329 0.032 0.0299999999999998 60000 732 0.46 0 0.8 0.4
0.364024390243902 0.415742793791574 0.585365853658537 0.585365853658537 20 11 1 0.581 0.337 0.0289999999999999 0.0300000000000002 60000 732 0.46 0 0.8 0.4
0.361360718870347 0.382483370288248 0.426829268292683 0.426829268292683 19 11 1 0.554 0.332 0.0269999999999997 0.0250000000000004 60000 732 0.46 0 0.8 0.4
0.360718870346598 0.380266075388027 0.365853658536585 0.365853658536585 19 11 1 0.552 0.332 0.028 0.0259999999999998 60000 732 0.46 1 0.8 0.4
0.357962697274032 0.394678492239468 0.402439024390244 0.402439024390244 17 11 1 0.508 0.367 0.0259999999999998 0.0310000000000001 60000 732 0.46 0 0.8 0.4
0.358680057388809 0.366962305986696 0.426829268292683 0.426829268292683 17 11 1 0.519 0.317 0.0259999999999998 0.0300000000000002 60000 732 0.46 1 0.8 0.4
0.38390243902439 0.409090909090909 0.426829268292683 0.426829268292683 25 11 1 0.721 0.337 0.0270000000000001 0.0249999999999999 60000 732 0.46 0 0.8 0.4
0.387630662020906 0.41019955654102 0.475609756097561 0.475609756097561 28 11 1 0.739 0.314 0.024 0.024 60000 732 0.46 0 0.8 0.4
0.363143631436314 0.405764966740576 0.414634146341463 0.414634146341463 18 11 1 0.538 0.333 0.0380000000000003 0.0289999999999999 60000 732 0.46 0 0.8 0.4
0.369918699186992 0.3980044345898 0.51219512195122 0.51219512195122 21 11 1 0.614 0.341 0.0299999999999998 0.0270000000000001 60000 732 0.46 1 0.8 0.4
0.372822299651568 0.390243902439024 0.48780487804878 0.48780487804878 21 11 1 0.631 0.344 0.0310000000000001 0.0270000000000001 60000 732 0.46 0 0.8 0.4
0.616791744840525 0.60310421286031 0.634146341463415 0.634146341463415 26 11 1 0.715 0.318 0.024 0.028 60000 732 0.639806848857552 1 0.8 0.4
0.373059866962306 0.406873614190687 0.524390243902439 0.524390243902439 22 11 1 0.645 0.34 0.0270000000000001 0.0259999999999998 60000 732 0.46 0 0.8 0.4
0.378556910569106 0.425720620842572 0.475609756097561 0.475609756097561 24 11 1 0.69 0.336 0.0299999999999998 0.0260000000000002 60000 732 0.46 1 0.8 0.4
0.372241579558653 0.403547671840355 0.48780487804878 0.48780487804878 21 11 1 0.642 0.347 0.0310000000000001 0.0270000000000001 60000 732 0.46 1 0.8 0.4
0.378048780487805 0.4490022172949 0.573170731707317 0.573170731707317 25 11 1 0.726 0.341 0.0270000000000001 0.0259999999999998 60000 732 0.46 1 0.8 0.4
0.383414634146341 0.429046563192905 0.48780487804878 0.48780487804878 25 11 1 0.707 0.329 0.0259999999999998 0.0250000000000004 60000 732 0.46 0 0.8 0.4
0.378048780487805 0.424611973392461 0.475609756097561 0.475609756097561 24 11 1 0.718 0.35 0.032 0.0270000000000001 60000 732 0.46 0 0.8 0.4
0.618048780487805 0.611973392461197 0.560975609756098 0.560975609756098 25 11 1 0.682 0.317 0.0250000000000004 0.0249999999999999 60000 732 0.652469176240265 0 0.8 0.4
0.387985546522132 0.427937915742794 0.5 0.5 27 11 1 0.781 0.338 0.0300000000000002 0.0259999999999998 60000 732 0.46 0 0.8 0.4
0.380975609756098 0.419068736141907 0.402439024390244 0.402439024390244 25 11 1 0.75 0.345 0.0259999999999998 0.0259999999999998 60000 732 0.46 0 0.8 0.4
0.600135547272111 0.558758314855876 0.475609756097561 0.475609756097561 36 11 1 0.952 0.324 0.024 0.0249999999999999 60000 732 0.478182200249285 0 0.8 0.4
0.596746865469332 0.558758314855876 0.560975609756098 0.560975609756098 36 11 1 0.97 0.333 0.024 0.0249999999999999 60000 732 0.509960022196174 1 0.8 0.4
0.397255051467785 0.460088691796009 0.48780487804878 0.48780487804878 32 11 1 0.907 0.307 0.0259999999999998 0.0250000000000004 60000 732 0.46 0 0.8 0.4
0.396111322912695 0.483370288248337 0.560975609756098 0.560975609756098 32 11 1 0.952 0.323 0.0260000000000002 0.0259999999999998 60000 732 0.46 0 0.8 0.4
0.596768875700626 0.56430155210643 0.536585365853659 0.536585365853659 37 11 1 1.031 0.346 0.028 0.0289999999999999 60000 732 0.416206306219101 1 0.8 0.4
0.583114087538866 0.536585365853659 0.390243902439024 0.390243902439024 51 11 1 1.425 0.3 0.0250000000000004 0.0249999999999999 60000 732 0.459829277265817 1 0.8 0.4
0.588368794326241 0.60310421286031 0.597560975609756 0.597560975609756 43 11 1 1.196 0.35 0.0249999999999999 0.0259999999999998 60000 732 0.646715481672436 1 0.8 0.4
0.604486422668241 0.58980044345898 0.634146341463415 0.634146341463415 31 11 1 0.901 0.317 0.0310000000000001 0.0259999999999998 60000 732 0.585573212616146 1 0.8 0.4
0.586316626889419 0.609756097560976 0.597560975609756 0.597560975609756 46 11 1 1.314 0.353 0.0299999999999998 0.0260000000000002 60000 732 0.675204841326922 0 0.8 0.4
0.56677367576244 0.502217294900222 0.365853658536585 0.365853658536585 76 11 1 1.839 0.282 0.0219999999999998 0.0260000000000002 60000 732 0.280030308663845 0 0.8 0.4
0.572828096118299 0.473392461197339 0.341463414634146 0.341463414634146 66 11 1 1.593 0.269 0.0219999999999998 0.0219999999999998 60000 732 0.212782740965486 1 0.8 0.4
0.580483554781093 0.521064301552106 0.536585365853659 0.536585365853659 56 11 1 1.351 0.26 0.0210000000000004 0.0219999999999998 60000 732 0.443681538011879 0 0.8 0.4
0.562553191489362 0.535476718403548 0.48780487804878 0.48780487804878 86 11 1 1.66 0.216 0.0179999999999998 0.0180000000000002 60000 732 0.484353203233332 1 0.8 0.4
0.563262411347518 0.421286031042129 0.353658536585366 0.353658536585366 86 11 1 1.931 0.269 0.0209999999999999 0.0210000000000004 60000 732 0.2 0 0.8 0.4
0.565060240963855 0.374722838137472 0.317073170731707 0.317073170731707 81 11 1 1.898 0.286 0.024 0.0209999999999999 60000 732 0.2 1 0.8 0.4
0.559537425339942 0.432372505543237 0.317073170731707 0.317073170731707 96 11 1 2.221 0.256 0.0219999999999998 0.024 60000 732 0.206212119571865 0 0.8 0.4
0.56080467229072 0.390243902439024 0.25609756097561 0.25609756097561 94 11 1 2.01 0.257 0.02 0.02 60000 732 0.2 0 0.8 0.4
0.558862998658046 0.374722838137472 0.24390243902439 0.24390243902439 100 11 1 2.021 0.244 0.02 0.0220000000000002 60000 732 0.2 1 0.8 0.4
0.559300716890957 0.381374722838137 0.341463414634146 0.341463414634146 97 11 1 2.236 0.258 0.0249999999999999 0.0209999999999999 60000 732 0.2 0 0.8 0.4
0.555838970832871 0.386917960088692 0.292682926829268 0.292682926829268 110 11 1 2.476 0.245 0.0209999999999999 0.02 60000 732 0.2 1 0.8 0.4
0.5532 0.434589800443459 0.365853658536585 0.365853658536585 122 11 1 2.773 0.26 0.0209999999999999 0.0209999999999999 60000 732 0.284652658645064 0 0.8 0.4
0.551800929512006 0.361419068736142 0.280487804878049 0.280487804878049 126 11 1 2.736 0.243 0.0200000000000005 0.0199999999999996 60000 732 0.2 1 0.8 0.4
0.550565770862801 0.462305986696231 0.463414634146341 0.463414634146341 138 11 1 3.022 0.243 0.0209999999999999 0.0199999999999996 60000 732 0.319932749867439 0 0.8 0.4
0.545824233752542 0.379157427937916 0.207317073170732 0.207317073170732 162 11 1 3.531 0.247 0.0220000000000002 0.0209999999999999 60000 732 0.242687757965177 0 0.8 0.4
