0.196666666666667 0.196666666666667 0.211111111111111 0.3 30 30 9 0.48 0.448 0.014 0.014 60000 6000 0.2 0 0.8 0.2
0.9 0.9 0.911111111111111 0.5 18 18 9 0.308 0.263 0.014 0.0130000000000001 60000 6000 0.8 1 0.8 0.2
0.233333333333333 0.233333333333333 0.211111111111111 0.1 39 39 9 0.598 0.564 0.0150000000000001 0.0179999999999998 60000 6000 0.2 0 0.8 0.2
0.752272727272727 0.752272727272727 0.722222222222222 0.8 44 44 9 0.654 0.627 0.0149999999999997 0.0150000000000001 60000 6000 0.8 1 0.8 0.2
0.836 0.836 0.877777777777778 0.8 25 25 9 0.391 0.353 0.0129999999999999 0.0129999999999999 60000 6000 0.8 1 0.8 0.2
0.826923076923077 0.826923076923077 0.855555555555556 0.7 26 26 9 0.471 0.424 0.016 0.0149999999999999 60000 6000 0.8 1 0.8 0.2
0.177777777777778 0.177777777777778 0.2 0.2 27 27 9 0.437 0.399 0.014 0.014 60000 6000 0.2 0 0.8 0.2
0.196666666666667 0.196666666666667 0.166666666666667 0.4 30 30 9 0.485 0.451 0.014 0.014 60000 6000 0.2 1 0.8 0.2
0.182142857142857 0.182142857142857 0.222222222222222 0.1 28 28 9 0.46 0.414 0.018 0.0130000000000001 60000 6000 0.2 0 0.8 0.2
0.803333333333333 0.803333333333333 0.766666666666667 0.9 30 30 9 0.47 0.436 0.0129999999999999 0.0129999999999999 60000 6000 0.8 1 0.8 0.2
0.817857142857143 0.817857142857143 0.8 0.8 28 28 9 0.504 0.455 0.02 0.0149999999999999 60000 6000 0.8 1 0.8 0.2
0.185714285714286 0.185714285714286 0.2 0.3 28 28 9 0.524 0.476 0.0210000000000001 0.0169999999999999 60000 6000 0.2 0 0.8 0.2
0.830769230769231 0.830769230769231 0.833333333333333 1 26 26 9 0.412 0.37 0.0130000000000001 0.0129999999999999 60000 6000 0.8 1 0.8 0.2
0.186206896551724 0.186206896551724 0.188888888888889 0.3 29 29 9 0.543 0.495 0.0169999999999999 0.0169999999999999 60000 6000 0.2 0 0.8 0.2
0.2 0.2 0.244444444444444 0.3 31 31 9 0.49 0.45 0.014 0.014 60000 6000 0.2 0 0.8 0.2
0.814285714285714 0.814285714285714 0.822222222222222 0.8 28 28 9 0.508 0.454 0.02 0.016 60000 6000 0.8 1 0.8 0.2
0.803333333333333 0.803333333333333 0.777777777777778 0.6 30 30 9 0.523 0.478 0.0150000000000001 0.0149999999999999 60000 6000 0.8 0 0.8 0.2
0.20625 0.20625 0.2 0.1 32 32 9 0.509 0.468 0.0189999999999999 0.014 60000 6000 0.2 1 0.8 0.2
0.217142857142857 0.217142857142857 0.2 0.2 35 35 9 0.641 0.582 0.0179999999999998 0.0270000000000001 60000 6000 0.2 0 0.8 0.2
0.772972972972973 0.772972972972973 0.788888888888889 0.9 37 37 9 0.552 0.518 0.0129999999999999 0.0130000000000001 60000 6000 0.8 0 0.8 0.2
0.2 0.2 0.211111111111111 0.3 31 31 9 0.567 0.523 0.016 0.0159999999999998 60000 6000 0.2 1 0.8 0.2
0.226315789473684 0.226315789473684 0.166666666666667 0.3 38 38 9 0.591 0.551 0.0140000000000002 0.0129999999999999 60000 6000 0.2 0 0.8 0.2
0.771794871794872 0.771794871794872 0.733333333333333 0.6 39 39 9 0.566 0.532 0.0129999999999999 0.0170000000000001 60000 6000 0.8 1 0.8 0.2
0.131818181818182 0.131818181818182 0.177777777777778 0.1 22 22 9 0.433 0.396 0.0170000000000001 0.0170000000000001 60000 6000 0.2 0 0.8 0.2
0.845833333333333 0.845833333333333 0.844444444444444 0.9 24 24 9 0.457 0.419 0.0209999999999999 0.0169999999999999 60000 6000 0.8 0 0.8 0.2
0.836 0.836 0.822222222222222 0.7 25 25 9 0.49 0.431 0.0150000000000001 0.0150000000000001 60000 6000 0.8 1 0.8 0.2
0.847826086956522 0.847826086956522 0.866666666666667 0.8 23 23 9 0.451 0.394 0.016 0.0169999999999999 60000 6000 0.8 1 0.8 0.2
0.826923076923077 0.826923076923077 0.877777777777778 0.9 26 26 9 0.534 0.477 0.0159999999999998 0.0169999999999999 60000 6000 0.8 1 0.8 0.2
0.847826086956522 0.847826086956522 0.855555555555556 0.9 23 23 9 0.442 0.4 0.0170000000000001 0.0169999999999999 60000 6000 0.8 1 0.8 0.2
0.168 0.168 0.111111111111111 0.1 25 25 9 0.489 0.443 0.0169999999999999 0.016 60000 6000 0.2 1 0.8 0.2
0.826923076923077 0.826923076923077 0.788888888888889 0.9 26 26 9 0.515 0.459 0.0169999999999999 0.016 60000 6000 0.8 1 0.8 0.2
0.224324324324324 0.224324324324324 0.244444444444444 0 37 37 9 0.661 0.634 0.0180000000000002 0.0179999999999998 60000 6000 0.2 0 0.8 0.2
0.81 0.81 0.744444444444444 0.7 30 30 9 0.452 0.416 0.0129999999999999 0.0130000000000001 60000 6000 0.8 1 0.8 0.2
0.810344827586207 0.810344827586207 0.766666666666667 0.6 29 29 9 0.539 0.481 0.0159999999999998 0.0150000000000001 60000 6000 0.8 1 0.8 0.2
0.186206896551724 0.186206896551724 0.177777777777778 0.2 29 29 9 0.563 0.499 0.0159999999999998 0.016 60000 6000 0.2 0 0.8 0.2
0.814285714285714 0.814285714285714 0.866666666666667 0.5 28 28 9 0.552 0.5 0.022 0.0169999999999999 60000 6000 0.8 1 0.8 0.2
0.783333333333333 0.783333333333333 0.755555555555556 0.8 36 36 9 0.628 0.58 0.016 0.0190000000000001 60000 6000 0.8 1 0.8 0.2
0.239024390243902 0.239024390243902 0.233333333333333 0.4 41 41 9 0.7 0.665 0.0169999999999999 0.0179999999999998 60000 6000 0.2 0 0.8 0.2
0.814285714285714 0.814285714285714 0.788888888888889 0.6 28 28 9 0.536 0.475 0.0210000000000001 0.016 60000 6000 0.8 1 0.8 0.2
0.788235294117647 0.788235294117647 0.866666666666667 0.9 34 34 9 0.506 0.469 0.0130000000000001 0.0129999999999999 60000 6000 0.8 1 0.8 0.2
0.814285714285714 0.814285714285714 0.777777777777778 0.8 28 28 9 0.521 0.453 0.0189999999999999 0.0150000000000001 60000 6000 0.8 1 0.8 0.2
0.810344827586207 0.810344827586207 0.744444444444444 0.5 29 29 9 0.542 0.512 0.0170000000000001 0.0169999999999999 60000 6000 0.8 1 0.8 0.2
0.177777777777778 0.177777777777778 0.166666666666667 0.2 27 27 9 0.538 0.501 0.018 0.0179999999999998 60000 6000 0.2 0 0.8 0.2
0.186206896551724 0.186206896551724 0.2 0.2 29 29 9 0.57 0.523 0.0170000000000001 0.0179999999999998 60000 6000 0.2 0 0.8 0.2
0.79375 0.79375 0.777777777777778 0.8 32 32 9 0.483 0.446 0.0169999999999999 0.014 60000 6000 0.8 1 0.8 0.2
0.164 0.164 0.211111111111111 0.2 25 25 9 0.491 0.453 0.0169999999999999 0.0170000000000001 60000 6000 0.2 0 0.8 0.2
0.791176470588235 0.791176470588235 0.788888888888889 0.8 34 34 9 0.635 0.604 0.0170000000000003 0.0209999999999999 60000 6000 0.8 1 0.8 0.2
0.211764705882353 0.211764705882353 0.144444444444444 0.2 34 34 9 0.542 0.501 0.014 0.014 60000 6000 0.2 0 0.8 0.2
0.817241379310345 0.817241379310345 0.766666666666667 0.9 29 29 9 0.519 0.482 0.016 0.016 60000 6000 0.8 1 0.8 0.2
0.803333333333333 0.803333333333333 0.722222222222222 0.5 30 30 9 0.547 0.487 0.016 0.0149999999999999 60000 6000 0.8 1 0.8 0.2
0.174074074074074 0.174074074074074 0.255555555555556 0.3 27 27 9 0.556 0.504 0.018 0.018 60000 6000 0.2 0 0.8 0.2
0.803333333333333 0.803333333333333 0.788888888888889 0.6 30 30 9 0.557 0.506 0.016 0.0149999999999999 60000 6000 0.8 1 0.8 0.2
0.182142857142857 0.182142857142857 0.2 0.3 28 28 9 0.578 0.502 0.022 0.018 60000 6000 0.2 0 0.8 0.2
0.817241379310345 0.817241379310345 0.8 0.7 29 29 9 0.534 0.495 0.016 0.0169999999999999 60000 6000 0.8 1 0.8 0.2
0.178571428571429 0.178571428571429 0.233333333333333 0.3 28 28 9 0.542 0.5 0.022 0.0170000000000001 60000 6000 0.2 0 0.8 0.2
0.196666666666667 0.196666666666667 0.166666666666667 0.2 30 30 9 0.565 0.517 0.0170000000000001 0.018 60000 6000 0.2 1 0.8 0.2
0.8 0.8 0.788888888888889 0.7 31 31 9 0.55 0.51 0.014 0.0149999999999999 60000 6000 0.8 0 0.8 0.2
0.193333333333333 0.193333333333333 0.211111111111111 0.1 30 30 9 0.594 0.545 0.016 0.016 60000 6000 0.2 1 0.8 0.2
0.825 0.825 0.8 0.7 28 28 9 0.573 0.489 0.0209999999999999 0.016 60000 6000 0.8 1 0.8 0.2
0.785294117647059 0.785294117647059 0.822222222222222 0.9 34 34 9 0.618 0.566 0.016 0.0159999999999996 60000 6000 0.8 1 0.8 0.2
0.208823529411765 0.208823529411765 0.233333333333333 0.1 34 34 9 0.535 0.495 0.014 0.0139999999999998 60000 6000 0.2 0 0.8 0.2
0.196774193548387 0.196774193548387 0.166666666666667 0.2 31 31 9 0.59 0.534 0.0170000000000001 0.0169999999999999 60000 6000 0.2 0 0.8 0.2
0.193333333333333 0.193333333333333 0.244444444444444 0.2 30 30 9 0.583 0.514 0.0160000000000002 0.016 60000 6000 0.2 0 0.8 0.2
0.8 0.8 0.744444444444444 0.7 31 31 9 0.569 0.52 0.0149999999999999 0.016 60000 6000 0.8 0 0.8 0.2
0.214285714285714 0.214285714285714 0.222222222222222 0.1 35 35 9 0.681 0.652 0.02 0.0270000000000001 60000 6000 0.2 0 0.8 0.2
0.214705882352941 0.214705882352941 0.2 0.1 34 34 9 0.663 0.625 0.0189999999999997 0.0189999999999997 60000 6000 0.2 0 0.8 0.2
0.7625 0.7625 0.755555555555556 0.6 40 40 9 0.578 0.545 0.0129999999999999 0.0129999999999999 60000 6000 0.8 1 0.8 0.2
0.785294117647059 0.785294117647059 0.866666666666667 1 34 34 9 0.595 0.538 0.0150000000000001 0.0149999999999997 60000 6000 0.8 1 0.8 0.2
0.803225806451613 0.803225806451613 0.788888888888889 0.9 31 31 9 0.578 0.544 0.0169999999999999 0.016 60000 6000 0.8 1 0.8 0.2
0.791176470588235 0.791176470588235 0.822222222222222 1 34 34 9 0.618 0.56 0.016 0.0150000000000001 60000 6000 0.8 1 0.8 0.2
0.763414634146341 0.763414634146341 0.766666666666667 0.6 41 41 9 0.726 0.699 0.016 0.0149999999999997 60000 6000 0.8 1 0.8 0.2
0.771052631578947 0.771052631578947 0.844444444444444 0.8 38 38 9 0.651 0.611 0.02 0.0179999999999998 60000 6000 0.8 0 0.8 0.2
0.251111111111111 0.251111111111111 0.288888888888889 0.3 45 45 9 0.793 0.761 0.016 0.016 60000 6000 0.2 0 0.8 0.2
0.777777777777778 0.777777777777778 0.766666666666667 1 36 36 9 0.629 0.587 0.016 0.016 60000 6000 0.8 1 0.8 0.2
0.777777777777778 0.777777777777778 0.722222222222222 0.9 36 36 9 0.621 0.578 0.016 0.016 60000 6000 0.8 0 0.8 0.2
0.741666666666667 0.741666666666667 0.777777777777778 0.8 48 48 9 0.776 0.754 0.0150000000000001 0.0149999999999997 60000 6000 0.8 1 0.8 0.2
0.216666666666667 0.216666666666667 0.2 0.2 36 36 9 0.707 0.675 0.0189999999999997 0.0179999999999998 60000 6000 0.2 0 0.8 0.2
0.261224489795918 0.261224489795918 0.3 0.2 49 49 9 0.732 0.705 0.0139999999999998 0.0129999999999999 60000 6000 0.231751280622557 0 0.8 0.2
0.222222222222222 0.222222222222222 0.133333333333333 0.3 36 36 9 0.694 0.652 0.0190000000000001 0.0190000000000001 60000 6000 0.2 0 0.8 0.2
0.785294117647059 0.785294117647059 0.733333333333333 0.9 34 34 9 0.624 0.561 0.016 0.016 60000 6000 0.8 0 0.8 0.2
0.208823529411765 0.208823529411765 0.188888888888889 0.3 34 34 9 0.676 0.626 0.0190000000000001 0.0190000000000001 60000 6000 0.2 0 0.8 0.2
0.782857142857143 0.782857142857143 0.788888888888889 0.8 35 35 9 0.707 0.635 0.0179999999999998 0.0210000000000004 60000 6000 0.8 1 0.8 0.2
0.264705882352941 0.264705882352941 0.311111111111111 0.5 51 51 9 0.766 0.748 0.0180000000000002 0.0139999999999998 60000 6000 0.2 0 0.8 0.2
0.24047619047619 0.24047619047619 0.2 0 42 42 9 0.843 0.804 0.0179999999999998 0.0180000000000002 60000 6000 0.2 0 0.8 0.2
0.241860465116279 0.241860465116279 0.2 0.1 43 43 9 0.688 0.701 0.0170000000000003 0.02 60000 6000 0.2 0 0.8 0.2
0.227027027027027 0.227027027027027 0.144444444444444 0.2 37 37 9 0.679 0.647 0.0179999999999998 0.0180000000000002 60000 6000 0.2 0 0.8 0.2
0.216666666666667 0.216666666666667 0.133333333333333 0.1 36 36 9 0.685 0.632 0.0169999999999999 0.0169999999999999 60000 6000 0.2 0 0.8 0.2
0.222222222222222 0.222222222222222 0.222222222222222 0.1 36 36 9 0.672 0.63 0.0189999999999997 0.0180000000000002 60000 6000 0.2 0 0.8 0.2
0.244186046511628 0.244186046511628 0.188888888888889 0.2 43 43 9 0.724 0.691 0.016 0.02 60000 6000 0.2 0 0.8 0.2
0.2375 0.2375 0.222222222222222 0.2 40 40 9 0.713 0.699 0.016 0.016 60000 6000 0.235124502116814 0 0.8 0.2
0.234146341463415 0.234146341463415 0.188888888888889 0.1 41 41 9 0.77 0.762 0.0169999999999999 0.0179999999999998 60000 6000 0.2 0 0.8 0.2
0.242857142857143 0.242857142857143 0.244444444444444 0.2 42 42 9 0.822 0.826 0.0189999999999997 0.0190000000000001 60000 6000 0.2 0 0.8 0.2
0.242857142857143 0.242857142857143 0.177777777777778 0.4 42 42 9 0.805 0.78 0.0169999999999999 0.0180000000000002 60000 6000 0.2 0 0.8 0.2
0.251111111111111 0.251111111111111 0.211111111111111 0.2 45 45 9 0.874 0.841 0.0169999999999999 0.0180000000000002 60000 6000 0.2 0 0.8 0.2
0.269230769230769 0.269230769230769 0.177777777777778 0.2 52 52 9 0.909 0.876 0.016 0.0150000000000001 60000 6000 0.2 0 0.8 0.2
0.267307692307692 0.267307692307692 0.2 0.2 52 52 9 0.921 0.901 0.0169999999999999 0.0169999999999999 60000 6000 0.2 0 0.8 0.2
0.25625 0.25625 0.277777777777778 0.1 48 48 9 0.883 0.864 0.016 0.016 60000 6000 0.2 1 0.8 0.2
0.732692307692308 0.732692307692308 0.766666666666667 0.6 52 52 9 0.849 0.823 0.0139999999999998 0.0140000000000002 60000 6000 0.8 1 0.8 0.2
0.727777777777778 0.727777777777778 0.766666666666667 0.7 54 54 9 0.885 0.856 0.0150000000000001 0.0190000000000001 60000 6000 0.8 1 0.8 0.2
0.239024390243902 0.239024390243902 0.233333333333333 0.2 41 41 9 0.747 0.712 0.016 0.016 60000 6000 0.2 0 0.8 0.2
0.745652173913044 0.745652173913044 0.755555555555556 0.7 46 46 9 0.818 0.773 0.0150000000000001 0.0150000000000001 60000 6000 0.8 1 0.8 0.2
0.260416666666667 0.260416666666667 0.233333333333333 0.3 48 48 9 0.827 0.791 0.0150000000000001 0.0150000000000001 60000 6000 0.2 0 0.8 0.2
0.733333333333333 0.733333333333333 0.744444444444444 0.9 51 51 9 0.843 0.819 0.02 0.0149999999999997 60000 6000 0.8 1 0.8 0.2
0.333663366336634 0.332222222222222 0.333333333333333 0.4 101 90 9 1.477 1.295 0.0170000000000003 0.0129999999999999 60000 6000 0.46 0 0.8 0.2
0.27037037037037 0.27037037037037 0.255555555555556 0.2 54 54 9 0.952 0.899 0.0150000000000001 0.0190000000000001 60000 6000 0.209707104479894 0 0.8 0.2
0.267924528301887 0.267924528301887 0.266666666666667 0.1 53 53 9 0.899 0.894 0.016 0.016 60000 6000 0.2 0 0.8 0.2
0.701470588235294 0.701470588235294 0.755555555555556 0.8 68 68 9 1.015 1.037 0.0140000000000002 0.0129999999999999 60000 6000 0.8 1 0.8 0.2
0.315294117647059 0.315294117647059 0.333333333333333 0.6 85 85 9 1.228 1.246 0.0140000000000002 0.0129999999999999 60000 6000 0.343561163889244 0 0.8 0.2
0.264 0.264 0.233333333333333 0.3 50 50 9 0.854 0.817 0.0150000000000001 0.016 60000 6000 0.2 0 0.8 0.2
0.27719298245614 0.27719298245614 0.422222222222222 0.6 57 57 9 0.961 0.92 0.016 0.0149999999999997 60000 6000 0.234364473046735 1 0.8 0.2
0.345217391304348 0.362222222222222 0.4 0.4 115 90 9 1.633 1.264 0.0139999999999998 0.0130000000000003 60000 6000 0.439558303654194 1 0.8 0.2
0.278947368421053 0.278947368421053 0.244444444444444 0.5 57 57 9 0.978 0.962 0.016 0.0169999999999999 60000 6000 0.247308434005827 0 0.8 0.2
0.785294117647059 0.785294117647059 0.8 0.8 34 34 9 0.523 0.479 0.014 0.0130000000000001 60000 6000 0.8 0 0.8 0.2
0.691025641025641 0.691025641025641 0.677777777777778 0.8 78 78 9 1.253 1.243 0.0150000000000001 0.02 60000 6000 0.8 1 0.8 0.2
0.788235294117647 0.788235294117647 0.822222222222222 0.9 34 34 9 0.538 0.487 0.014 0.014 60000 6000 0.8 1 0.8 0.2
0.666336633663366 0.658888888888889 0.677777777777778 0.7 101 90 9 1.399 1.232 0.016 0.0130000000000003 60000 6000 0.782959185447544 0 0.8 0.2
0.318823529411765 0.318823529411765 0.355555555555556 0.2 85 85 9 1.214 1.229 0.0139999999999998 0.0130000000000003 60000 6000 0.46 0 0.8 0.2
0.780555555555556 0.780555555555556 0.788888888888889 0.8 36 36 9 0.553 0.513 0.014 0.014 60000 6000 0.8 0 0.8 0.2
0.687341772151899 0.687341772151899 0.744444444444444 0.7 79 79 9 1.292 1.288 0.0150000000000001 0.0139999999999998 60000 6000 0.755087485443801 0 0.8 0.2
0.669072164948454 0.671111111111111 0.644444444444444 0.6 97 90 9 1.527 1.381 0.0150000000000001 0.0150000000000001 60000 6000 0.687001647800207 0 0.8 0.2
0.302816901408451 0.302816901408451 0.255555555555556 0.2 71 71 9 1.189 1.229 0.016 0.0150000000000001 60000 6000 0.251952112950385 0 0.8 0.2
0.324444444444444 0.324444444444444 0.333333333333333 0.3 90 90 9 1.502 1.472 0.0150000000000001 0.0150000000000001 60000 6000 0.45323706774041 0 0.8 0.2
0.341818181818182 0.344444444444444 0.4 0.5 110 90 9 1.574 1.275 0.0129999999999999 0.0129999999999999 60000 6000 0.46 1 0.8 0.2
0.31547619047619 0.31547619047619 0.322222222222222 0.3 84 84 9 1.306 1.313 0.0139999999999998 0.0150000000000001 60000 6000 0.387290947716683 0 0.8 0.2
0.339449541284404 0.336666666666667 0.288888888888889 0.2 109 90 9 1.575 1.266 0.016 0.0129999999999999 60000 6000 0.327964469622821 0 0.8 0.2
0.337142857142857 0.348888888888889 0.4 0.1 105 90 9 1.64 1.373 0.0150000000000001 0.0150000000000001 60000 6000 0.46 0 0.8 0.2
0.311392405063291 0.311392405063291 0.333333333333333 0.5 79 79 9 1.282 1.307 0.0159999999999996 0.0150000000000001 60000 6000 0.46 1 0.8 0.2
0.335238095238095 0.343333333333333 0.4 0.5 105 90 9 1.617 1.352 0.0150000000000001 0.0139999999999998 60000 6000 0.46 0 0.8 0.2
0.31566265060241 0.31566265060241 0.355555555555556 0.4 83 83 9 1.373 1.354 0.0179999999999998 0.0150000000000001 60000 6000 0.46 0 0.8 0.2
0.341441441441441 0.361111111111111 0.366666666666667 0.4 111 90 9 1.694 1.331 0.0139999999999998 0.0140000000000002 60000 6000 0.46 0 0.8 0.2
0.320689655172414 0.320689655172414 0.411111111111111 0.3 87 87 9 1.404 1.389 0.0190000000000001 0.0150000000000001 60000 6000 0.46 0 0.8 0.2
0.324731182795699 0.328888888888889 0.422222222222222 0.5 93 90 9 1.494 1.456 0.0149999999999997 0.0139999999999998 60000 6000 0.419141960861161 0 0.8 0.2
0.349593495934959 0.367777777777778 0.366666666666667 0.5 123 90 9 1.841 1.328 0.0140000000000002 0.0140000000000002 60000 6000 0.46 0 0.8 0.2
0.323913043478261 0.327777777777778 0.422222222222222 0.3 92 90 9 1.456 1.432 0.0179999999999998 0.0150000000000001 60000 6000 0.46 0 0.8 0.2
0.332323232323232 0.335555555555556 0.4 0.5 99 90 9 1.576 1.42 0.0149999999999997 0.0139999999999998 60000 6000 0.46 1 0.8 0.2
0.332323232323232 0.336666666666667 0.411111111111111 0.4 99 90 9 1.606 1.402 0.0150000000000001 0.0150000000000001 60000 6000 0.46 0 0.8 0.2
0.323595505617978 0.323595505617978 0.433333333333333 0.5 89 89 9 1.496 1.446 0.016 0.0150000000000001 60000 6000 0.438509792853147 0 0.8 0.2
0.335849056603774 0.334444444444444 0.355555555555556 0.3 106 90 9 1.687 1.4 0.0149999999999997 0.0150000000000001 60000 6000 0.46 1 0.8 0.2
0.356934306569343 0.393333333333333 0.355555555555556 0.5 137 90 9 2.06 1.296 0.016 0.016 60000 6000 0.46 1 0.8 0.2
0.332323232323232 0.332222222222222 0.455555555555556 0.7 99 90 9 1.594 1.447 0.0149999999999997 0.0150000000000001 60000 6000 0.457655449369922 1 0.8 0.2
0.661111111111111 0.664444444444444 0.788888888888889 0.7 108 90 9 1.69 1.377 0.0139999999999998 0.0169999999999999 60000 6000 0.8 1 0.8 0.2
0.358273381294964 0.372222222222222 0.488888888888889 0.4 139 90 9 2.138 1.33 0.0140000000000002 0.0140000000000002 60000 6000 0.46 0 0.8 0.2
0.357971014492754 0.374444444444444 0.4 0.5 138 90 9 2.138 1.335 0.0140000000000002 0.0149999999999997 60000 6000 0.46 1 0.8 0.2
0.339449541284404 0.363333333333333 0.511111111111111 0.3 109 90 9 1.767 1.461 0.0199999999999996 0.016 60000 6000 0.46 0 0.8 0.2
0.345762711864407 0.356666666666667 0.377777777777778 0.6 118 90 9 1.783 1.343 0.0150000000000001 0.0139999999999998 60000 6000 0.46 0 0.8 0.2
0.338888888888889 0.351111111111111 0.444444444444444 0.5 108 90 9 1.743 1.436 0.0150000000000006 0.0179999999999998 60000 6000 0.370171074075624 1 0.8 0.2
0.335922330097087 0.337777777777778 0.355555555555556 0.7 103 90 9 1.686 1.418 0.0150000000000001 0.0150000000000001 60000 6000 0.46 1 0.8 0.2
0.347967479674797 0.351111111111111 0.322222222222222 0.2 123 90 9 1.919 1.386 0.016 0.016 60000 6000 0.46 0 0.8 0.2
0.349180327868852 0.366666666666667 0.477777777777778 0.3 122 90 9 1.925 1.401 0.016 0.0170000000000003 60000 6000 0.46 0 0.8 0.2
0.350806451612903 0.365555555555556 0.488888888888889 0.2 124 90 9 1.881 1.341 0.0140000000000002 0.0170000000000003 60000 6000 0.46 0 0.8 0.2
0.353076923076923 0.384444444444444 0.422222222222222 0.2 130 90 9 1.974 1.386 0.0149999999999997 0.0150000000000006 60000 6000 0.46 0 0.8 0.2
0.367515923566879 0.395555555555556 0.511111111111111 0.6 157 90 9 2.418 1.336 0.0140000000000002 0.0169999999999995 60000 6000 0.46 0 0.8 0.2
0.37202380952381 0.404444444444444 0.422222222222222 0.4 168 90 9 2.437 1.273 0.0139999999999993 0.0140000000000002 60000 6000 0.46 0 0.8 0.2
0.356716417910448 0.363333333333333 0.433333333333333 0.2 134 90 9 2.105 1.368 0.0139999999999993 0.0140000000000002 60000 6000 0.46 0 0.8 0.2
0.640425531914894 0.633333333333333 0.633333333333333 0.5 141 90 9 2.244 1.362 0.0179999999999998 0.0150000000000006 60000 6000 0.735945154819638 1 0.8 0.2
0.357246376811594 0.376666666666667 0.444444444444444 0.6 138 90 9 2.184 1.357 0.0149999999999997 0.0149999999999997 60000 6000 0.46 0 0.8 0.2
0.365384615384615 0.412222222222222 0.533333333333333 0.6 156 90 9 2.433 1.355 0.0150000000000006 0.0179999999999998 60000 6000 0.46 0 0.8 0.2
0.364238410596026 0.385555555555556 0.5 0.6 151 90 9 2.294 1.305 0.0140000000000002 0.0139999999999993 60000 6000 0.46 0 0.8 0.2
0.364900662251656 0.391111111111111 0.388888888888889 0.3 151 90 9 2.347 1.324 0.0140000000000002 0.0140000000000002 60000 6000 0.46 1 0.8 0.2
0.360839160839161 0.397777777777778 0.444444444444444 0.5 143 90 9 2.25 1.378 0.0140000000000002 0.0150000000000006 60000 6000 0.46 0 0.8 0.2
0.362837837837838 0.367777777777778 0.388888888888889 0.5 148 90 9 2.373 1.379 0.0149999999999997 0.0190000000000001 60000 6000 0.46 1 0.8 0.2
0.380208333333333 0.423333333333333 0.488888888888889 0.5 192 90 9 2.825 1.303 0.0140000000000002 0.0139999999999993 60000 6000 0.46 0 0.8 0.2
0.387155963302752 0.411111111111111 0.466666666666667 0.4 218 90 9 3.047 1.256 0.016 0.0140000000000002 60000 6000 0.46 0 0.8 0.2
0.368711656441718 0.396666666666667 0.444444444444444 0.3 163 90 9 2.596 1.371 0.0149999999999997 0.0179999999999998 60000 6000 0.46 0 0.8 0.2
0.371428571428571 0.407777777777778 0.455555555555556 0.3 168 90 9 2.7 1.352 0.0140000000000002 0.0140000000000002 60000 6000 0.46 1 0.8 0.2
0.374137931034483 0.391111111111111 0.5 0.5 174 90 9 2.759 1.367 0.0150000000000006 0.0149999999999997 60000 6000 0.46 0 0.8 0.2
0.613551401869159 0.603333333333333 0.555555555555556 0.5 214 90 9 3.005 1.254 0.0129999999999999 0.0140000000000002 60000 6000 0.639806848857552 1 0.8 0.2
0.377837837837838 0.42 0.433333333333333 0.6 185 90 9 2.811 1.338 0.0140000000000002 0.0139999999999993 60000 6000 0.46 0 0.8 0.2
0.381407035175879 0.43 0.4 0.4 199 90 9 2.969 1.304 0.0139999999999993 0.0140000000000002 60000 6000 0.46 1 0.8 0.2
0.380208333333333 0.446666666666667 0.555555555555556 0.5 192 90 9 2.842 1.303 0.0140000000000002 0.0140000000000002 60000 6000 0.46 1 0.8 0.2
0.377297297297297 0.406666666666667 0.455555555555556 0.5 185 90 9 3.009 1.339 0.0149999999999997 0.0149999999999997 60000 6000 0.46 1 0.8 0.2
0.381407035175879 0.417777777777778 0.5 0.6 199 90 9 2.998 1.313 0.0139999999999993 0.0140000000000002 60000 6000 0.46 0 0.8 0.2
0.380808080808081 0.424444444444444 0.522222222222222 0.6 198 90 9 3.064 1.369 0.0149999999999997 0.0140000000000002 60000 6000 0.46 0 0.8 0.2
0.612272727272727 0.602222222222222 0.544444444444444 0.6 220 90 9 3.08 1.248 0.0129999999999999 0.0129999999999999 60000 6000 0.652469176240265 0 0.8 0.2
0.388789237668161 0.443333333333333 0.477777777777778 0.6 223 90 9 3.315 1.332 0.0140000000000002 0.0140000000000002 60000 6000 0.46 0 0.8 0.2
0.386574074074074 0.422222222222222 0.455555555555556 0.4 216 90 9 3.242 1.348 0.0140000000000002 0.0149999999999997 60000 6000 0.46 0 0.8 0.2
0.597909407665505 0.561111111111111 0.5 0.5 287 90 9 4.181 1.269 0.0129999999999999 0.0140000000000002 60000 6000 0.478182200249285 0 0.8 0.2
0.596333333333333 0.566666666666667 0.533333333333333 0.6 300 90 9 4.14 1.226 0.0129999999999999 0.0129999999999999 60000 6000 0.509960022196174 1 0.8 0.2
0.395752895752896 0.476666666666667 0.444444444444444 0.5 259 90 9 3.697 1.259 0.0139999999999993 0.0129999999999999 60000 6000 0.46 0 0.8 0.2
0.398905109489051 0.492222222222222 0.544444444444444 0.6 274 90 9 4.139 1.352 0.0149999999999997 0.0150000000000006 60000 6000 0.46 0 0.8 0.2
0.594788273615635 0.546666666666667 0.555555555555556 0.4 307 90 9 4.4 1.257 0.0129999999999999 0.0129999999999999 60000 6000 0.416206306219101 1 0.8 0.2
0.587123287671233 0.518888888888889 0.377777777777778 0.3 365 90 9 4.925 1.216 0.0170000000000003 0.0129999999999999 60000 6000 0.459829277265817 1 0.8 0.2
0.58953488372093 0.601111111111111 0.6 0.4 344 90 9 4.809 1.223 0.0129999999999999 0.0129999999999999 60000 6000 0.646715481672436 1 0.8 0.2
0.601498127340824 0.591111111111111 0.633333333333333 0.6 267 90 9 3.779 1.256 0.0140000000000002 0.0129999999999999 60000 6000 0.585573212616146 1 0.8 0.2
0.588603988603989 0.613333333333333 0.633333333333333 0.6 351 90 9 4.864 1.225 0.0139999999999993 0.0130000000000008 60000 6000 0.675204841326922 0 0.8 0.2
0.565984251968504 0.493333333333333 0.377777777777778 0.5 635 90 9 8.114 1.118 0.0119999999999987 0.0120000000000005 60000 6000 0.280030308663845 0 0.8 0.2
0.572348484848485 0.472222222222222 0.355555555555556 0.2 528 90 9 7.173 1.175 0.0129999999999999 0.0120000000000005 60000 6000 0.212782740965486 1 0.8 0.2
0.57732181425486 0.527777777777778 0.511111111111111 0.6 463 90 9 5.913 1.192 0.0119999999999996 0.0119999999999996 60000 6000 0.443681538011879 0 0.8 0.2
0.564434523809524 0.424444444444444 0.3 0.1 672 90 9 8.511 1.109 0.0120000000000005 0.0119999999999987 60000 6000 0.2 0 0.8 0.2
0.562272089761571 0.532222222222222 0.555555555555556 0.6 713 90 9 7.897 0.984 0.011000000000001 0.00999999999999979 60000 6000 0.484353203233332 1 0.8 0.2
0.563988095238095 0.378888888888889 0.266666666666667 0.3 672 90 9 8.587 1.12 0.0120000000000005 0.0120000000000005 60000 6000 0.2 1 0.8 0.2
0.558261933904529 0.422222222222222 0.233333333333333 0.1 817 90 9 10.537 1.148 0.0179999999999989 0.0140000000000011 60000 6000 0.206212119571865 0 0.8 0.2
0.559895833333333 0.393333333333333 0.311111111111111 0.5 768 90 9 9.354 1.107 0.0109999999999992 0.0129999999999999 60000 6000 0.2 0 0.8 0.2
0.558162031438936 0.362222222222222 0.211111111111111 0.1 827 90 9 9.867 1.097 0.0120000000000005 0.011000000000001 60000 6000 0.2 1 0.8 0.2
0.559335038363171 0.373333333333333 0.288888888888889 0.2 782 90 9 9.843 1.139 0.0120000000000005 0.0120000000000005 60000 6000 0.2 0 0.8 0.2
0.555359116022099 0.375555555555556 0.255555555555556 0.3 905 90 9 10.381 1.02 0.0109999999999992 0.0119999999999987 60000 6000 0.2 1 0.8 0.2
0.553353973168215 0.436666666666667 0.244444444444444 0.3 969 90 9 11.869 1.115 0.0120000000000005 0.0139999999999993 60000 6000 0.284652658645064 0 0.8 0.2
0.55204280155642 0.355555555555556 0.3 0.2 1028 90 9 12.865 1.079 0.011000000000001 0.0119999999999987 60000 6000 0.2 1 0.8 0.2
0.549255039439088 0.463333333333333 0.422222222222222 0.5 1141 90 9 13.343 1.031 0.011000000000001 0.0109999999999992 60000 6000 0.319932749867439 0 0.8 0.2
0.545366218236173 0.366666666666667 0.255555555555556 0.1 1338 90 9 16.028 1.074 0.0109999999999992 0.0109999999999992 60000 6000 0.242687757965177 0 0.8 0.2
