0.555949603359776 0.415772281847877 0.415772281847877 0.415772281847877 5 1 1 1.827 0.375 0.355999999999998 0.363000000000003 60000 28 0.2 0 0.8 0.7
0.802613159122725 0.802613159122725 0.802613159122725 0.802613159122725 1 1 1 0.389999999999999 0.366 0.356999999999999 0.353999999999999 60000 28 0.8 1 0.8 0.7
0.29398040130658 0.29398040130658 0.29398040130658 0.29398040130658 1 1 1 0.390000000000001 0.366999999999999 0.358000000000001 0.355 60000 28 0.2 0 0.8 0.7
0.804013065795614 0.804013065795614 0.804013065795614 0.804013065795614 1 1 1 0.390000000000001 0.365 0.359 0.356 60000 28 0.8 1 0.8 0.7
0.702286514232385 0.702286514232385 0.702286514232385 0.702286514232385 1 1 1 0.399000000000001 0.374000000000001 0.363999999999999 0.360000000000001 60000 28 0.8 1 0.8 0.7
0.25711619225385 0.25711619225385 0.25711619225385 0.25711619225385 1 1 1 0.389999999999999 0.365 0.356999999999999 0.355 60000 28 0.2 0 0.8 0.7
0.789547363509099 0.789547363509099 0.789547363509099 0.789547363509099 1 1 1 0.402000000000001 0.375999999999999 0.368 0.364000000000001 60000 28 0.8 1 0.8 0.7
0.818012132524498 0.818012132524498 0.818012132524498 0.818012132524498 1 1 1 0.390000000000001 0.364999999999998 0.359 0.359 60000 28 0.8 1 0.8 0.7
0.773681754549697 0.773681754549697 0.773681754549697 0.773681754549697 1 1 1 0.4 0.376000000000001 0.367999999999999 0.365 60000 28 0.8 1 0.8 0.7
0.319645356976202 0.319645356976202 0.319645356976202 0.319645356976202 1 1 1 0.397 0.371 0.364000000000001 0.361000000000001 60000 28 0.2 0 0.8 0.7
0.79794680354643 0.79794680354643 0.79794680354643 0.79794680354643 1 1 1 0.41 0.385 0.378 0.373999999999999 60000 28 0.8 1 0.8 0.7
0.259449370041997 0.259449370041997 0.259449370041997 0.259449370041997 1 1 1 0.405000000000001 0.379 0.371 0.367999999999999 60000 28 0.2 0 0.8 0.7
0.364909006066262 0.364909006066262 0.364909006066262 0.364909006066262 1 1 1 0.395 0.370999999999999 0.365 0.360000000000001 60000 28 0.2 0 0.8 0.7
0.563509099393374 0.427904806346244 0.427904806346244 0.427904806346244 5 1 1 1.818 0.376999999999999 0.359000000000002 0.363999999999997 60000 28 0.2 1 0.8 0.7
0.562218074350599 0.396173588427438 0.396173588427438 0.396173588427438 6 1 1 2.168 0.379000000000001 0.361999999999998 0.363 60000 28 0.2 0 0.8 0.7
0.705086327578161 0.705086327578161 0.705086327578161 0.705086327578161 1 1 1 0.407999999999999 0.382999999999999 0.376000000000001 0.373999999999999 60000 28 0.8 1 0.8 0.7
0.295846943537098 0.295846943537098 0.295846943537098 0.295846943537098 1 1 1 0.401 0.377000000000001 0.366999999999999 0.364000000000001 60000 28 0.2 1 0.8 0.7
0.797013532431171 0.797013532431171 0.797013532431171 0.797013532431171 1 1 1 0.41 0.385 0.378 0.374000000000001 60000 28 0.8 0 0.8 0.7
0.77088194120392 0.77088194120392 0.77088194120392 0.77088194120392 1 1 1 0.405999999999999 0.380000000000001 0.372999999999999 0.369 60000 28 0.8 0 0.8 0.7
0.289780681287914 0.289780681287914 0.289780681287914 0.289780681287914 1 1 1 0.401 0.375 0.365 0.360000000000001 60000 28 0.2 0 0.8 0.7
0.364442370508633 0.364442370508633 0.364442370508633 0.364442370508633 1 1 1 0.407 0.382 0.373999999999999 0.371 60000 28 0.2 0 0.8 0.7
0.331777881474568 0.331777881474568 0.331777881474568 0.331777881474568 1 1 1 0.407 0.382 0.374000000000001 0.369999999999999 60000 28 0.2 1 0.8 0.7
0.764349043397107 0.764349043397107 0.764349043397107 0.764349043397107 1 1 1 0.390000000000001 0.366 0.356999999999999 0.354000000000001 60000 28 0.8 1 0.8 0.7
0.296780214652356 0.296780214652356 0.296780214652356 0.296780214652356 1 1 1 0.398 0.372999999999999 0.367000000000001 0.362 60000 28 0.2 0 0.8 0.7
0.785347643490434 0.785347643490434 0.785347643490434 0.785347643490434 1 1 1 0.396000000000001 0.370999999999999 0.365 0.361000000000001 60000 28 0.8 0 0.8 0.7
0.806812879141391 0.806812879141391 0.806812879141391 0.806812879141391 1 1 1 0.399999999999999 0.372 0.369 0.366 60000 28 0.8 1 0.8 0.7
0.801213252449837 0.801213252449837 0.801213252449837 0.801213252449837 1 1 1 0.407 0.379999999999999 0.372999999999999 0.369000000000002 60000 28 0.8 1 0.8 0.7
0.806812879141391 0.806812879141391 0.806812879141391 0.806812879141391 1 1 1 0.404 0.379000000000001 0.372999999999999 0.369000000000002 60000 28 0.8 1 0.8 0.7
0.800746616892207 0.800746616892207 0.800746616892207 0.800746616892207 1 1 1 0.413 0.388999999999999 0.382 0.379 60000 28 0.8 1 0.8 0.7
0.267848810079328 0.267848810079328 0.267848810079328 0.267848810079328 1 1 1 0.404000000000002 0.378 0.369 0.365 60000 28 0.2 1 0.8 0.7
0.799346710219319 0.799346710219319 0.799346710219319 0.799346710219319 1 1 1 0.398 0.371 0.366999999999999 0.364000000000001 60000 28 0.8 1 0.8 0.7
0.731217918805413 0.731217918805413 0.731217918805413 0.731217918805413 1 1 1 0.41 0.382999999999999 0.375 0.369999999999999 60000 28 0.8 1 0.8 0.7
0.345776948203453 0.345776948203453 0.345776948203453 0.345776948203453 1 1 1 0.399000000000001 0.374000000000001 0.367999999999999 0.365 60000 28 0.2 0 0.8 0.7
0.798880074661689 0.798880074661689 0.798880074661689 0.798880074661689 1 1 1 0.396000000000001 0.370999999999999 0.364000000000001 0.361000000000001 60000 28 0.8 1 0.8 0.7
0.352776481567895 0.352776481567895 0.352776481567895 0.352776481567895 1 1 1 0.404 0.379000000000001 0.370999999999999 0.367999999999999 60000 28 0.2 0 0.8 0.7
0.814279048063462 0.814279048063462 0.814279048063462 0.814279048063462 1 1 1 0.404999999999999 0.380999999999998 0.375 0.372 60000 28 0.8 1 0.8 0.7
0.790947270181988 0.790947270181988 0.790947270181988 0.790947270181988 1 1 1 0.398000000000001 0.373999999999999 0.366 0.365 60000 28 0.8 1 0.8 0.7
0.785347643490434 0.785347643490434 0.785347643490434 0.785347643490434 1 1 1 0.394 0.372 0.365 0.362 60000 28 0.8 1 0.8 0.7
0.803546430237984 0.803546430237984 0.803546430237984 0.803546430237984 1 1 1 0.395999999999999 0.372 0.363999999999999 0.361000000000001 60000 28 0.8 1 0.8 0.7
0.790947270181988 0.790947270181988 0.790947270181988 0.790947270181988 1 1 1 0.398 0.373000000000001 0.365 0.363 60000 28 0.8 1 0.8 0.7
0.781147923471769 0.781147923471769 0.781147923471769 0.781147923471769 1 1 1 0.407999999999999 0.380000000000001 0.372999999999999 0.369999999999999 60000 28 0.8 1 0.8 0.7
0.283247783481101 0.283247783481101 0.283247783481101 0.283247783481101 1 1 1 0.398999999999999 0.373999999999999 0.367000000000001 0.365 60000 28 0.2 0 0.8 0.7
0.338777414839011 0.338777414839011 0.338777414839011 0.338777414839011 1 1 1 0.4 0.373999999999999 0.368 0.364000000000001 60000 28 0.2 0 0.8 0.7
0.795613625758283 0.795613625758283 0.795613625758283 0.795613625758283 1 1 1 0.399000000000001 0.372999999999999 0.366 0.364000000000001 60000 28 0.8 1 0.8 0.7
0.794213719085394 0.794213719085394 0.794213719085394 0.794213719085394 1 1 1 0.404 0.377000000000001 0.369999999999999 0.367000000000001 60000 28 0.8 1 0.8 0.7
0.80774615025665 0.80774615025665 0.80774615025665 0.80774615025665 1 1 1 0.398999999999999 0.375 0.366 0.363999999999999 60000 28 0.8 1 0.8 0.7
0.356042930471302 0.356042930471302 0.356042930471302 0.356042930471302 1 1 1 0.414000000000001 0.388 0.382 0.377999999999998 60000 28 0.2 0 0.8 0.7
0.802613159122725 0.802613159122725 0.802613159122725 0.802613159122725 1 1 1 0.409000000000001 0.382 0.375 0.373000000000001 60000 28 0.8 1 0.8 0.7
0.774615025664956 0.774615025664956 0.774615025664956 0.774615025664956 1 1 1 0.409000000000001 0.382999999999999 0.376000000000001 0.372999999999998 60000 28 0.8 1 0.8 0.7
0.307979468035464 0.307979468035464 0.307979468035464 0.307979468035464 1 1 1 0.411 0.387 0.381 0.375999999999999 60000 28 0.2 0 0.8 0.7
0.797013532431171 0.797013532431171 0.797013532431171 0.797013532431171 1 1 1 0.401 0.375 0.368 0.363999999999999 60000 28 0.8 0 0.8 0.7
0.758282781147923 0.758282781147923 0.758282781147923 0.758282781147923 1 1 1 0.417999999999999 0.391 0.384 0.381999999999998 60000 28 0.8 1 0.8 0.7
0.319645356976202 0.319645356976202 0.319645356976202 0.319645356976202 1 1 1 0.414 0.387 0.381 0.379000000000001 60000 28 0.2 0 0.8 0.7
0.261315912272515 0.261315912272515 0.261315912272515 0.261315912272515 1 1 1 0.411999999999999 0.385 0.378999999999998 0.376000000000001 60000 28 0.2 0 0.8 0.7
0.794680354643024 0.794680354643024 0.794680354643024 0.794680354643024 1 1 1 0.406000000000001 0.382 0.374000000000001 0.370999999999999 60000 28 0.8 1 0.8 0.7
0.329444703686421 0.329444703686421 0.329444703686421 0.329444703686421 1 1 1 0.401999999999999 0.375 0.369000000000002 0.365000000000002 60000 28 0.2 0 0.8 0.7
0.80774615025665 0.80774615025665 0.80774615025665 0.80774615025665 1 1 1 0.395 0.369 0.363 0.362 60000 28 0.8 1 0.8 0.7
0.79794680354643 0.79794680354643 0.79794680354643 0.79794680354643 1 1 1 0.413 0.386000000000001 0.379 0.376999999999999 60000 28 0.8 1 0.8 0.7
0.286514232384508 0.286514232384508 0.286514232384508 0.286514232384508 1 1 1 0.407 0.382 0.373000000000001 0.369999999999999 60000 28 0.2 0 0.8 0.7
0.34857676154923 0.34857676154923 0.34857676154923 0.34857676154923 1 1 1 0.398000000000001 0.375 0.366999999999999 0.364000000000001 60000 28 0.2 0 0.8 0.7
0.28464769015399 0.28464769015399 0.28464769015399 0.28464769015399 1 1 1 0.41 0.382999999999999 0.378 0.372999999999999 60000 28 0.2 0 0.8 0.7
0.344843677088194 0.344843677088194 0.344843677088194 0.344843677088194 1 1 1 0.414000000000001 0.388 0.382 0.378 60000 28 0.2 1 0.8 0.7
0.373308446103593 0.373308446103593 0.373308446103593 0.373308446103593 1 1 1 0.401 0.375 0.367000000000001 0.363999999999999 60000 28 0.2 0 0.8 0.7
0.804479701353243 0.804479701353243 0.804479701353243 0.804479701353243 1 1 1 0.416 0.388 0.383000000000001 0.378000000000002 60000 28 0.8 0 0.8 0.7
0.792813812412506 0.792813812412506 0.792813812412506 0.792813812412506 1 1 1 0.396999999999998 0.372999999999999 0.366 0.362 60000 28 0.8 1 0.8 0.7
0.327578161455903 0.327578161455903 0.327578161455903 0.327578161455903 1 1 1 0.409000000000001 0.382 0.375999999999999 0.372 60000 28 0.2 0 0.8 0.7
0.762015865608959 0.762015865608959 0.762015865608959 0.762015865608959 1 1 1 0.4 0.374000000000001 0.366999999999999 0.363999999999999 60000 28 0.8 0 0.8 0.7
0.786280914605693 0.786280914605693 0.786280914605693 0.786280914605693 1 1 1 0.41 0.384 0.379 0.375 60000 28 0.8 1 0.8 0.7
0.780681287914139 0.780681287914139 0.780681287914139 0.780681287914139 1 1 1 0.412000000000001 0.387 0.380999999999998 0.379 60000 28 0.8 1 0.8 0.7
0.342510499300047 0.342510499300047 0.342510499300047 0.342510499300047 1 1 1 0.411 0.385999999999999 0.378 0.376999999999999 60000 28 0.2 1 0.8 0.7
0.566651112148079 0.396173588427438 0.396173588427438 0.396173588427438 6 1 1 2.198 0.384999999999998 0.367000000000001 0.367999999999999 60000 28 0.2 0 0.8 0.7
0.304246383574428 0.304246383574428 0.304246383574428 0.304246383574428 1 1 1 0.404999999999999 0.375999999999999 0.366 0.366 60000 28 0.231751280622557 0 0.8 0.7
0.319645356976202 0.319645356976202 0.319645356976202 0.319645356976202 1 1 1 0.399999999999999 0.376000000000001 0.368 0.363 60000 28 0.2 0 0.8 0.7
0.798880074661689 0.798880074661689 0.798880074661689 0.798880074661689 1 1 1 0.399000000000001 0.372 0.366000000000001 0.363000000000001 60000 28 0.8 1 0.8 0.7
0.804946336910873 0.804946336910873 0.804946336910873 0.804946336910873 1 1 1 0.4 0.374000000000001 0.368 0.362 60000 28 0.8 0 0.8 0.7
0.793747083527765 0.793747083527765 0.793747083527765 0.793747083527765 1 1 1 0.4 0.372999999999999 0.366 0.364000000000001 60000 28 0.8 1 0.8 0.7
0.351843210452637 0.351843210452637 0.351843210452637 0.351843210452637 1 1 1 0.404 0.379 0.372 0.367000000000001 60000 28 0.2 0 0.8 0.7
0.682221185254316 0.682221185254316 0.682221185254316 0.682221185254316 1 1 1 0.396000000000001 0.371 0.363999999999999 0.360000000000001 60000 28 0.8 1 0.8 0.7
0.799813345776948 0.799813345776948 0.799813345776948 0.799813345776948 1 1 1 0.393000000000001 0.369 0.362 0.358000000000001 60000 28 0.8 1 0.8 0.7
0.797013532431171 0.797013532431171 0.797013532431171 0.797013532431171 1 1 1 0.404 0.378 0.371 0.367000000000001 60000 28 0.8 0 0.8 0.7
0.313112459169389 0.313112459169389 0.313112459169389 0.313112459169389 1 1 1 0.408000000000001 0.382 0.372999999999999 0.372 60000 28 0.2 0 0.8 0.7
0.309379374708353 0.309379374708353 0.309379374708353 0.309379374708353 1 1 1 0.398 0.374000000000001 0.366 0.363 60000 28 0.2 0 0.8 0.7
0.354176388240784 0.354176388240784 0.354176388240784 0.354176388240784 1 1 1 0.4 0.373999999999999 0.365 0.363999999999999 60000 28 0.2 0 0.8 0.7
0.369108726084928 0.369108726084928 0.369108726084928 0.369108726084928 1 1 1 0.401 0.375 0.368 0.365 60000 28 0.2 0 0.8 0.7
0.295846943537098 0.295846943537098 0.295846943537098 0.295846943537098 1 1 1 0.411000000000001 0.386999999999999 0.379000000000001 0.375999999999999 60000 28 0.2 0 0.8 0.7
0.332711152589827 0.332711152589827 0.332711152589827 0.332711152589827 1 1 1 0.413 0.387 0.382 0.379000000000001 60000 28 0.2 0 0.8 0.7
0.556042930471302 0.397573495100327 0.397573495100327 0.397573495100327 5 1 1 1.864 0.388000000000002 0.369 0.375 60000 28 0.2 0 0.8 0.7
0.295846943537098 0.295846943537098 0.295846943537098 0.295846943537098 1 1 1 0.407999999999999 0.383000000000001 0.373999999999999 0.371 60000 28 0.235124502116814 0 0.8 0.7
0.351376574895007 0.351376574895007 0.351376574895007 0.351376574895007 1 1 1 0.409999999999998 0.386000000000001 0.379 0.375000000000002 60000 28 0.2 0 0.8 0.7
0.547733333333333 0.401306579561363 0.401306579561363 0.401306579561363 7 1 1 2.613 0.390999999999998 0.373000000000001 0.384999999999998 60000 28 0.2 0 0.8 0.7
0.372841810545964 0.372841810545964 0.372841810545964 0.372841810545964 1 1 1 0.416 0.388999999999999 0.4 0.415999999999999 60000 28 0.2 0 0.8 0.7
0.555109659356043 0.406906206252916 0.406906206252916 0.406906206252916 5 1 1 1.821 0.378 0.359999999999999 0.366 60000 28 0.2 0 0.8 0.7
0.310779281381241 0.310779281381241 0.310779281381241 0.310779281381241 1 1 1 0.415999999999999 0.388999999999999 0.384 0.381 60000 28 0.2 0 0.8 0.7
0.38497433504433 0.38497433504433 0.38497433504433 0.38497433504433 1 1 1 0.408000000000001 0.383000000000001 0.376999999999999 0.376000000000001 60000 28 0.2 0 0.8 0.7
0.727484834344377 0.727484834344377 0.727484834344377 0.727484834344377 1 1 1 0.395999999999999 0.371 0.364000000000001 0.363 60000 28 0.8 1 0.8 0.7
0.361642557162856 0.361642557162856 0.361642557162856 0.361642557162856 1 1 1 0.398 0.373000000000001 0.365 0.362 60000 28 0.2 1 0.8 0.7
0.359776014932338 0.359776014932338 0.359776014932338 0.359776014932338 1 1 1 0.409000000000001 0.382999999999999 0.376000000000001 0.374000000000001 60000 28 0.2 0 0.8 0.7
0.704153056462902 0.704153056462902 0.704153056462902 0.704153056462902 1 1 1 0.396000000000001 0.370000000000001 0.364000000000001 0.360999999999999 60000 28 0.8 1 0.8 0.7
0.703686420905273 0.703686420905273 0.703686420905273 0.703686420905273 1 1 1 0.4 0.372999999999999 0.364000000000001 0.361000000000001 60000 28 0.8 1 0.8 0.7
0.292580494633691 0.292580494633691 0.292580494633691 0.292580494633691 1 1 1 0.404 0.379 0.372 0.368 60000 28 0.2 0 0.8 0.7
0.385907606159589 0.385907606159589 0.385907606159589 0.385907606159589 1 1 1 0.394 0.369999999999999 0.361000000000001 0.358000000000001 60000 28 0.2 0 0.8 0.7
0.710219318712086 0.710219318712086 0.710219318712086 0.710219318712086 1 1 1 0.403 0.378 0.369999999999999 0.367000000000001 60000 28 0.8 1 0.8 0.7
0.353243117125525 0.353243117125525 0.353243117125525 0.353243117125525 1 1 1 0.41 0.384 0.377000000000001 0.375 60000 28 0.209707104479894 0 0.8 0.7
0.34904339710686 0.34904339710686 0.34904339710686 0.34904339710686 1 1 1 0.409999999999998 0.384 0.375 0.372999999999999 60000 28 0.46 0 0.8 0.7
0.314979001399907 0.314979001399907 0.314979001399907 0.314979001399907 1 1 1 0.408000000000001 0.383999999999999 0.376000000000001 0.371999999999998 60000 28 0.2 0 0.8 0.7
0.711619225384974 0.711619225384974 0.711619225384974 0.711619225384974 1 1 1 0.395000000000001 0.369999999999999 0.363 0.361000000000001 60000 28 0.8 1 0.8 0.7
0.355576294913672 0.355576294913672 0.355576294913672 0.355576294913672 1 1 1 0.401999999999999 0.377000000000001 0.369 0.366 60000 28 0.343561163889244 0 0.8 0.7
0.322445170321979 0.322445170321979 0.322445170321979 0.322445170321979 1 1 1 0.41 0.385999999999999 0.377000000000001 0.373999999999999 60000 28 0.234364473046735 1 0.8 0.7
0.325711619225385 0.325711619225385 0.325711619225385 0.325711619225385 1 1 1 0.389000000000001 0.362 0.355 0.353 60000 28 0.439558303654194 1 0.8 0.7
0.306579561362576 0.306579561362576 0.306579561362576 0.306579561362576 1 1 1 0.398 0.374000000000001 0.366999999999999 0.364000000000001 60000 28 0.247308434005827 0 0.8 0.7
0.792347176854876 0.792347176854876 0.792347176854876 0.792347176854876 1 1 1 0.396999999999998 0.369 0.361000000000001 0.359999999999999 60000 28 0.8 0 0.8 0.7
0.5516 0.412039197386841 0.412039197386841 0.412039197386841 7 1 1 2.584 0.387 0.373000000000001 0.381 60000 28 0.2 0 0.8 0.7
0.570811945870275 0.44983667755483 0.44983667755483 0.44983667755483 4 1 1 1.483 0.379000000000001 0.360999999999997 0.372 60000 28 0.2 0 0.8 0.7
0.774615025664956 0.774615025664956 0.774615025664956 0.774615025664956 1 1 1 0.407999999999999 0.383000000000001 0.376999999999999 0.374000000000001 60000 28 0.8 1 0.8 0.7
0.748950069995334 0.748950069995334 0.748950069995334 0.748950069995334 1 1 1 0.396000000000001 0.369999999999999 0.362 0.359 60000 28 0.8 0 0.8 0.7
0.307046196920205 0.307046196920205 0.307046196920205 0.307046196920205 1 1 1 0.388999999999999 0.363 0.359 0.353999999999999 60000 28 0.46 0 0.8 0.7
0.668222118525432 0.668222118525432 0.668222118525432 0.668222118525432 1 1 1 0.388 0.363 0.356 0.353 60000 28 0.782959185447544 0 0.8 0.7
0.703686420905273 0.703686420905273 0.703686420905273 0.703686420905273 1 1 1 0.408999999999999 0.382999999999999 0.375 0.373000000000001 60000 28 0.8 1 0.8 0.7
0.324778348110126 0.324778348110126 0.324778348110126 0.324778348110126 1 1 1 0.411000000000001 0.387 0.378 0.375 60000 28 0.251952112950385 0 0.8 0.7
0.662155856276248 0.662155856276248 0.662155856276248 0.662155856276248 1 1 1 0.396000000000001 0.370000000000001 0.363 0.359 60000 28 0.687001647800207 0 0.8 0.7
0.648156789547364 0.648156789547364 0.648156789547364 0.648156789547364 1 1 1 0.402000000000001 0.379 0.371 0.366999999999999 60000 28 0.755087485443801 0 0.8 0.7
0.326178254783014 0.326178254783014 0.326178254783014 0.326178254783014 1 1 1 0.405999999999999 0.382 0.374000000000001 0.370999999999999 60000 28 0.45323706774041 0 0.8 0.7
0.320578628091461 0.320578628091461 0.320578628091461 0.320578628091461 1 1 1 0.397 0.372999999999999 0.363000000000001 0.359999999999999 60000 28 0.46 1 0.8 0.7
0.324311712552497 0.324311712552497 0.324311712552497 0.324311712552497 1 1 1 0.399000000000001 0.373999999999999 0.365 0.362 60000 28 0.387290947716683 0 0.8 0.7
0.306579561362576 0.306579561362576 0.306579561362576 0.306579561362576 1 1 1 0.391999999999999 0.362 0.348000000000001 0.346 60000 28 0.327964469622821 0 0.8 0.7
0.317312179188054 0.317312179188054 0.317312179188054 0.317312179188054 1 1 1 0.398 0.372999999999999 0.368 0.363 60000 28 0.46 1 0.8 0.7
0.342043863742417 0.342043863742417 0.342043863742417 0.342043863742417 1 1 1 0.393000000000001 0.369 0.360999999999999 0.359 60000 28 0.46 0 0.8 0.7
0.328044797013532 0.328044797013532 0.328044797013532 0.328044797013532 1 1 1 0.394 0.369999999999999 0.363 0.361000000000001 60000 28 0.46 0 0.8 0.7
0.305646290247317 0.305646290247317 0.305646290247317 0.305646290247317 1 1 1 0.398999999999999 0.373000000000001 0.366999999999999 0.362 60000 28 0.46 0 0.8 0.7
0.331777881474568 0.331777881474568 0.331777881474568 0.331777881474568 1 1 1 0.392999999999999 0.368 0.360000000000001 0.358000000000001 60000 28 0.46 0 0.8 0.7
0.330844610359309 0.330844610359309 0.330844610359309 0.330844610359309 1 1 1 0.407999999999999 0.381 0.373000000000001 0.369999999999999 60000 28 0.46 0 0.8 0.7
0.325244983667756 0.325244983667756 0.325244983667756 0.325244983667756 1 1 1 0.393000000000001 0.368 0.362 0.359 60000 28 0.419141960861161 0 0.8 0.7
0.330844610359309 0.330844610359309 0.330844610359309 0.330844610359309 1 1 1 0.403 0.377000000000001 0.369 0.368 60000 28 0.46 0 0.8 0.7
0.313112459169389 0.313112459169389 0.313112459169389 0.313112459169389 1 1 1 0.392999999999999 0.369 0.360000000000001 0.357999999999999 60000 28 0.46 0 0.8 0.7
0.309379374708353 0.309379374708353 0.309379374708353 0.309379374708353 1 1 1 0.397 0.372 0.363000000000001 0.359999999999999 60000 28 0.46 1 0.8 0.7
0.343443770415306 0.343443770415306 0.343443770415306 0.343443770415306 1 1 1 0.395999999999999 0.370999999999999 0.363000000000001 0.359999999999999 60000 28 0.46 0 0.8 0.7
0.345310312645824 0.345310312645824 0.345310312645824 0.345310312645824 1 1 1 0.395999999999999 0.371 0.365 0.361000000000001 60000 28 0.438509792853147 0 0.8 0.7
0.323378441437238 0.323378441437238 0.323378441437238 0.323378441437238 1 1 1 0.394 0.369000000000002 0.360999999999999 0.359 60000 28 0.46 1 0.8 0.7
0.349510032664489 0.349510032664489 0.349510032664489 0.349510032664489 1 1 1 0.396000000000001 0.369999999999999 0.363 0.359 60000 28 0.46 1 0.8 0.7
0.344843677088194 0.344843677088194 0.344843677088194 0.344843677088194 1 1 1 0.397 0.374000000000001 0.366 0.370999999999999 60000 28 0.457655449369922 1 0.8 0.7
0.698086794213719 0.698086794213719 0.698086794213719 0.698086794213719 1 1 1 0.397 0.372 0.366000000000001 0.360999999999999 60000 28 0.8 1 0.8 0.7
0.330844610359309 0.330844610359309 0.330844610359309 0.330844610359309 1 1 1 0.395999999999999 0.370999999999999 0.363000000000001 0.361000000000001 60000 28 0.46 0 0.8 0.7
0.336910872608493 0.336910872608493 0.336910872608493 0.336910872608493 1 1 1 0.396000000000001 0.372 0.365 0.361000000000001 60000 28 0.46 0 0.8 0.7
0.324778348110126 0.324778348110126 0.324778348110126 0.324778348110126 1 1 1 0.404 0.379 0.370999999999999 0.369000000000002 60000 28 0.46 1 0.8 0.7
0.327111525898273 0.327111525898273 0.327111525898273 0.327111525898273 1 1 1 0.397 0.372 0.365 0.362 60000 28 0.46 0 0.8 0.7
0.33037797480168 0.33037797480168 0.33037797480168 0.33037797480168 1 1 1 0.397 0.372 0.364000000000001 0.362 60000 28 0.370171074075624 1 0.8 0.7
0.340643957069529 0.340643957069529 0.340643957069529 0.340643957069529 1 1 1 0.397 0.370000000000001 0.363 0.360000000000001 60000 28 0.46 1 0.8 0.7
0.332244517032198 0.332244517032198 0.332244517032198 0.332244517032198 1 1 1 0.394 0.369 0.359999999999999 0.360000000000001 60000 28 0.46 0 0.8 0.7
0.331311245916939 0.331311245916939 0.331311245916939 0.331311245916939 1 1 1 0.393000000000001 0.369 0.362 0.358000000000001 60000 28 0.46 0 0.8 0.7
0.35790947270182 0.35790947270182 0.35790947270182 0.35790947270182 1 1 1 0.396000000000001 0.372 0.365 0.361000000000001 60000 28 0.46 0 0.8 0.7
0.341110592627158 0.341110592627158 0.341110592627158 0.341110592627158 1 1 1 0.395999999999999 0.370000000000001 0.363 0.360000000000001 60000 28 0.46 0 0.8 0.7
0.35744283714419 0.35744283714419 0.35744283714419 0.35744283714419 1 1 1 0.406000000000001 0.379999999999999 0.374000000000001 0.371 60000 28 0.46 0 0.8 0.7
0.337377508166122 0.337377508166122 0.337377508166122 0.337377508166122 1 1 1 0.391 0.366000000000001 0.359 0.356 60000 28 0.46 0 0.8 0.7
0.671488567428838 0.671488567428838 0.671488567428838 0.671488567428838 1 1 1 0.395 0.369999999999999 0.363 0.360000000000001 60000 28 0.735945154819638 1 0.8 0.7
0.321978534764349 0.321978534764349 0.321978534764349 0.321978534764349 1 1 1 0.408999999999999 0.385 0.375 0.371 60000 28 0.46 0 0.8 0.7
0.365842277181521 0.365842277181521 0.365842277181521 0.365842277181521 1 1 1 0.403 0.378 0.369 0.367999999999999 60000 28 0.46 0 0.8 0.7
0.335977601493234 0.335977601493234 0.335977601493234 0.335977601493234 1 1 1 0.392999999999999 0.369 0.362 0.359 60000 28 0.46 0 0.8 0.7
0.332711152589827 0.332711152589827 0.332711152589827 0.332711152589827 1 1 1 0.401 0.375 0.368 0.365 60000 28 0.46 0 0.8 0.7
0.351376574895007 0.351376574895007 0.351376574895007 0.351376574895007 1 1 1 0.393000000000001 0.369 0.362 0.360000000000001 60000 28 0.46 1 0.8 0.7
0.343443770415306 0.343443770415306 0.343443770415306 0.343443770415306 1 1 1 0.391999999999999 0.367000000000001 0.359999999999999 0.359 60000 28 0.46 0 0.8 0.7
0.335510965935604 0.335510965935604 0.335510965935604 0.335510965935604 1 1 1 0.395 0.369000000000002 0.363999999999999 0.359 60000 28 0.46 1 0.8 0.7
0.373308446103593 0.373308446103593 0.373308446103593 0.373308446103593 1 1 1 0.389000000000001 0.360999999999999 0.355 0.355 60000 28 0.46 0 0.8 0.7
0.336444237050863 0.336444237050863 0.336444237050863 0.336444237050863 1 1 1 0.407999999999999 0.384 0.375999999999999 0.374000000000001 60000 28 0.46 0 0.8 0.7
0.362109192720485 0.362109192720485 0.362109192720485 0.362109192720485 1 1 1 0.398999999999999 0.373999999999999 0.368 0.365 60000 28 0.46 0 0.8 0.7
0.353243117125525 0.353243117125525 0.353243117125525 0.353243117125525 1 1 1 0.395 0.368 0.362 0.360999999999999 60000 28 0.46 1 0.8 0.7
0.356509566028931 0.356509566028931 0.356509566028931 0.356509566028931 1 1 1 0.419 0.392000000000001 0.387 0.383999999999999 60000 28 0.46 0 0.8 0.7
0.630424638357443 0.630424638357443 0.630424638357443 0.630424638357443 1 1 1 0.395 0.371 0.364000000000001 0.358000000000001 60000 28 0.639806848857552 1 0.8 0.7
0.358842743817079 0.358842743817079 0.358842743817079 0.358842743817079 1 1 1 0.396000000000001 0.372 0.365 0.360999999999999 60000 28 0.46 0 0.8 0.7
0.350443303779748 0.350443303779748 0.350443303779748 0.350443303779748 1 1 1 0.395999999999999 0.369 0.363 0.360000000000001 60000 28 0.46 1 0.8 0.7
0.356042930471302 0.356042930471302 0.356042930471302 0.356042930471302 1 1 1 0.404 0.378 0.369000000000002 0.366999999999999 60000 28 0.46 1 0.8 0.7
0.346710219318712 0.346710219318712 0.346710219318712 0.346710219318712 1 1 1 0.411999999999999 0.385999999999999 0.378 0.377000000000001 60000 28 0.46 1 0.8 0.7
0.358842743817079 0.358842743817079 0.358842743817079 0.358842743817079 1 1 1 0.401 0.375999999999999 0.368 0.366 60000 28 0.46 0 0.8 0.7
0.36724218385441 0.36724218385441 0.36724218385441 0.36724218385441 1 1 1 0.406000000000001 0.379999999999999 0.372 0.370000000000001 60000 28 0.46 0 0.8 0.7
0.64209052729818 0.64209052729818 0.64209052729818 0.64209052729818 1 1 1 0.391999999999999 0.368 0.359999999999999 0.355 60000 28 0.652469176240265 0 0.8 0.7
0.352776481567895 0.352776481567895 0.352776481567895 0.352776481567895 1 1 1 0.388999999999999 0.366 0.357000000000001 0.353999999999999 60000 28 0.46 0 0.8 0.7
0.351843210452637 0.351843210452637 0.351843210452637 0.351843210452637 1 1 1 0.4 0.374000000000001 0.366000000000001 0.366 60000 28 0.46 0 0.8 0.7
0.629024731684554 0.629024731684554 0.629024731684554 0.629024731684554 1 1 1 0.334 0.322000000000001 0.276 0.308999999999999 60000 28 0.509960022196174 1 0.8 0.7
0.61455902939804 0.61455902939804 0.61455902939804 0.61455902939804 1 1 1 0.398000000000001 0.372 0.365 0.359999999999999 60000 28 0.478182200249285 0 0.8 0.7
0.366542230517965 0.392440503966402 0.392440503966402 0.392440503966402 2 1 1 0.735999999999999 0.369 0.35 0.353 60000 28 0.46 0 0.8 0.7
0.37610825944937 0.37610825944937 0.37610825944937 0.37610825944937 1 1 1 0.398 0.372999999999999 0.365 0.362 60000 28 0.46 0 0.8 0.7
0.628091460569295 0.606159589360709 0.606159589360709 0.606159589360709 2 1 1 0.741999999999999 0.371 0.353 0.353999999999999 60000 28 0.416206306219101 1 0.8 0.7
0.589827344843677 0.566495566962202 0.566495566962202 0.566495566962202 2 1 1 0.719000000000001 0.35 0.335000000000001 0.339 60000 28 0.459829277265817 1 0.8 0.7
0.601493233784414 0.593560429304713 0.593560429304713 0.593560429304713 2 1 1 0.725999999999999 0.365 0.348000000000001 0.349 60000 28 0.646715481672436 1 0.8 0.7
0.609426038264116 0.610359309379375 0.610359309379375 0.610359309379375 2 1 1 0.76 0.380000000000001 0.362 0.365 60000 28 0.585573212616146 1 0.8 0.7
0.596593560429305 0.599626691553896 0.599626691553896 0.599626691553896 2 1 1 0.760000000000002 0.382 0.350999999999999 0.359999999999999 60000 28 0.675204841326922 0 0.8 0.7
0.59060507077306 0.529164722351843 0.529164722351843 0.529164722351843 3 1 1 0.758999999999999 0.243 0.239999999999998 0.232000000000001 60000 28 0.212782740965486 1 0.8 0.7
0.572406284025509 0.538964069062063 0.538964069062063 0.538964069062063 3 1 1 1.058 0.368 0.346 0.347 60000 28 0.280030308663845 0 0.8 0.7
0.589360709286048 0.569762015865609 0.569762015865609 0.569762015865609 3 1 1 1.001 0.340999999999999 0.322000000000001 0.326000000000001 60000 28 0.443681538011879 0 0.8 0.7
0.571317467724374 0.557629491367242 0.557629491367242 0.557629491367242 3 1 1 0.714 0.239000000000001 0.235999999999999 0.232999999999999 60000 28 0.484353203233332 1 0.8 0.7
0.568051018820968 0.512365842277182 0.512365842277182 0.512365842277182 3 1 1 0.811999999999999 0.270000000000001 0.25 0.254 60000 28 0.2 0 0.8 0.7
0.579561362575828 0.498366775548297 0.498366775548297 0.498366775548297 3 1 1 0.719000000000001 0.245999999999999 0.227 0.229000000000001 60000 28 0.2 1 0.8 0.7
0.568945403639757 0.507232851143257 0.507232851143257 0.507232851143257 4 1 1 1.117 0.257 0.245000000000001 0.255000000000001 60000 28 0.206212119571865 0 0.8 0.7
0.5870275314979 0.484367708819412 0.484367708819412 0.484367708819412 4 1 1 1.011 0.255000000000001 0.24 0.246 60000 28 0.2 0 0.8 0.7
0.5759449370042 0.461035930937937 0.461035930937937 0.461035930937937 4 1 1 0.970000000000001 0.241 0.232000000000001 0.231999999999999 60000 28 0.2 1 0.8 0.7
0.578861409239384 0.483901073261783 0.483901073261783 0.483901073261783 4 1 1 0.995999999999999 0.252000000000001 0.253 0.267999999999999 60000 28 0.2 0 0.8 0.7
0.558562762482501 0.469435370975268 0.469435370975268 0.469435370975268 4 1 1 0.957000000000001 0.247 0.229000000000001 0.231 60000 28 0.2 1 0.8 0.7
0.567708819412039 0.499300046663556 0.499300046663556 0.499300046663556 5 1 1 1.396 0.299000000000001 0.279999999999999 0.281000000000001 60000 28 0.284652658645064 0 0.8 0.7
0.563042463835744 0.451703219785348 0.451703219785348 0.451703219785348 5 1 1 1.284 0.262 0.247 0.247999999999999 60000 28 0.2 1 0.8 0.7
0.555949603359776 0.489034064395707 0.489034064395707 0.489034064395707 5 1 1 1.343 0.283000000000001 0.267999999999999 0.265000000000001 60000 28 0.319932749867439 0 0.8 0.7
0.550785503188676 0.459636024265049 0.459636024265049 0.459636024265049 6 1 1 1.552 0.268000000000001 0.254 0.261000000000001 60000 28 0.242687757965177 0 0.8 0.7
