0.198051948051948 0.198051948051948 0.226190476190476 0.25 11 11 3 0.236 0.21 0.0170000000000001 0.016 60000 2143 0.2 0 0.8 0.3
0.875 0.875 0.880952380952381 0.821428571428571 8 8 3 0.181 0.159 0.016 0.016 60000 2143 0.8 1 0.8 0.3
0.227040816326531 0.227040816326531 0.19047619047619 0.214285714285714 14 14 3 0.281 0.258 0.0170000000000001 0.018 60000 2143 0.2 0 0.8 0.3
0.744047619047619 0.744047619047619 0.666666666666667 0.678571428571429 18 18 3 0.347 0.307 0.016 0.0209999999999999 60000 2143 0.8 1 0.8 0.3
0.849206349206349 0.849206349206349 0.857142857142857 0.857142857142857 9 9 3 0.199 0.163 0.0169999999999999 0.0170000000000001 60000 2143 0.8 1 0.8 0.3
0.828571428571429 0.828571428571429 0.833333333333333 0.892857142857143 10 10 3 0.237 0.2 0.02 0.0230000000000001 60000 2143 0.8 1 0.8 0.3
0.185714285714286 0.185714285714286 0.226190476190476 0.25 10 10 3 0.214 0.181 0.018 0.0209999999999999 60000 2143 0.2 0 0.8 0.3
0.198051948051948 0.198051948051948 0.142857142857143 0.285714285714286 11 11 3 0.23 0.206 0.016 0.016 60000 2143 0.2 1 0.8 0.3
0.205357142857143 0.205357142857143 0.19047619047619 0.214285714285714 12 12 3 0.248 0.22 0.016 0.016 60000 2143 0.2 0 0.8 0.3
0.833333333333333 0.833333333333333 0.761904761904762 0.714285714285714 9 9 3 0.198 0.162 0.016 0.0169999999999999 60000 2143 0.8 1 0.8 0.3
0.808441558441558 0.808441558441558 0.785714285714286 0.821428571428571 11 11 3 0.259 0.233 0.018 0.018 60000 2143 0.8 1 0.8 0.3
0.199404761904762 0.199404761904762 0.202380952380952 0.25 12 12 3 0.276 0.251 0.018 0.0170000000000001 60000 2143 0.2 0 0.8 0.3
0.805194805194805 0.805194805194805 0.821428571428571 0.821428571428571 11 11 3 0.229 0.204 0.016 0.0169999999999999 60000 2143 0.8 1 0.8 0.3
0.194805194805195 0.194805194805195 0.202380952380952 0.178571428571429 11 11 3 0.254 0.229 0.018 0.018 60000 2143 0.2 0 0.8 0.3
0.194805194805195 0.194805194805195 0.238095238095238 0.321428571428571 11 11 3 0.237 0.21 0.0169999999999999 0.016 60000 2143 0.2 0 0.8 0.3
0.821428571428571 0.821428571428571 0.773809523809524 0.785714285714286 11 11 3 0.253 0.229 0.018 0.0190000000000001 60000 2143 0.8 1 0.8 0.3
0.782967032967033 0.782967032967033 0.773809523809524 0.785714285714286 13 13 3 0.296 0.263 0.018 0.018 60000 2143 0.8 0 0.8 0.3
0.229591836734694 0.229591836734694 0.214285714285714 0.178571428571429 14 14 3 0.289 0.266 0.02 0.02 60000 2143 0.2 1 0.8 0.3
0.782967032967033 0.782967032967033 0.726190476190476 0.785714285714286 13 13 3 0.261 0.234 0.016 0.016 60000 2143 0.8 0 0.8 0.3
0.206043956043956 0.206043956043956 0.226190476190476 0.214285714285714 13 13 3 0.29 0.266 0.018 0.018 60000 2143 0.2 0 0.8 0.3
0.194805194805195 0.194805194805195 0.202380952380952 0.25 11 11 3 0.261 0.236 0.0189999999999999 0.018 60000 2143 0.2 1 0.8 0.3
0.214285714285714 0.214285714285714 0.202380952380952 0.178571428571429 13 13 3 0.265 0.238 0.0169999999999999 0.016 60000 2143 0.2 0 0.8 0.3
0.770408163265306 0.770408163265306 0.726190476190476 0.75 14 14 3 0.271 0.246 0.016 0.016 60000 2143 0.8 1 0.8 0.3
0.154761904761905 0.154761904761905 0.202380952380952 0.178571428571429 9 9 3 0.234 0.195 0.022 0.022 60000 2143 0.2 0 0.8 0.3
0.824675324675325 0.824675324675325 0.857142857142857 0.857142857142857 11 11 3 0.266 0.235 0.0190000000000001 0.0189999999999999 60000 2143 0.8 0 0.8 0.3
0.825 0.825 0.821428571428571 0.857142857142857 10 10 3 0.25 0.221 0.022 0.0249999999999999 60000 2143 0.8 1 0.8 0.3
0.842857142857143 0.842857142857143 0.857142857142857 0.964285714285714 10 10 3 0.246 0.208 0.022 0.024 60000 2143 0.8 1 0.8 0.3
0.817857142857143 0.817857142857143 0.821428571428571 0.857142857142857 10 10 3 0.25 0.216 0.022 0.024 60000 2143 0.8 1 0.8 0.3
0.837301587301587 0.837301587301587 0.845238095238095 0.892857142857143 9 9 3 0.227 0.189 0.02 0.0209999999999999 60000 2143 0.8 1 0.8 0.3
0.162698412698413 0.162698412698413 0.166666666666667 0.214285714285714 9 9 3 0.234 0.194 0.0209999999999999 0.0209999999999999 60000 2143 0.2 1 0.8 0.3
0.811688311688312 0.811688311688312 0.845238095238095 0.857142857142857 11 11 3 0.272 0.242 0.02 0.0189999999999999 60000 2143 0.8 1 0.8 0.3
0.227040816326531 0.227040816326531 0.19047619047619 0.142857142857143 14 14 3 0.312 0.283 0.02 0.02 60000 2143 0.2 0 0.8 0.3
0.805194805194805 0.805194805194805 0.773809523809524 0.714285714285714 11 11 3 0.225 0.197 0.016 0.016 60000 2143 0.8 1 0.8 0.3
0.178571428571429 0.178571428571429 0.154761904761905 0.142857142857143 10 10 3 0.245 0.207 0.022 0.0250000000000001 60000 2143 0.2 0 0.8 0.3
0.814935064935065 0.814935064935065 0.773809523809524 0.75 11 11 3 0.263 0.234 0.0189999999999999 0.0190000000000001 60000 2143 0.8 1 0.8 0.3
0.825 0.825 0.845238095238095 0.821428571428571 10 10 3 0.248 0.21 0.0209999999999999 0.024 60000 2143 0.8 1 0.8 0.3
0.78021978021978 0.78021978021978 0.773809523809524 0.785714285714286 13 13 3 0.294 0.259 0.018 0.018 60000 2143 0.8 1 0.8 0.3
0.825 0.825 0.785714285714286 0.75 10 10 3 0.244 0.208 0.02 0.0230000000000001 60000 2143 0.8 1 0.8 0.3
0.226190476190476 0.226190476190476 0.178571428571429 0.285714285714286 15 15 3 0.33 0.291 0.0229999999999999 0.018 60000 2143 0.2 0 0.8 0.3
0.800595238095238 0.800595238095238 0.869047619047619 0.892857142857143 12 12 3 0.246 0.217 0.016 0.016 60000 2143 0.8 1 0.8 0.3
0.821428571428571 0.821428571428571 0.761904761904762 0.821428571428571 10 10 3 0.241 0.207 0.02 0.0229999999999999 60000 2143 0.8 1 0.8 0.3
0.811688311688312 0.811688311688312 0.785714285714286 0.714285714285714 11 11 3 0.262 0.236 0.0189999999999999 0.018 60000 2143 0.8 1 0.8 0.3
0.198051948051948 0.198051948051948 0.214285714285714 0 11 11 3 0.266 0.239 0.0189999999999999 0.0190000000000001 60000 2143 0.2 0 0.8 0.3
0.791666666666667 0.791666666666667 0.75 0.785714285714286 12 12 3 0.249 0.225 0.0150000000000001 0.0150000000000001 60000 2143 0.8 1 0.8 0.3
0.211309523809524 0.211309523809524 0.178571428571429 0.142857142857143 12 12 3 0.29 0.262 0.0189999999999999 0.0190000000000001 60000 2143 0.2 0 0.8 0.3
0.185714285714286 0.185714285714286 0.19047619047619 0.142857142857143 10 10 3 0.25 0.214 0.022 0.0249999999999999 60000 2143 0.2 0 0.8 0.3
0.808441558441558 0.808441558441558 0.833333333333333 0.821428571428571 11 11 3 0.263 0.236 0.0190000000000001 0.0189999999999999 60000 2143 0.8 1 0.8 0.3
0.214285714285714 0.214285714285714 0.202380952380952 0.214285714285714 13 13 3 0.276 0.237 0.016 0.016 60000 2143 0.2 0 0.8 0.3
0.801948051948052 0.801948051948052 0.797619047619048 0.785714285714286 11 11 3 0.255 0.23 0.018 0.018 60000 2143 0.8 1 0.8 0.3
0.788690476190476 0.788690476190476 0.785714285714286 0.821428571428571 12 12 3 0.286 0.256 0.018 0.0189999999999999 60000 2143 0.8 1 0.8 0.3
0.817857142857143 0.817857142857143 0.80952380952381 0.75 10 10 3 0.24 0.204 0.0209999999999999 0.024 60000 2143 0.8 1 0.8 0.3
0.178571428571429 0.178571428571429 0.19047619047619 0.25 10 10 3 0.263 0.223 0.022 0.026 60000 2143 0.2 0 0.8 0.3
0.797619047619048 0.797619047619048 0.80952380952381 0.821428571428571 12 12 3 0.283 0.255 0.0189999999999999 0.018 60000 2143 0.8 1 0.8 0.3
0.181818181818182 0.181818181818182 0.214285714285714 0.214285714285714 11 11 3 0.273 0.25 0.0199999999999998 0.02 60000 2143 0.2 0 0.8 0.3
0.188311688311688 0.188311688311688 0.226190476190476 0.357142857142857 11 11 3 0.264 0.238 0.0190000000000001 0.0189999999999999 60000 2143 0.2 0 0.8 0.3
0.182142857142857 0.182142857142857 0.19047619047619 0.214285714285714 10 10 3 0.252 0.215 0.022 0.0249999999999999 60000 2143 0.2 1 0.8 0.3
0.805194805194805 0.805194805194805 0.761904761904762 0.75 11 11 3 0.258 0.227 0.0189999999999999 0.018 60000 2143 0.8 0 0.8 0.3
0.198051948051948 0.198051948051948 0.202380952380952 0.285714285714286 11 11 3 0.278 0.244 0.0189999999999999 0.0190000000000001 60000 2143 0.2 1 0.8 0.3
0.805194805194805 0.805194805194805 0.785714285714286 0.857142857142857 11 11 3 0.272 0.238 0.018 0.018 60000 2143 0.8 1 0.8 0.3
0.801948051948052 0.801948051948052 0.845238095238095 0.857142857142857 11 11 3 0.259 0.232 0.0189999999999999 0.0190000000000001 60000 2143 0.8 1 0.8 0.3
0.205357142857143 0.205357142857143 0.273809523809524 0.25 12 12 3 0.259 0.246 0.018 0.018 60000 2143 0.2 0 0.8 0.3
0.208333333333333 0.208333333333333 0.19047619047619 0.178571428571429 12 12 3 0.28 0.258 0.0189999999999999 0.018 60000 2143 0.2 0 0.8 0.3
0.198051948051948 0.198051948051948 0.238095238095238 0.178571428571429 11 11 3 0.269 0.231 0.0189999999999999 0.018 60000 2143 0.2 0 0.8 0.3
0.791666666666667 0.791666666666667 0.797619047619048 0.785714285714286 12 12 3 0.283 0.253 0.0190000000000001 0.0189999999999999 60000 2143 0.8 0 0.8 0.3
0.219387755102041 0.219387755102041 0.273809523809524 0.285714285714286 14 14 3 0.336 0.314 0.022 0.022 60000 2143 0.2 0 0.8 0.3
0.211309523809524 0.211309523809524 0.19047619047619 0.107142857142857 12 12 3 0.287 0.258 0.0189999999999999 0.018 60000 2143 0.2 0 0.8 0.3
0.759523809523809 0.759523809523809 0.761904761904762 0.785714285714286 15 15 3 0.293 0.26 0.0209999999999999 0.016 60000 2143 0.8 1 0.8 0.3
0.808441558441558 0.808441558441558 0.80952380952381 0.892857142857143 11 11 3 0.267 0.246 0.02 0.0190000000000001 60000 2143 0.8 1 0.8 0.3
0.778061224489796 0.778061224489796 0.857142857142857 0.892857142857143 14 14 3 0.305 0.286 0.02 0.02 60000 2143 0.8 1 0.8 0.3
0.801948051948052 0.801948051948052 0.785714285714286 0.785714285714286 11 11 3 0.26 0.234 0.0189999999999999 0.0190000000000001 60000 2143 0.8 1 0.8 0.3
0.791666666666667 0.791666666666667 0.869047619047619 0.892857142857143 12 12 3 0.27 0.245 0.0169999999999999 0.018 60000 2143 0.8 0 0.8 0.3
0.767857142857143 0.767857142857143 0.761904761904762 0.714285714285714 14 14 3 0.313 0.29 0.02 0.02 60000 2143 0.8 1 0.8 0.3
0.782967032967033 0.782967032967033 0.797619047619048 0.964285714285714 13 13 3 0.294 0.267 0.0189999999999999 0.018 60000 2143 0.8 1 0.8 0.3
0.242857142857143 0.242857142857143 0.285714285714286 0.392857142857143 15 15 3 0.337 0.306 0.024 0.0189999999999999 60000 2143 0.2 0 0.8 0.3
0.778061224489796 0.778061224489796 0.714285714285714 0.785714285714286 14 14 3 0.314 0.293 0.02 0.02 60000 2143 0.8 0 0.8 0.3
0.734126984126984 0.734126984126984 0.797619047619048 0.785714285714286 18 18 3 0.392 0.334 0.0169999999999999 0.0210000000000001 60000 2143 0.8 1 0.8 0.3
0.229591836734694 0.229591836734694 0.178571428571429 0.107142857142857 14 14 3 0.328 0.305 0.022 0.022 60000 2143 0.2 0 0.8 0.3
0.205357142857143 0.205357142857143 0.178571428571429 0.178571428571429 12 12 3 0.284 0.254 0.02 0.0189999999999999 60000 2143 0.2 0 0.8 0.3
0.275 0.275 0.285714285714286 0.357142857142857 20 20 3 0.39 0.35 0.016 0.016 60000 2143 0.231751280622557 0 0.8 0.3
0.778061224489796 0.778061224489796 0.75 0.785714285714286 14 14 3 0.31 0.289 0.0210000000000001 0.02 60000 2143 0.8 0 0.8 0.3
0.214285714285714 0.214285714285714 0.238095238095238 0.142857142857143 13 13 3 0.31 0.287 0.02 0.02 60000 2143 0.2 0 0.8 0.3
0.785714285714286 0.785714285714286 0.761904761904762 0.785714285714286 13 13 3 0.307 0.279 0.0189999999999999 0.02 60000 2143 0.8 1 0.8 0.3
0.214285714285714 0.214285714285714 0.226190476190476 0.142857142857143 13 13 3 0.317 0.286 0.02 0.02 60000 2143 0.2 0 0.8 0.3
0.272556390977444 0.272556390977444 0.285714285714286 0.285714285714286 19 19 3 0.371 0.335 0.0169999999999999 0.016 60000 2143 0.2 0 0.8 0.3
0.245535714285714 0.245535714285714 0.238095238095238 0.178571428571429 16 16 3 0.351 0.316 0.018 0.018 60000 2143 0.2 0 0.8 0.3
0.224489795918367 0.224489795918367 0.25 0.142857142857143 14 14 3 0.326 0.296 0.0210000000000001 0.0209999999999999 60000 2143 0.2 0 0.8 0.3
0.247767857142857 0.247767857142857 0.142857142857143 0.214285714285714 16 16 3 0.363 0.334 0.0190000000000001 0.018 60000 2143 0.2 0 0.8 0.3
0.198051948051948 0.198051948051948 0.214285714285714 0.214285714285714 11 11 3 0.267 0.235 0.0189999999999999 0.0190000000000001 60000 2143 0.2 0 0.8 0.3
0.263888888888889 0.263888888888889 0.19047619047619 0.214285714285714 18 18 3 0.377 0.332 0.018 0.022 60000 2143 0.2 0 0.8 0.3
0.256302521008403 0.256302521008403 0.166666666666667 0.142857142857143 17 17 3 0.386 0.337 0.0189999999999999 0.0190000000000001 60000 2143 0.235124502116814 0 0.8 0.3
0.233333333333333 0.233333333333333 0.166666666666667 0.178571428571429 15 15 3 0.357 0.326 0.0259999999999998 0.0190000000000001 60000 2143 0.2 0 0.8 0.3
0.222527472527473 0.222527472527473 0.238095238095238 0.25 13 13 3 0.327 0.295 0.0209999999999999 0.0199999999999998 60000 2143 0.2 0 0.8 0.3
0.256302521008403 0.256302521008403 0.19047619047619 0.285714285714286 17 17 3 0.409 0.351 0.0189999999999999 0.0189999999999999 60000 2143 0.2 0 0.8 0.3
0.247767857142857 0.247767857142857 0.226190476190476 0.25 16 16 3 0.385 0.351 0.0190000000000001 0.0189999999999999 60000 2143 0.2 0 0.8 0.3
0.324675324675325 0.324675324675325 0.202380952380952 0.214285714285714 33 33 3 0.671 0.646 0.0179999999999998 0.0190000000000001 60000 2143 0.2 0 0.8 0.3
0.261278195488722 0.261278195488722 0.19047619047619 0.214285714285714 19 19 3 0.42 0.376 0.0190000000000001 0.0189999999999999 60000 2143 0.2 0 0.8 0.3
0.25 0.25 0.261904761904762 0.178571428571429 17 17 3 0.386 0.336 0.0190000000000001 0.0189999999999999 60000 2143 0.2 1 0.8 0.3
0.723214285714286 0.723214285714286 0.75 0.821428571428571 20 20 3 0.422 0.373 0.0169999999999999 0.0169999999999999 60000 2143 0.8 1 0.8 0.3
0.733082706766917 0.733082706766917 0.738095238095238 0.821428571428571 19 19 3 0.403 0.356 0.018 0.018 60000 2143 0.8 1 0.8 0.3
0.258403361344538 0.258403361344538 0.202380952380952 0.285714285714286 17 17 3 0.383 0.334 0.018 0.0189999999999999 60000 2143 0.2 0 0.8 0.3
0.738095238095238 0.738095238095238 0.761904761904762 0.714285714285714 18 18 3 0.394 0.347 0.018 0.0229999999999999 60000 2143 0.8 1 0.8 0.3
0.25 0.25 0.25 0.25 16 16 3 0.358 0.321 0.0170000000000001 0.0169999999999999 60000 2143 0.2 0 0.8 0.3
0.727443609022556 0.727443609022556 0.785714285714286 0.892857142857143 19 19 3 0.401 0.36 0.018 0.0170000000000001 60000 2143 0.8 1 0.8 0.3
0.27891156462585 0.27891156462585 0.238095238095238 0.25 21 21 3 0.463 0.412 0.0190000000000001 0.0189999999999999 60000 2143 0.209707104479894 0 0.8 0.3
0.321428571428571 0.321428571428571 0.380952380952381 0.392857142857143 31 31 3 0.574 0.538 0.02 0.0220000000000002 60000 2143 0.46 0 0.8 0.3
0.270676691729323 0.270676691729323 0.226190476190476 0.178571428571429 19 19 3 0.413 0.372 0.018 0.018 60000 2143 0.2 0 0.8 0.3
0.702380952380952 0.702380952380952 0.75 0.821428571428571 24 24 3 0.465 0.421 0.0169999999999999 0.016 60000 2143 0.8 1 0.8 0.3
0.314285714285714 0.314285714285714 0.392857142857143 0.428571428571429 30 30 3 0.555 0.521 0.0169999999999999 0.0169999999999999 60000 2143 0.343561163889244 0 0.8 0.3
0.285714285714286 0.285714285714286 0.238095238095238 0.214285714285714 22 22 3 0.461 0.422 0.018 0.018 60000 2143 0.2 0 0.8 0.3
0.272556390977444 0.272556390977444 0.333333333333333 0.5 19 19 3 0.422 0.374 0.018 0.018 60000 2143 0.234364473046735 1 0.8 0.3
0.346938775510204 0.359307359307359 0.357142857142857 0.357142857142857 42 33 3 0.733 0.571 0.016 0.0169999999999999 60000 2143 0.439558303654194 1 0.8 0.3
0.285714285714286 0.285714285714286 0.261904761904762 0.321428571428571 22 22 3 0.475 0.433 0.0189999999999999 0.0190000000000001 60000 2143 0.247308434005827 0 0.8 0.3
0.782967032967033 0.782967032967033 0.80952380952381 0.892857142857143 13 13 3 0.267 0.241 0.016 0.016 60000 2143 0.8 0 0.8 0.3
0.791666666666667 0.791666666666667 0.797619047619048 0.785714285714286 12 12 3 0.251 0.229 0.016 0.0169999999999999 60000 2143 0.8 1 0.8 0.3
0.668367346938776 0.667748917748918 0.69047619047619 0.714285714285714 35 33 3 0.601 0.535 0.0150000000000001 0.028 60000 2143 0.782959185447544 0 0.8 0.3
0.6875 0.6875 0.678571428571429 0.821428571428571 28 28 3 0.586 0.523 0.0169999999999999 0.0180000000000002 60000 2143 0.8 1 0.8 0.3
0.772959183673469 0.772959183673469 0.797619047619048 0.75 14 14 3 0.284 0.264 0.0189999999999999 0.018 60000 2143 0.8 0 0.8 0.3
0.324776785714286 0.324776785714286 0.321428571428571 0.214285714285714 32 32 3 0.563 0.534 0.016 0.016 60000 2143 0.46 0 0.8 0.3
0.68452380952381 0.68452380952381 0.738095238095238 0.821428571428571 30 30 3 0.594 0.563 0.02 0.02 60000 2143 0.755087485443801 0 0.8 0.3
0.297619047619048 0.297619047619048 0.321428571428571 0.321428571428571 24 24 3 0.512 0.471 0.0190000000000001 0.0189999999999999 60000 2143 0.251952112950385 0 0.8 0.3
0.670408163265306 0.668831168831169 0.702380952380952 0.714285714285714 35 33 3 0.656 0.59 0.0190000000000001 0.0249999999999999 60000 2143 0.687001647800207 0 0.8 0.3
0.317857142857143 0.317857142857143 0.357142857142857 0.357142857142857 30 30 3 0.615 0.575 0.0210000000000004 0.02 60000 2143 0.45323706774041 0 0.8 0.3
0.341071428571429 0.344155844155844 0.392857142857143 0.285714285714286 40 33 3 0.708 0.584 0.016 0.016 60000 2143 0.46 1 0.8 0.3
0.312807881773399 0.312807881773399 0.321428571428571 0.392857142857143 29 29 3 0.581 0.543 0.0180000000000002 0.0219999999999998 60000 2143 0.387290947716683 0 0.8 0.3
0.326839826839827 0.326839826839827 0.297619047619048 0.285714285714286 33 33 3 0.598 0.565 0.0190000000000001 0.0179999999999998 60000 2143 0.327964469622821 0 0.8 0.3
0.340178571428571 0.348484848484849 0.392857142857143 0.321428571428571 40 33 3 0.735 0.604 0.016 0.016 60000 2143 0.46 0 0.8 0.3
0.316666666666667 0.316666666666667 0.345238095238095 0.357142857142857 30 30 3 0.623 0.563 0.0179999999999998 0.0190000000000001 60000 2143 0.46 1 0.8 0.3
0.334942084942085 0.341991341991342 0.380952380952381 0.535714285714286 37 33 3 0.696 0.614 0.0169999999999999 0.0169999999999999 60000 2143 0.46 0 0.8 0.3
0.313095238095238 0.313095238095238 0.404761904761905 0.357142857142857 30 30 3 0.611 0.577 0.0209999999999999 0.0210000000000004 60000 2143 0.46 0 0.8 0.3
0.340178571428571 0.347402597402597 0.404761904761905 0.321428571428571 40 33 3 0.762 0.639 0.0169999999999999 0.0169999999999999 60000 2143 0.46 0 0.8 0.3
0.322510822510823 0.322510822510823 0.369047619047619 0.357142857142857 33 33 3 0.653 0.618 0.0189999999999997 0.02 60000 2143 0.46 0 0.8 0.3
0.323660714285714 0.323660714285714 0.380952380952381 0.464285714285714 32 32 3 0.658 0.583 0.0169999999999999 0.0170000000000003 60000 2143 0.419141960861161 0 0.8 0.3
0.347402597402597 0.373376623376623 0.380952380952381 0.392857142857143 44 33 3 0.802 0.599 0.0210000000000004 0.016 60000 2143 0.46 0 0.8 0.3
0.3203125 0.3203125 0.452380952380952 0.428571428571429 32 32 3 0.638 0.583 0.0179999999999998 0.0169999999999999 60000 2143 0.46 0 0.8 0.3
0.328781512605042 0.327922077922078 0.392857142857143 0.392857142857143 34 33 3 0.675 0.623 0.0179999999999998 0.0179999999999998 60000 2143 0.46 1 0.8 0.3
0.330612244897959 0.334415584415584 0.392857142857143 0.321428571428571 35 33 3 0.685 0.629 0.0179999999999998 0.0220000000000002 60000 2143 0.46 0 0.8 0.3
0.328781512605042 0.33008658008658 0.44047619047619 0.428571428571429 34 33 3 0.703 0.652 0.0179999999999998 0.0180000000000002 60000 2143 0.438509792853147 0 0.8 0.3
0.334942084942085 0.332251082251082 0.428571428571429 0.285714285714286 37 33 3 0.726 0.635 0.0180000000000002 0.0179999999999998 60000 2143 0.46 1 0.8 0.3
0.354863221884498 0.387445887445887 0.380952380952381 0.392857142857143 47 33 3 0.834 0.593 0.0169999999999999 0.016 60000 2143 0.46 1 0.8 0.3
0.3203125 0.3203125 0.392857142857143 0.5 32 32 3 0.649 0.629 0.02 0.0179999999999998 60000 2143 0.457655449369922 1 0.8 0.3
0.665057915057915 0.663419913419913 0.785714285714286 0.821428571428571 37 33 3 0.7 0.611 0.0179999999999998 0.0170000000000003 60000 2143 0.8 1 0.8 0.3
0.353343465045593 0.361471861471861 0.476190476190476 0.464285714285714 47 33 3 0.867 0.619 0.0179999999999998 0.0170000000000003 60000 2143 0.46 0 0.8 0.3
0.359285714285714 0.375541125541126 0.369047619047619 0.428571428571429 50 33 3 0.929 0.612 0.0180000000000002 0.0169999999999999 60000 2143 0.46 1 0.8 0.3
0.339721254355401 0.359307359307359 0.488095238095238 0.5 41 33 3 0.817 0.654 0.0180000000000002 0.0189999999999997 60000 2143 0.46 0 0.8 0.3
0.349025974025974 0.356060606060606 0.357142857142857 0.464285714285714 44 33 3 0.83 0.618 0.0219999999999998 0.0169999999999999 60000 2143 0.46 0 0.8 0.3
0.342857142857143 0.344155844155844 0.428571428571429 0.607142857142857 40 33 3 0.807 0.662 0.0180000000000002 0.0179999999999998 60000 2143 0.370171074075624 1 0.8 0.3
0.333976833976834 0.333333333333333 0.345238095238095 0.321428571428571 37 33 3 0.724 0.634 0.0179999999999998 0.0180000000000002 60000 2143 0.46 1 0.8 0.3
0.344947735191638 0.359307359307359 0.321428571428571 0.285714285714286 41 33 3 0.795 0.626 0.0169999999999999 0.0179999999999998 60000 2143 0.46 0 0.8 0.3
0.348214285714286 0.362554112554113 0.488095238095238 0.535714285714286 44 33 3 0.84 0.623 0.0219999999999998 0.0169999999999999 60000 2143 0.46 0 0.8 0.3
0.350793650793651 0.363636363636364 0.452380952380952 0.464285714285714 45 33 3 0.848 0.626 0.0169999999999999 0.016 60000 2143 0.46 0 0.8 0.3
0.351934523809524 0.380952380952381 0.452380952380952 0.5 48 33 3 0.885 0.616 0.0179999999999998 0.016 60000 2143 0.46 0 0.8 0.3
0.366071428571429 0.388528138528139 0.488095238095238 0.642857142857143 56 33 3 1.013 0.607 0.016 0.016 60000 2143 0.46 0 0.8 0.3
0.352678571428571 0.37012987012987 0.476190476190476 0.535714285714286 48 33 3 0.883 0.612 0.0169999999999999 0.016 60000 2143 0.46 0 0.8 0.3
0.370608899297424 0.390692640692641 0.392857142857143 0.464285714285714 61 33 3 1.054 0.588 0.016 0.0169999999999999 60000 2143 0.46 0 0.8 0.3
0.638140161725067 0.622294372294372 0.630952380952381 0.678571428571429 53 33 3 0.974 0.604 0.0169999999999999 0.0170000000000003 60000 2143 0.735945154819638 1 0.8 0.3
0.357857142857143 0.375541125541126 0.452380952380952 0.464285714285714 50 33 3 0.95 0.616 0.0170000000000003 0.0169999999999999 60000 2143 0.46 0 0.8 0.3
0.364935064935065 0.401515151515151 0.511904761904762 0.678571428571429 55 33 3 0.983 0.604 0.016 0.0169999999999999 60000 2143 0.46 0 0.8 0.3
0.362533692722372 0.377705627705628 0.535714285714286 0.5 53 33 3 0.947 0.601 0.0169999999999999 0.0169999999999999 60000 2143 0.46 0 0.8 0.3
0.364935064935065 0.385281385281385 0.369047619047619 0.428571428571429 55 33 3 0.985 0.606 0.0169999999999999 0.016 60000 2143 0.46 1 0.8 0.3
0.360576923076923 0.386363636363636 0.452380952380952 0.285714285714286 52 33 3 1.01 0.607 0.0219999999999998 0.0180000000000002 60000 2143 0.46 0 0.8 0.3
0.367610837438424 0.37012987012987 0.369047619047619 0.392857142857143 58 33 3 1.113 0.582 0.0170000000000003 0.0169999999999999 60000 2143 0.46 1 0.8 0.3
0.380434782608696 0.406926406926407 0.416666666666667 0.428571428571429 69 33 3 1.225 0.591 0.0169999999999999 0.016 60000 2143 0.46 0 0.8 0.3
0.387362637362637 0.408008658008658 0.464285714285714 0.5 78 33 3 1.323 0.554 0.016 0.016 60000 2143 0.46 0 0.8 0.3
0.368421052631579 0.391774891774892 0.380952380952381 0.357142857142857 57 33 3 1.069 0.626 0.0169999999999999 0.0169999999999999 60000 2143 0.46 0 0.8 0.3
0.370238095238095 0.406926406926407 0.535714285714286 0.535714285714286 60 33 3 1.085 0.61 0.0219999999999998 0.0169999999999999 60000 2143 0.46 1 0.8 0.3
0.372950819672131 0.392857142857143 0.5 0.428571428571429 61 33 3 1.192 0.603 0.0169999999999999 0.0169999999999999 60000 2143 0.46 0 0.8 0.3
0.613721804511278 0.597402597402597 0.583333333333333 0.535714285714286 76 33 3 1.3 0.555 0.0209999999999999 0.016 60000 2143 0.639806848857552 1 0.8 0.3
0.379201680672269 0.417748917748918 0.44047619047619 0.5 68 33 3 1.232 0.577 0.0209999999999999 0.016 60000 2143 0.46 0 0.8 0.3
0.383561643835616 0.439393939393939 0.452380952380952 0.392857142857143 73 33 3 1.327 0.584 0.0169999999999999 0.0170000000000003 60000 2143 0.46 1 0.8 0.3
0.382440476190476 0.443722943722944 0.55952380952381 0.678571428571429 72 33 3 1.295 0.58 0.016 0.016 60000 2143 0.46 1 0.8 0.3
0.37888198757764 0.398268398268398 0.452380952380952 0.428571428571429 69 33 3 1.292 0.594 0.0169999999999999 0.016 60000 2143 0.46 1 0.8 0.3
0.378676470588235 0.422077922077922 0.488095238095238 0.428571428571429 68 33 3 1.211 0.588 0.02 0.016 60000 2143 0.46 0 0.8 0.3
0.380102040816327 0.42965367965368 0.476190476190476 0.571428571428571 70 33 3 1.313 0.602 0.0180000000000002 0.0169999999999999 60000 2143 0.46 0 0.8 0.3
0.608823529411765 0.61038961038961 0.523809523809524 0.428571428571429 85 33 3 1.446 0.553 0.016 0.016 60000 2143 0.652469176240265 0 0.8 0.3
0.387566137566138 0.436147186147186 0.488095238095238 0.535714285714286 81 33 3 1.459 0.576 0.016 0.0169999999999999 60000 2143 0.46 0 0.8 0.3
0.385808270676692 0.424242424242424 0.416666666666667 0.321428571428571 76 33 3 1.41 0.591 0.0209999999999999 0.0169999999999999 60000 2143 0.46 0 0.8 0.3
0.60131195335277 0.569264069264069 0.535714285714286 0.571428571428571 98 33 3 1.612 0.565 0.0150000000000001 0.016 60000 2143 0.478182200249285 0 0.8 0.3
0.599439775910364 0.561688311688312 0.547619047619048 0.571428571428571 102 33 3 1.715 0.584 0.0169999999999999 0.016 60000 2143 0.509960022196174 1 0.8 0.3
0.395996860282575 0.46969696969697 0.452380952380952 0.464285714285714 91 33 3 1.574 0.559 0.0529999999999999 0.0170000000000003 60000 2143 0.46 0 0.8 0.3
0.39812030075188 0.476190476190476 0.571428571428571 0.607142857142857 95 33 3 1.751 0.637 0.0169999999999999 0.0170000000000003 60000 2143 0.46 0 0.8 0.3
0.594706632653061 0.562770562770563 0.547619047619048 0.464285714285714 112 33 3 1.938 0.593 0.016 0.0149999999999997 60000 2143 0.416206306219101 1 0.8 0.3
0.584627329192547 0.519480519480519 0.392857142857143 0.5 138 33 3 2.345 0.548 0.0150000000000001 0.0150000000000001 60000 2143 0.459829277265817 1 0.8 0.3
0.592364532019704 0.603896103896104 0.654761904761905 0.678571428571429 116 33 3 1.977 0.588 0.016 0.0189999999999997 60000 2143 0.646715481672436 1 0.8 0.3
0.603302611367127 0.595238095238095 0.666666666666667 0.678571428571429 93 33 3 1.62 0.607 0.0169999999999999 0.016 60000 2143 0.585573212616146 1 0.8 0.3
0.5863539445629 0.608225108225108 0.571428571428571 0.464285714285714 134 33 3 2.364 0.572 0.016 0.0169999999999999 60000 2143 0.675204841326922 0 0.8 0.3
0.564990803188228 0.492424242424242 0.392857142857143 0.392857142857143 233 33 3 3.524 0.5 0.0140000000000002 0.0140000000000002 60000 2143 0.280030308663845 0 0.8 0.3
0.572772657450077 0.463203463203463 0.345238095238095 0.321428571428571 186 33 3 2.928 0.526 0.0149999999999997 0.0180000000000007 60000 2143 0.212782740965486 1 0.8 0.3
0.578527062999113 0.528138528138528 0.5 0.535714285714286 161 33 3 2.659 0.528 0.0150000000000006 0.0209999999999999 60000 2143 0.443681538011879 0 0.8 0.3
0.562891291974957 0.542207792207792 0.55952380952381 0.607142857142857 251 33 3 3.45 0.449 0.0129999999999999 0.0129999999999999 60000 2143 0.484353203233332 1 0.8 0.3
0.564434523809524 0.418831168831169 0.392857142857143 0.285714285714286 240 33 3 3.473 0.476 0.0140000000000002 0.0140000000000002 60000 2143 0.2 0 0.8 0.3
0.564741641337386 0.378787878787879 0.214285714285714 0.285714285714286 235 33 3 3.566 0.489999999999999 0.0140000000000002 0.0139999999999993 60000 2143 0.2 1 0.8 0.3
0.5586112493778 0.423160173160173 0.238095238095238 0.142857142857143 287 33 3 4.426 0.497999999999999 0.0170000000000003 0.0149999999999997 60000 2143 0.206212119571865 0 0.8 0.3
0.560211449200619 0.391774891774892 0.297619047619048 0.285714285714286 277 33 3 3.976 0.474 0.0140000000000002 0.0139999999999993 60000 2143 0.2 0 0.8 0.3
0.55809686888454 0.371212121212121 0.238095238095238 0.214285714285714 292 33 3 4.177 0.467 0.0140000000000002 0.0129999999999999 60000 2143 0.2 1 0.8 0.3
0.559395801331285 0.375541125541126 0.273809523809524 0.178571428571429 279 33 3 4.169 0.512 0.016 0.0129999999999999 60000 2143 0.2 0 0.8 0.3
0.555174701459531 0.385281385281385 0.238095238095238 0.25 323 33 3 4.588 0.496 0.016 0.0150000000000006 60000 2143 0.2 1 0.8 0.3
0.55316091954023 0.444805194805195 0.297619047619048 0.25 348 33 3 5.123 0.488 0.016 0.0149999999999997 60000 2143 0.284652658645064 0 0.8 0.3
0.553066989507668 0.363636363636364 0.30952380952381 0.25 354 33 3 5.026 0.463 0.0139999999999993 0.0150000000000006 60000 2143 0.2 1 0.8 0.3
0.549282212885154 0.461038961038961 0.392857142857143 0.5 408 33 3 5.811 0.476 0.0140000000000002 0.0129999999999999 60000 2143 0.319932749867439 0 0.8 0.3
0.545896975142258 0.361471861471861 0.202380952380952 0.142857142857143 477 33 3 7.062 0.49 0.0149999999999988 0.0140000000000011 60000 2143 0.242687757965177 0 0.8 0.3
