0.562583333333333 0.5125 0.5125 0.5125 2 1 1 1.999 1.025 1.057 0.965999999999994 60000 10 0.2 0 0.8 0.8
0.792833333333333 0.792833333333333 0.792833333333333 0.792833333333333 1 1 1 0.988 0.983000000000004 0.981000000000002 1.02699999999999 60000 10 0.8 1 0.8 0.8
0.3875 0.3875 0.3875 0.3875 1 1 1 1.005 0.998999999999995 0.998999999999995 1.05500000000001 60000 10 0.2 0 0.8 0.8
0.7945 0.7945 0.7945 0.7945 1 1 1 0.994999999999997 0.988999999999997 0.993000000000002 1.045 60000 10 0.8 1 0.8 0.8
0.712833333333333 0.712833333333333 0.712833333333333 0.712833333333333 1 1 1 1.03 1.025 1.011 1.055 60000 10 0.8 1 0.8 0.8
0.375833333333333 0.375833333333333 0.375833333333333 0.375833333333333 1 1 1 0.999000000000002 0.995000000000005 0.995999999999995 1.048 60000 10 0.2 0 0.8 0.8
0.766 0.766 0.766 0.766 1 1 1 1.014 1.01 1.01300000000001 1.068 60000 10 0.8 1 0.8 0.8
0.805 0.805 0.805 0.805 1 1 1 1.001 0.994 0.993000000000002 1.049 60000 10 0.8 1 0.8 0.8
0.424666666666667 0.424666666666667 0.424666666666667 0.424666666666667 1 1 1 1.008 1.004 1.004 1.06 60000 10 0.2 0 0.8 0.8
0.722333333333333 0.722333333333333 0.722333333333333 0.722333333333333 1 1 1 1.058 1.053 1.053 1.096 60000 10 0.8 1 0.8 0.8
0.362833333333333 0.362833333333333 0.362833333333333 0.362833333333333 1 1 1 1.03 1.024 1.028 1.06100000000001 60000 10 0.2 0 0.8 0.8
0.787666666666667 0.787666666666667 0.787666666666667 0.787666666666667 1 1 1 1.039 1.034 1.033 1.08900000000001 60000 10 0.8 1 0.8 0.8
0.391 0.391 0.391 0.391 1 1 1 1.026 1.021 1.01 1.057 60000 10 0.2 1 0.8 0.8
0.402166666666667 0.402166666666667 0.402166666666667 0.402166666666667 1 1 1 1.01 1.004 1.005 1.056 60000 10 0.2 0 0.8 0.8
0.7845 0.7845 0.7845 0.7845 1 1 1 1.037 1.032 1.031 1.089 60000 10 0.8 0 0.8 0.8
0.680333333333333 0.680333333333333 0.680333333333333 0.680333333333333 1 1 1 1.057 1.051 1.052 1.106 60000 10 0.8 1 0.8 0.8
0.570416666666667 0.5275 0.5275 0.5275 2 1 1 1.986 1.013 1.047 0.956000000000003 60000 10 0.2 1 0.8 0.8
0.733666666666667 0.733666666666667 0.733666666666667 0.733666666666667 1 1 1 1.04499999999999 1.038 1.038 1.097 60000 10 0.8 0 0.8 0.8
0.553166666666667 0.508 0.508 0.508 2 1 1 1.987 1.012 1.047 0.954999999999998 60000 10 0.2 0 0.8 0.8
0.735166666666667 0.735166666666667 0.735166666666667 0.735166666666667 1 1 1 1.002 0.994 1.005 1.043 60000 10 0.8 1 0.8 0.8
0.553388888888889 0.48 0.48 0.48 3 1 1 2.986 1.066 0.951999999999998 0.965000000000003 60000 10 0.2 0 0.8 0.8
0.425166666666667 0.425166666666667 0.425166666666667 0.425166666666667 1 1 1 1.009 1.00700000000001 1.01 1.064 60000 10 0.2 0 0.8 0.8
0.755 0.755 0.755 0.755 1 1 1 1.011 1.00599999999999 1.006 1.063 60000 10 0.8 0 0.8 0.8
0.7815 0.7815 0.7815 0.7815 1 1 1 1.018 1.015 1.017 1.076 60000 10 0.8 1 0.8 0.8
0.7795 0.7795 0.7795 0.7795 1 1 1 1.042 1.03899999999999 1.043 1.104 60000 10 0.8 1 0.8 0.8
0.776333333333333 0.776333333333333 0.776333333333333 0.776333333333333 1 1 1 1.017 1.013 1.015 1.073 60000 10 0.8 1 0.8 0.8
0.795 0.795 0.795 0.795 1 1 1 1.037 1.03100000000001 1.034 1.092 60000 10 0.8 1 0.8 0.8
0.544833333333333 0.476166666666667 0.476166666666667 0.476166666666667 3 1 1 3.127 1.103 0.830000000000005 0.792999999999999 60000 10 0.2 0 0.8 0.8
0.366166666666667 0.366166666666667 0.366166666666667 0.366166666666667 1 1 1 1.014 1.012 1.017 1.075 60000 10 0.2 1 0.8 0.8
0.793 0.793 0.793 0.793 1 1 1 1.017 1.012 1.016 1.072 60000 10 0.8 1 0.8 0.8
0.790166666666667 0.790166666666667 0.790166666666667 0.790166666666667 1 1 1 1.057 1.052 1.062 1.12 60000 10 0.8 1 0.8 0.8
0.784666666666667 0.784666666666667 0.784666666666667 0.784666666666667 1 1 1 1.009 1.004 1.005 1.061 60000 10 0.8 1 0.8 0.8
0.69 0.69 0.69 0.69 1 1 1 1.05 1.045 1.043 1.103 60000 10 0.8 1 0.8 0.8
0.791666666666667 0.791666666666667 0.791666666666667 0.791666666666667 1 1 1 1.02 1.014 1.014 1.069 60000 10 0.8 1 0.8 0.8
0.801666666666667 0.801666666666667 0.801666666666667 0.801666666666667 1 1 1 1.033 1.03 1.034 1.091 60000 10 0.8 1 0.8 0.8
0.792833333333333 0.792833333333333 0.792833333333333 0.792833333333333 1 1 1 1.016 1.013 1.01600000000001 1.075 60000 10 0.8 1 0.8 0.8
0.396833333333333 0.396833333333333 0.396833333333333 0.396833333333333 1 1 1 1.021 1.02099999999999 1.026 1.08000000000001 60000 10 0.2 0 0.8 0.8
0.788666666666667 0.788666666666667 0.788666666666667 0.788666666666667 1 1 1 1.013 1.008 1.011 1.069 60000 10 0.8 1 0.8 0.8
0.7795 0.7795 0.7795 0.7795 1 1 1 1.031 1.023 1.02399999999999 1.078 60000 10 0.8 1 0.8 0.8
0.7975 0.7975 0.7975 0.7975 1 1 1 1.015 1.012 1.012 1.066 60000 10 0.8 1 0.8 0.8
0.793 0.793 0.793 0.793 1 1 1 1.05 1.031 1.001 1.05399999999999 60000 10 0.8 1 0.8 0.8
0.793333333333333 0.793333333333333 0.793333333333333 0.793333333333333 1 1 1 1.046 1.041 1.04199999999999 1.09500000000001 60000 10 0.8 1 0.8 0.8
0.543791666666667 0.446666666666667 0.446666666666667 0.446666666666667 4 1 1 4.185 1.002 1.008 1.023 60000 10 0.2 1 0.8 0.8
0.787 0.787 0.787 0.787 1 1 1 1.052 1.048 1.047 1.097 60000 10 0.8 1 0.8 0.8
0.7545 0.7545 0.7545 0.7545 1 1 1 1.053 1.05 1.049 1.10299999999999 60000 10 0.8 1 0.8 0.8
0.790833333333333 0.790833333333333 0.790833333333333 0.790833333333333 1 1 1 1.015 1.015 1.02699999999999 1.058 60000 10 0.8 1 0.8 0.8
0.784 0.784 0.784 0.784 1 1 1 1.015 1.013 1.04000000000001 1.072 60000 10 0.8 0 0.8 0.8
0.7885 0.7885 0.7885 0.7885 1 1 1 1.04799999999999 1.044 1.043 1.096 60000 10 0.8 1 0.8 0.8
0.416833333333333 0.416833333333333 0.416833333333333 0.416833333333333 1 1 1 1.049 1.042 1.04 1.09800000000001 60000 10 0.2 0 0.8 0.8
0.722 0.722 0.722 0.722 1 1 1 1.059 1.049 1.056 1.102 60000 10 0.8 1 0.8 0.8
0.374 0.374 0.374 0.374 1 1 1 1.052 1.043 1.044 1.099 60000 10 0.2 0 0.8 0.8
0.561944444444444 0.472833333333333 0.472833333333333 0.472833333333333 3 1 1 3.082 1.092 0.980000000000004 1 60000 10 0.2 0 0.8 0.8
0.4065 0.4065 0.4065 0.4065 1 1 1 1.041 1.037 1.035 1.087 60000 10 0.2 0 0.8 0.8
0.413 0.413 0.413 0.413 1 1 1 1.043 1.04 1.047 1.084 60000 10 0.2 0 0.8 0.8
0.783666666666667 0.783666666666667 0.783666666666667 0.783666666666667 1 1 1 1.053 1.051 1.05 1.101 60000 10 0.8 1 0.8 0.8
0.758 0.758 0.758 0.758 1 1 1 1.017 1.014 1.014 1.063 60000 10 0.8 1 0.8 0.8
0.406166666666667 0.406166666666667 0.406166666666667 0.406166666666667 1 1 1 1.055 1.044 1.04 1.094 60000 10 0.2 0 0.8 0.8
0.376166666666667 0.376166666666667 0.376166666666667 0.376166666666667 1 1 1 1.021 1.01 1.021 1.058 60000 10 0.231751280622557 0 0.8 0.8
0.741666666666667 0.741666666666667 0.741666666666667 0.741666666666667 1 1 1 1.018 1.01199999999999 1.011 1.065 60000 10 0.8 0 0.8 0.8
0.415166666666667 0.415166666666667 0.415166666666667 0.415166666666667 1 1 1 1.043 1.035 1.034 1.091 60000 10 0.2 0 0.8 0.8
0.554611111111111 0.469 0.469 0.469 3 1 1 3.06 1.088 0.969000000000001 0.985999999999997 60000 10 0.2 0 0.8 0.8
0.549875 0.454166666666667 0.454166666666667 0.454166666666667 4 1 1 4.093 0.984000000000002 0.979999999999997 0.993000000000002 60000 10 0.2 0 0.8 0.8
0.738666666666667 0.738666666666667 0.738666666666667 0.738666666666667 1 1 1 1.045 1.038 1.035 1.092 60000 10 0.8 1 0.8 0.8
0.780666666666667 0.780666666666667 0.780666666666667 0.780666666666667 1 1 1 1.069 1.057 1.071 1.102 60000 10 0.8 0 0.8 0.8
0.770333333333333 0.770333333333333 0.770333333333333 0.770333333333333 1 1 1 1.026 1.02 1.018 1.069 60000 10 0.8 1 0.8 0.8
0.4035 0.4035 0.4035 0.4035 1 1 1 0.955999999999996 0.932000000000002 0.924999999999997 0.960000000000001 60000 10 0.2 0 0.8 0.8
0.789 0.789 0.789 0.789 1 1 1 1.02 1.008 1.00700000000001 1.062 60000 10 0.8 1 0.8 0.8
0.787833333333333 0.787833333333333 0.787833333333333 0.787833333333333 1 1 1 1.012 1.01 1.021 1.051 60000 10 0.8 0 0.8 0.8
0.763666666666667 0.763666666666667 0.763666666666667 0.763666666666667 1 1 1 1.06 1.057 1.068 1.103 60000 10 0.8 1 0.8 0.8
0.547277777777778 0.465333333333333 0.465333333333333 0.465333333333333 3 1 1 3.159 1.123 1.002 1.016 60000 10 0.2 0 0.8 0.8
0.659333333333333 0.659333333333333 0.659333333333333 0.659333333333333 1 1 1 1.016 1.011 1.008 1.061 60000 10 0.8 1 0.8 0.8
0.797 0.797 0.797 0.797 1 1 1 1.001 0.994 0.995999999999995 1.052 60000 10 0.8 1 0.8 0.8
0.5675 0.518666666666667 0.518666666666667 0.518666666666667 2 1 1 1.972 1.007 1.04 0.947000000000003 60000 10 0.2 0 0.8 0.8
0.7705 0.7705 0.7705 0.7705 1 1 1 1.02 1.01000000000001 1.009 1.064 60000 10 0.8 0 0.8 0.8
0.560722222222222 0.4755 0.4755 0.4755 3 1 1 3.016 1.07400000000001 0.963000000000001 0.978999999999999 60000 10 0.2 0 0.8 0.8
0.416166666666667 0.416166666666667 0.416166666666667 0.416166666666667 1 1 1 1.021 1.019 1.026 1.08 60000 10 0.2 0 0.8 0.8
0.3845 0.3845 0.3845 0.3845 1 1 1 1.062 1.054 1.05 1.10599999999999 60000 10 0.2 0 0.8 0.8
0.53875 0.433833333333333 0.433833333333333 0.433833333333333 4 1 1 4.137 0.989000000000004 0.988 1.005 60000 10 0.2 0 0.8 0.8
0.55075 0.448833333333333 0.448833333333333 0.448833333333333 4 1 1 4.12 0.984000000000002 0.978999999999999 0.997 60000 10 0.2 0 0.8 0.8
0.551083333333333 0.449666666666667 0.449666666666667 0.449666666666667 4 1 1 4.335 1.025 1.027 1.042 60000 10 0.2 1 0.8 0.8
0.545388888888889 0.463833333333333 0.463833333333333 0.463833333333333 3 1 1 3.008 1.074 0.961000000000006 0.973999999999997 60000 10 0.2 0 0.8 0.8
0.369333333333333 0.369333333333333 0.369333333333333 0.369333333333333 1 1 1 1.046 1.035 1.037 1.09099999999999 60000 10 0.235124502116814 0 0.8 0.8
0.543125 0.437 0.437 0.437 4 1 1 4.096 0.981999999999999 0.981999999999999 0.997999999999998 60000 10 0.2 0 0.8 0.8
0.546916666666667 0.441166666666667 0.441166666666667 0.441166666666667 4 1 1 4.246 1.011 1.01 1.028 60000 10 0.2 1 0.8 0.8
0.543944444444444 0.464 0.464 0.464 3 1 1 3.047 1.082 0.965000000000003 0.981999999999999 60000 10 0.2 0 0.8 0.8
0.56375 0.517 0.517 0.517 2 1 1 2.011 1.028 1.055 0.963000000000001 60000 10 0.2 0 0.8 0.8
0.544291666666667 0.4535 0.4535 0.4535 4 1 1 4.14 0.988 0.991 1.008 60000 10 0.2 0 0.8 0.8
0.399166666666667 0.399166666666667 0.399166666666667 0.399166666666667 1 1 1 1.059 1.05099999999999 1.05 1.106 60000 10 0.2 0 0.8 0.8
0.568 0.514666666666667 0.514666666666667 0.514666666666667 2 1 1 1.98 1.011 1.044 0.949000000000005 60000 10 0.2 0 0.8 0.8
0.735166666666667 0.735166666666667 0.735166666666667 0.735166666666667 1 1 1 1.014 1.004 1.004 1.058 60000 10 0.8 1 0.8 0.8
0.694833333333333 0.694833333333333 0.694833333333333 0.694833333333333 1 1 1 1.014 1.004 1.006 1.059 60000 10 0.8 1 0.8 0.8
0.55575 0.498166666666667 0.498166666666667 0.498166666666667 2 1 1 2.063 1.05099999999999 1.083 0.988 60000 10 0.2 0 0.8 0.8
0.543416666666667 0.4395 0.4395 0.4395 4 1 1 4.24 1.00700000000001 1.008 1.024 60000 10 0.2 0 0.8 0.8
0.553166666666667 0.499666666666667 0.499666666666667 0.499666666666667 2 1 1 2.081 1.068 1.082 0.988999999999997 60000 10 0.2 0 0.8 0.8
0.5585 0.489166666666667 0.489166666666667 0.489166666666667 3 1 1 3.037 1.058 0.958999999999996 0.975999999999999 60000 10 0.2 0 0.8 0.8
0.553111111111111 0.459 0.459 0.459 3 1 1 3.106 1.099 0.982999999999997 0.998000000000005 60000 10 0.2 0 0.8 0.8
0.689166666666667 0.689166666666667 0.689166666666667 0.689166666666667 1 1 1 1.016 1.009 1.018 1.049 60000 10 0.8 1 0.8 0.8
0.365 0.365 0.365 0.365 1 1 1 1.023 1.01900000000001 1.019 1.072 60000 10 0.2 0 0.8 0.8
0.679333333333333 0.679333333333333 0.679333333333333 0.679333333333333 1 1 1 1.03100000000001 1.022 1.02 1.075 60000 10 0.8 1 0.8 0.8
0.542222222222222 0.464833333333333 0.464833333333333 0.464833333333333 3 1 1 3 1.066 0.957999999999998 0.972999999999999 60000 10 0.2 1 0.8 0.8
0.543833333333333 0.454666666666667 0.454666666666667 0.454666666666667 3 1 1 3.075 1.09500000000001 0.981999999999999 1.007 60000 10 0.2 0 0.8 0.8
0.542611111111111 0.474333333333333 0.474333333333333 0.474333333333333 3 1 1 3 1.067 0.957000000000001 0.974000000000004 60000 10 0.2 0 0.8 0.8
0.412166666666667 0.412166666666667 0.412166666666667 0.412166666666667 1 1 1 1.03599999999999 1.029 1.035 1.101 60000 10 0.2 0 0.8 0.8
0.372833333333333 0.372833333333333 0.372833333333333 0.372833333333333 1 1 1 0.954999999999998 0.942999999999998 0.941000000000003 0.994 60000 10 0.439558303654194 1 0.8 0.8
0.714833333333333 0.714833333333333 0.714833333333333 0.714833333333333 1 1 1 0.992999999999995 0.988 0.994 1.027 60000 10 0.8 1 0.8 0.8
0.546458333333333 0.436 0.436 0.436 4 1 1 4.016 0.970999999999997 0.975999999999999 0.975000000000001 60000 10 0.46 0 0.8 0.8
0.556777777777778 0.468 0.468 0.468 3 1 1 3.122 1.108 0.994999999999997 1.01300000000001 60000 10 0.209707104479894 0 0.8 0.8
0.4015 0.4015 0.4015 0.4015 1 1 1 1.04 1.03 1.026 1.079 60000 10 0.234364473046735 1 0.8 0.8
0.543958333333333 0.434166666666667 0.434166666666667 0.434166666666667 4 1 1 3.723 0.885000000000005 0.889999999999993 0.895000000000003 60000 10 0.343561163889244 0 0.8 0.8
0.3635 0.3635 0.3635 0.3635 1 1 1 1.011 1.005 1.004 1.059 60000 10 0.247308434005827 0 0.8 0.8
0.689333333333333 0.689333333333333 0.689333333333333 0.689333333333333 1 1 1 0.878999999999998 0.872999999999998 0.850999999999999 0.761000000000003 60000 10 0.782959185447544 0 0.8 0.8
0.754833333333333 0.754833333333333 0.754833333333333 0.754833333333333 1 1 1 0.998999999999995 0.988 0.988 1.042 60000 10 0.8 0 0.8 0.8
0.383333333333333 0.383333333333333 0.383333333333333 0.383333333333333 1 1 1 0.981000000000002 0.981999999999999 0.951000000000001 0.980999999999995 60000 10 0.46 0 0.8 0.8
0.733833333333333 0.733833333333333 0.733833333333333 0.733833333333333 1 1 1 1.031 1.023 1.029 1.06 60000 10 0.8 1 0.8 0.8
0.591666666666667 0.551 0.551 0.551 2 1 1 2.003 1.02 1.05099999999999 0.959000000000003 60000 10 0.2 0 0.8 0.8
0.721333333333333 0.721333333333333 0.721333333333333 0.721333333333333 1 1 1 0.988 0.981999999999999 0.983000000000004 1.031 60000 10 0.8 0 0.8 0.8
0.356666666666667 0.356666666666667 0.356666666666667 0.356666666666667 1 1 1 0.813000000000002 0.701000000000001 0.672000000000004 0.695999999999998 60000 10 0.46 1 0.8 0.8
0.5575 0.4965 0.4965 0.4965 3 1 1 3.042 1.085 0.972000000000001 0.994 60000 10 0.2 0 0.8 0.8
0.673666666666667 0.673666666666667 0.673666666666667 0.673666666666667 1 1 1 1.035 1.029 1.03100000000001 1.083 60000 10 0.8 1 0.8 0.8
0.696333333333333 0.696333333333333 0.696333333333333 0.696333333333333 1 1 1 1 0.995000000000005 0.995999999999995 1.05 60000 10 0.687001647800207 0 0.8 0.8
0.430333333333333 0.430333333333333 0.430333333333333 0.430333333333333 1 1 1 1.034 1.03100000000001 1.03299999999999 1.08300000000001 60000 10 0.251952112950385 0 0.8 0.8
0.632 0.632 0.632 0.632 1 1 1 1.02200000000001 1.028 1.016 1.075 60000 10 0.755087485443801 0 0.8 0.8
0.385666666666667 0.385666666666667 0.385666666666667 0.385666666666667 1 1 1 1.027 1.019 1.02200000000001 1.07599999999999 60000 10 0.45323706774041 0 0.8 0.8
0.4235 0.4235 0.4235 0.4235 1 1 1 1.026 1.026 1.004 1.03899999999999 60000 10 0.387290947716683 0 0.8 0.8
0.373 0.373 0.373 0.373 1 1 1 0.889000000000003 0.878 0.840000000000003 0.888999999999996 60000 10 0.327964469622821 0 0.8 0.8
0.382333333333333 0.382333333333333 0.382333333333333 0.382333333333333 1 1 1 0.964999999999996 0.963000000000001 0.982999999999997 1.016 60000 10 0.46 0 0.8 0.8
0.380833333333333 0.380833333333333 0.380833333333333 0.380833333333333 1 1 1 1.00899999999999 1.003 1.002 1.054 60000 10 0.46 1 0.8 0.8
0.369333333333333 0.369333333333333 0.369333333333333 0.369333333333333 1 1 1 1.015 1.005 0.997 1.041 60000 10 0.46 0 0.8 0.8
0.411166666666667 0.411166666666667 0.411166666666667 0.411166666666667 1 1 1 0.997999999999998 0.984999999999999 0.992000000000004 1.05 60000 10 0.46 0 0.8 0.8
0.373666666666667 0.373666666666667 0.373666666666667 0.373666666666667 1 1 1 1.007 0.999000000000002 1 1.055 60000 10 0.46 0 0.8 0.8
0.402166666666667 0.402166666666667 0.402166666666667 0.402166666666667 1 1 1 1.02500000000001 1.014 0.998000000000005 1.046 60000 10 0.46 0 0.8 0.8
0.384 0.384 0.384 0.384 1 1 1 0.975999999999999 0.970999999999997 0.972000000000001 1.033 60000 10 0.419141960861161 0 0.8 0.8
0.369 0.369 0.369 0.369 1 1 1 0.977000000000004 0.960999999999999 0.957999999999998 0.994 60000 10 0.46 0 0.8 0.8
0.397333333333333 0.397333333333333 0.397333333333333 0.397333333333333 1 1 1 0.991999999999997 0.968000000000004 0.952999999999996 1.014 60000 10 0.46 0 0.8 0.8
0.377333333333333 0.377333333333333 0.377333333333333 0.377333333333333 1 1 1 0.983999999999995 0.959000000000003 0.968000000000004 1.026 60000 10 0.46 1 0.8 0.8
0.425833333333333 0.425833333333333 0.425833333333333 0.425833333333333 1 1 1 0.972000000000001 0.973999999999997 0.975000000000001 0.996000000000002 60000 10 0.46 0 0.8 0.8
0.390833333333333 0.390833333333333 0.390833333333333 0.390833333333333 1 1 1 0.963000000000001 0.959000000000003 0.939999999999998 0.930999999999997 60000 10 0.46 1 0.8 0.8
0.425166666666667 0.425166666666667 0.425166666666667 0.425166666666667 1 1 1 0.997 0.992000000000004 0.989999999999995 1.044 60000 10 0.438509792853147 0 0.8 0.8
0.375666666666667 0.375666666666667 0.375666666666667 0.375666666666667 1 1 1 1.004 0.992000000000004 0.993000000000002 1.049 60000 10 0.46 1 0.8 0.8
0.419 0.419 0.419 0.419 1 1 1 1.003 0.997 0.999000000000002 1.053 60000 10 0.457655449369922 1 0.8 0.8
0.4285 0.4285 0.4285 0.4285 1 1 1 0.960000000000001 0.936 0.954999999999998 0.975000000000001 60000 10 0.46 0 0.8 0.8
0.682166666666667 0.682166666666667 0.682166666666667 0.682166666666667 1 1 1 1 0.994999999999997 0.997 1.047 60000 10 0.8 1 0.8 0.8
0.364666666666667 0.364666666666667 0.364666666666667 0.364666666666667 1 1 1 0.993000000000002 0.954000000000001 0.969999999999999 1.005 60000 10 0.46 0 0.8 0.8
0.3675 0.3675 0.3675 0.3675 1 1 1 0.981000000000002 0.978999999999999 0.975999999999999 1.039 60000 10 0.46 1 0.8 0.8
0.365833333333333 0.365833333333333 0.365833333333333 0.365833333333333 1 1 1 1.008 1.003 1.001 1.054 60000 10 0.46 0 0.8 0.8
0.389833333333333 0.389833333333333 0.389833333333333 0.389833333333333 1 1 1 1.007 1.002 1.001 1.054 60000 10 0.370171074075624 1 0.8 0.8
0.378666666666667 0.378666666666667 0.378666666666667 0.378666666666667 1 1 1 1.011 1.00700000000001 1.002 1.055 60000 10 0.46 1 0.8 0.8
0.357666666666667 0.357666666666667 0.357666666666667 0.357666666666667 1 1 1 0.963000000000001 0.952000000000005 0.926000000000002 0.944000000000003 60000 10 0.46 0 0.8 0.8
0.381 0.381 0.381 0.381 1 1 1 1.009 1.007 0.994 1.049 60000 10 0.46 0 0.8 0.8
0.36 0.36 0.36 0.36 1 1 1 1.00700000000001 1.002 0.991999999999997 1.05 60000 10 0.46 0 0.8 0.8
0.374333333333333 0.374333333333333 0.374333333333333 0.374333333333333 1 1 1 0.709999999999997 0.688000000000002 0.678000000000004 0.704000000000001 60000 10 0.46 0 0.8 0.8
0.363833333333333 0.363833333333333 0.363833333333333 0.363833333333333 1 1 1 0.884 0.866 0.890999999999998 0.954000000000001 60000 10 0.46 0 0.8 0.8
0.369333333333333 0.369333333333333 0.369333333333333 0.369333333333333 1 1 1 0.980000000000004 0.959999999999994 1.005 1.033 60000 10 0.46 0 0.8 0.8
0.542791666666667 0.438333333333333 0.438333333333333 0.438333333333333 4 1 1 3.777 0.919000000000004 0.901000000000003 0.927 60000 10 0.46 0 0.8 0.8
0.390166666666667 0.390166666666667 0.390166666666667 0.390166666666667 1 1 1 0.926000000000002 0.828000000000003 0.823999999999998 0.841000000000001 60000 10 0.46 0 0.8 0.8
0.373666666666667 0.373666666666667 0.373666666666667 0.373666666666667 1 1 1 0.955000000000005 0.948999999999998 0.936999999999998 0.987000000000002 60000 10 0.46 0 0.8 0.8
0.678833333333333 0.678833333333333 0.678833333333333 0.678833333333333 1 1 1 0.981999999999999 0.970999999999997 0.984999999999999 1.028 60000 10 0.735945154819638 1 0.8 0.8
0.367333333333333 0.367333333333333 0.367333333333333 0.367333333333333 1 1 1 0.934000000000005 0.927999999999997 0.942 0.849000000000004 60000 10 0.46 0 0.8 0.8
0.366333333333333 0.366333333333333 0.366333333333333 0.366333333333333 1 1 1 0.920999999999999 0.915000000000006 0.915999999999997 0.935000000000002 60000 10 0.46 1 0.8 0.8
0.3735 0.3735 0.3735 0.3735 1 1 1 1.019 1.016 1.018 1.069 60000 10 0.46 0 0.8 0.8
0.368833333333333 0.368833333333333 0.368833333333333 0.368833333333333 1 1 1 1.021 1.017 1.019 1.046 60000 10 0.46 1 0.8 0.8
0.552458333333333 0.441666666666667 0.441666666666667 0.441666666666667 4 1 1 3.865 0.918999999999997 0.835000000000001 0.866 60000 10 0.46 0 0.8 0.8
0.367166666666667 0.367166666666667 0.367166666666667 0.367166666666667 1 1 1 0.932000000000002 0.945 0.916999999999994 0.933 60000 10 0.46 0 0.8 0.8
0.402666666666667 0.402666666666667 0.402666666666667 0.402666666666667 1 1 1 0.961000000000006 0.945999999999998 0.945 0.992000000000004 60000 10 0.46 0 0.8 0.8
0.370666666666667 0.370666666666667 0.370666666666667 0.370666666666667 1 1 1 0.994 0.946000000000005 0.927 0.977000000000004 60000 10 0.46 1 0.8 0.8
0.638666666666667 0.638666666666667 0.638666666666667 0.638666666666667 1 1 1 0.741999999999997 0.722999999999999 0.712000000000003 0.755000000000003 60000 10 0.639806848857552 1 0.8 0.8
0.377 0.377 0.377 0.377 1 1 1 1.018 0.969000000000001 0.969999999999999 1.043 60000 10 0.46 0 0.8 0.8
0.652333333333333 0.652333333333333 0.652333333333333 0.652333333333333 1 1 1 0.707000000000001 0.688000000000002 0.68 0.704999999999998 60000 10 0.509960022196174 1 0.8 0.8
0.369666666666667 0.369666666666667 0.369666666666667 0.369666666666667 1 1 1 0.922000000000004 0.931999999999995 0.920999999999999 0.958999999999996 60000 10 0.46 1 0.8 0.8
0.6675 0.6675 0.6675 0.6675 1 1 1 0.775000000000006 0.662999999999997 0.654000000000003 0.685000000000002 60000 10 0.652469176240265 0 0.8 0.8
0.373833333333333 0.373833333333333 0.373833333333333 0.373833333333333 1 1 1 0.759 0.741 0.728999999999999 0.744 60000 10 0.46 1 0.8 0.8
0.370333333333333 0.370333333333333 0.370333333333333 0.370333333333333 1 1 1 0.951000000000001 0.955000000000005 0.906999999999996 0.942 60000 10 0.46 0 0.8 0.8
0.361833333333333 0.361833333333333 0.361833333333333 0.361833333333333 1 1 1 0.991 0.950000000000003 0.957999999999998 0.954999999999998 60000 10 0.46 1 0.8 0.8
0.373666666666667 0.373666666666667 0.373666666666667 0.373666666666667 1 1 1 0.915999999999997 0.899999999999999 0.917999999999999 0.948999999999998 60000 10 0.46 0 0.8 0.8
0.378 0.378 0.378 0.378 1 1 1 0.955999999999996 0.951000000000001 0.951000000000001 0.987000000000002 60000 10 0.46 0 0.8 0.8
0.3675 0.3675 0.3675 0.3675 1 1 1 0.945 0.911000000000001 0.911999999999999 0.963000000000001 60000 10 0.46 0 0.8 0.8
0.374666666666667 0.374666666666667 0.374666666666667 0.374666666666667 1 1 1 0.941000000000003 0.938000000000002 0.951000000000001 0.970999999999997 60000 10 0.46 0 0.8 0.8
0.656 0.656 0.656 0.656 1 1 1 0.989000000000004 1.023 1.022 1.076 60000 10 0.478182200249285 0 0.8 0.8
0.380833333333333 0.380833333333333 0.380833333333333 0.380833333333333 1 1 1 0.689999999999998 0.658999999999999 0.654000000000003 0.677 60000 10 0.46 0 0.8 0.8
0.378166666666667 0.378166666666667 0.378166666666667 0.378166666666667 1 1 1 0.942999999999998 0.924999999999997 0.925000000000004 0.969999999999999 60000 10 0.46 0 0.8 0.8
0.6615 0.6615 0.6615 0.6615 1 1 1 0.911999999999999 0.920999999999999 0.873000000000005 0.863999999999997 60000 10 0.416206306219101 1 0.8 0.8
0.597 0.597 0.597 0.597 1 1 1 0.975000000000001 0.978999999999999 0.934000000000005 0.993000000000002 60000 10 0.459829277265817 1 0.8 0.8
0.606166666666667 0.606166666666667 0.606166666666667 0.606166666666667 1 1 1 0.823 0.799999999999997 0.774000000000001 0.801000000000002 60000 10 0.646715481672436 1 0.8 0.8
0.616333333333333 0.616333333333333 0.616333333333333 0.616333333333333 1 1 1 0.937999999999995 0.931999999999995 0.936 0.981000000000002 60000 10 0.585573212616146 1 0.8 0.8
0.609 0.609 0.609 0.609 1 1 1 0.847000000000001 0.834000000000003 0.818999999999996 0.843999999999994 60000 10 0.675204841326922 0 0.8 0.8
0.599833333333333 0.599833333333333 0.599833333333333 0.599833333333333 1 1 1 0.681000000000001 0.661000000000001 0.654999999999998 0.677000000000003 60000 10 0.212782740965486 1 0.8 0.8
0.578 0.578 0.578 0.578 1 1 1 0.801999999999996 0.748000000000005 0.742999999999995 0.786000000000001 60000 10 0.280030308663845 0 0.8 0.8
0.5925 0.5925 0.5925 0.5925 1 1 1 0.885000000000002 0.867999999999995 0.864000000000004 0.903999999999996 60000 10 0.443681538011879 0 0.8 0.8
0.575333333333333 0.575333333333333 0.575333333333333 0.575333333333333 1 1 1 0.667000000000002 0.648000000000003 0.661999999999995 0.706000000000003 60000 10 0.484353203233332 1 0.8 0.8
0.570333333333333 0.570333333333333 0.570333333333333 0.570333333333333 1 1 1 0.723000000000003 0.712 0.687999999999999 0.716000000000005 60000 10 0.2 0 0.8 0.8
0.581333333333333 0.581333333333333 0.581333333333333 0.581333333333333 1 1 1 0.660999999999998 0.643000000000001 0.635999999999999 0.658000000000001 60000 10 0.2 1 0.8 0.8
0.572166666666667 0.572166666666667 0.572166666666667 0.572166666666667 1 1 1 0.672999999999998 0.654 0.646000000000001 0.669 60000 10 0.2 0 0.8 0.8
0.586666666666667 0.566166666666667 0.566166666666667 0.566166666666667 2 1 1 1.559 0.737000000000002 0.750999999999998 0.673999999999999 60000 10 0.206212119571865 0 0.8 0.8
0.571666666666667 0.571666666666667 0.571666666666667 0.571666666666667 1 1 1 0.684999999999999 0.666999999999998 0.666 0.684999999999999 60000 10 0.2 1 0.8 0.8
0.599833333333333 0.564833333333333 0.564833333333333 0.564833333333333 2 1 1 1.344 0.669 0.68 0.651 60000 10 0.2 0 0.8 0.8
0.578916666666667 0.539666666666667 0.539666666666667 0.539666666666667 2 1 1 1.314 0.655000000000001 0.663999999999998 0.637 60000 10 0.2 1 0.8 0.8
0.572333333333333 0.557 0.557 0.557 2 1 1 1.507 0.764000000000003 0.775999999999996 0.707999999999998 60000 10 0.284652658645064 0 0.8 0.8
0.5665 0.536333333333333 0.536333333333333 0.536333333333333 2 1 1 1.312 0.655000000000001 0.666 0.635999999999999 60000 10 0.2 1 0.8 0.8
0.567 0.541666666666667 0.541666666666667 0.541666666666667 2 1 1 1.368 0.680999999999997 0.701999999999998 0.661000000000001 60000 10 0.319932749867439 0 0.8 0.8
0.548 0.516166666666667 0.516166666666667 0.516166666666667 2 1 1 1.461 0.734000000000002 0.734999999999999 0.692999999999998 60000 10 0.242687757965177 0 0.8 0.8
