0.201923076923077 0.201923076923077 0.154761904761905 0.5 78 78 21 1.058 1.077 0.0130000000000003 0.016 60000 15000 0.2 0 0.8 0.1
0.225806451612903 0.225806451612903 0.166666666666667 0.5 93 93 21 1.212 1.227 0.012 0.0109999999999997 60000 15000 0.2 0 0.8 0.1
0.901162790697674 0.901162790697674 0.892857142857143 0.5 43 43 21 0.642 0.595 0.0129999999999999 0.0129999999999999 60000 15000 0.8 1 0.8 0.1
0.74364406779661 0.74364406779661 0.714285714285714 0.5 118 118 21 1.552 1.483 0.012 0.0150000000000001 60000 15000 0.8 1 0.8 0.1
0.836065573770492 0.836065573770492 0.857142857142857 0.75 61 61 21 0.843 0.855 0.0129999999999999 0.0130000000000003 60000 15000 0.8 1 0.8 0.1
0.833333333333333 0.833333333333333 0.845238095238095 0.75 63 63 21 0.996 1.005 0.0149999999999997 0.0140000000000002 60000 15000 0.8 1 0.8 0.1
0.17910447761194 0.17910447761194 0.226190476190476 0.25 67 67 21 0.95 0.939 0.0129999999999999 0.012 60000 15000 0.2 0 0.8 0.1
0.191780821917808 0.191780821917808 0.214285714285714 0.5 73 73 21 1.008 1.007 0.012 0.012 60000 15000 0.2 1 0.8 0.1
0.193333333333333 0.193333333333333 0.214285714285714 0.25 75 75 21 1.029 1.017 0.012 0.012 60000 15000 0.2 0 0.8 0.1
0.808219178082192 0.808219178082192 0.773809523809524 0.75 73 73 21 0.999 1.06 0.0129999999999999 0.0129999999999999 60000 15000 0.8 1 0.8 0.1
0.813380281690141 0.813380281690141 0.75 1 71 71 21 1.106 1.14 0.0139999999999998 0.0150000000000001 60000 15000 0.8 1 0.8 0.1
0.17910447761194 0.17910447761194 0.178571428571429 0.25 67 67 21 1.096 1.118 0.0150000000000001 0.0150000000000001 60000 15000 0.2 0 0.8 0.1
0.807432432432432 0.807432432432432 0.80952380952381 1 74 74 21 1.047 1.071 0.016 0.0130000000000003 60000 15000 0.8 1 0.8 0.1
0.1875 0.1875 0.214285714285714 0.5 72 72 21 1.168 1.172 0.0139999999999998 0.0150000000000001 60000 15000 0.2 0 0.8 0.1
0.207317073170732 0.207317073170732 0.238095238095238 0 82 82 21 1.148 1.131 0.012 0.016 60000 15000 0.2 0 0.8 0.1
0.814285714285714 0.814285714285714 0.773809523809524 0.75 70 70 21 1.113 1.132 0.0150000000000001 0.0179999999999998 60000 15000 0.8 0 0.8 0.1
0.798076923076923 0.798076923076923 0.797619047619048 0.75 78 78 21 1.229 1.216 0.0139999999999998 0.0180000000000002 60000 15000 0.8 1 0.8 0.1
0.219101123595506 0.219101123595506 0.202380952380952 0.25 89 89 21 1.228 1.204 0.0110000000000001 0.012 60000 15000 0.2 1 0.8 0.1
0.218390804597701 0.218390804597701 0.202380952380952 0 87 87 21 1.428 1.362 0.0150000000000001 0.0150000000000001 60000 15000 0.2 0 0.8 0.1
0.781609195402299 0.781609195402299 0.761904761904762 1 87 87 21 1.197 1.226 0.012 0.012 60000 15000 0.8 0 0.8 0.1
0.201923076923077 0.201923076923077 0.19047619047619 0.25 78 78 21 1.325 1.312 0.0149999999999997 0.0190000000000001 60000 15000 0.2 1 0.8 0.1
0.210365853658537 0.210365853658537 0.166666666666667 0.25 82 82 21 1.135 1.177 0.0129999999999999 0.016 60000 15000 0.2 0 0.8 0.1
0.76530612244898 0.76530612244898 0.761904761904762 0.75 98 98 21 1.287 1.268 0.0129999999999999 0.012 60000 15000 0.8 1 0.8 0.1
0.145454545454545 0.145454545454545 0.202380952380952 0 55 55 21 0.963 0.933 0.02 0.016 60000 15000 0.2 0 0.8 0.1
0.844827586206897 0.844827586206897 0.845238095238095 1 58 58 21 0.952 0.921 0.0150000000000001 0.0190000000000001 60000 15000 0.8 0 0.8 0.1
0.844827586206897 0.844827586206897 0.869047619047619 1 58 58 21 1.014 0.977 0.016 0.0190000000000001 60000 15000 0.8 1 0.8 0.1
0.834677419354839 0.834677419354839 0.833333333333333 1 62 62 21 1.008 0.975 0.0609999999999999 0.0150000000000001 60000 15000 0.8 1 0.8 0.1
0.231770833333333 0.231770833333333 0.238095238095238 0 96 96 21 1.51 1.481 0.0150000000000001 0.0149999999999997 60000 15000 0.2 0 0.8 0.1
0.840163934426229 0.840163934426229 0.833333333333333 0.75 61 61 21 1.024 1.001 0.016 0.0150000000000001 60000 15000 0.8 1 0.8 0.1
0.171875 0.171875 0.119047619047619 0.25 64 64 21 1.096 1.104 0.016 0.0159999999999996 60000 15000 0.2 1 0.8 0.1
0.844827586206897 0.844827586206897 0.869047619047619 0.75 58 58 21 0.992 0.957 0.0159999999999996 0.0190000000000001 60000 15000 0.8 1 0.8 0.1
0.83203125 0.83203125 0.738095238095238 1 64 64 21 1.061 1.056 0.0149999999999997 0.0150000000000001 60000 15000 0.8 1 0.8 0.1
0.2375 0.2375 0.226190476190476 0.25 100 100 21 1.567 1.526 0.0150000000000001 0.0139999999999998 60000 15000 0.2 0 0.8 0.1
0.768229166666667 0.768229166666667 0.75 0.75 96 96 21 1.57 1.543 0.0149999999999997 0.0150000000000001 60000 15000 0.8 1 0.8 0.1
0.82089552238806 0.82089552238806 0.738095238095238 0.5 67 67 21 1.085 1.109 0.0150000000000001 0.0150000000000001 60000 15000 0.8 1 0.8 0.1
0.17910447761194 0.17910447761194 0.19047619047619 0.25 67 67 21 1.144 1.17 0.016 0.016 60000 15000 0.2 0 0.8 0.1
0.82089552238806 0.82089552238806 0.845238095238095 0.5 67 67 21 1.142 1.158 0.0149999999999997 0.016 60000 15000 0.8 1 0.8 0.1
0.808219178082192 0.808219178082192 0.75 0.75 73 73 21 0.968 1.024 0.0129999999999999 0.012 60000 15000 0.8 1 0.8 0.1
0.828125 0.828125 0.785714285714286 0.5 64 64 21 1.092 1.106 0.016 0.016 60000 15000 0.8 1 0.8 0.1
0.8125 0.8125 0.75 1 72 72 21 1.147 1.158 0.0140000000000002 0.0140000000000002 60000 15000 0.8 1 0.8 0.1
0.789156626506024 0.789156626506024 0.857142857142857 1 83 83 21 1.068 1.095 0.012 0.0109999999999997 60000 15000 0.8 1 0.8 0.1
0.802631578947368 0.802631578947368 0.738095238095238 0.75 76 76 21 1.185 1.223 0.0140000000000002 0.0139999999999998 60000 15000 0.8 1 0.8 0.1
0.818840579710145 0.818840579710145 0.797619047619048 0.5 69 69 21 1.119 1.135 0.0150000000000001 0.0149999999999997 60000 15000 0.8 1 0.8 0.1
0.192567567567568 0.192567567567568 0.166666666666667 0 74 74 21 1.244 1.27 0.0190000000000001 0.016 60000 15000 0.2 0 0.8 0.1
0.181159420289855 0.181159420289855 0.214285714285714 0 69 69 21 1.189 1.209 0.016 0.016 60000 15000 0.2 0 0.8 0.1
0.201923076923077 0.201923076923077 0.154761904761905 0 78 78 21 1.018 1.01 0.012 0.0149999999999997 60000 15000 0.2 0 0.8 0.1
0.807432432432432 0.807432432432432 0.726190476190476 0.5 74 74 21 1.197 1.231 0.0179999999999998 0.0149999999999997 60000 15000 0.8 1 0.8 0.1
0.798076923076923 0.798076923076923 0.761904761904762 1 78 78 21 1.035 1.024 0.012 0.0140000000000002 60000 15000 0.8 1 0.8 0.1
0.808219178082192 0.808219178082192 0.785714285714286 0.75 73 73 21 1.197 1.214 0.0150000000000001 0.0150000000000001 60000 15000 0.8 1 0.8 0.1
0.173076923076923 0.173076923076923 0.226190476190476 0.5 65 65 21 1.154 1.155 0.0180000000000002 0.0179999999999998 60000 15000 0.2 0 0.8 0.1
0.803333333333333 0.803333333333333 0.821428571428571 0.5 75 75 21 1.212 1.231 0.0149999999999997 0.0150000000000001 60000 15000 0.8 1 0.8 0.1
0.171875 0.171875 0.19047619047619 0.25 64 64 21 1.107 1.111 0.0150000000000001 0.016 60000 15000 0.2 0 0.8 0.1
0.182142857142857 0.182142857142857 0.226190476190476 0.25 70 70 21 1.214 1.217 0.0149999999999997 0.0189999999999997 60000 15000 0.2 0 0.8 0.1
0.186619718309859 0.186619718309859 0.273809523809524 0.25 71 71 21 1.215 1.237 0.0150000000000001 0.0150000000000001 60000 15000 0.2 0 0.8 0.1
0.819852941176471 0.819852941176471 0.80952380952381 0.75 68 68 21 1.116 1.13 0.016 0.0150000000000001 60000 15000 0.8 1 0.8 0.1
0.185714285714286 0.185714285714286 0.214285714285714 0.5 70 70 21 1.192 1.216 0.016 0.0190000000000001 60000 15000 0.2 1 0.8 0.1
0.191780821917808 0.191780821917808 0.19047619047619 0.25 73 73 21 1.269 1.294 0.016 0.016 60000 15000 0.2 1 0.8 0.1
0.803333333333333 0.803333333333333 0.761904761904762 0.75 75 75 21 1.238 1.257 0.0150000000000001 0.0150000000000001 60000 15000 0.8 0 0.8 0.1
0.8125 0.8125 0.785714285714286 0.75 72 72 21 1.246 1.268 0.016 0.016 60000 15000 0.8 1 0.8 0.1
0.798076923076923 0.798076923076923 0.80952380952381 1 78 78 21 1.272 1.26 0.0149999999999997 0.0179999999999998 60000 15000 0.8 1 0.8 0.1
0.21551724137931 0.21551724137931 0.238095238095238 0.25 87 87 21 1.205 1.184 0.012 0.0129999999999999 60000 15000 0.2 0 0.8 0.1
0.185714285714286 0.185714285714286 0.166666666666667 0.5 70 70 21 1.208 1.217 0.016 0.0190000000000001 60000 15000 0.2 0 0.8 0.1
0.192567567567568 0.192567567567568 0.202380952380952 0.25 74 74 21 1.294 1.298 0.0189999999999997 0.016 60000 15000 0.2 0 0.8 0.1
0.20625 0.20625 0.226190476190476 0 80 80 21 1.331 1.321 0.016 0.0150000000000001 60000 15000 0.2 0 0.8 0.1
0.802631578947368 0.802631578947368 0.773809523809524 1 76 76 21 1.213 1.244 0.0150000000000001 0.0150000000000001 60000 15000 0.8 0 0.8 0.1
0.210365853658537 0.210365853658537 0.19047619047619 0 82 82 21 1.392 1.364 0.016 0.0190000000000001 60000 15000 0.2 0 0.8 0.1
0.759803921568627 0.759803921568627 0.761904761904762 0.5 102 102 21 1.29 1.29 0.0139999999999998 0.0109999999999997 60000 15000 0.8 1 0.8 0.1
0.781609195402299 0.781609195402299 0.75 0.75 87 87 21 1.388 1.343 0.0140000000000002 0.0149999999999997 60000 15000 0.8 1 0.8 0.1
0.802631578947368 0.802631578947368 0.797619047619048 1 76 76 21 1.263 1.281 0.0149999999999997 0.016 60000 15000 0.8 1 0.8 0.1
0.777173913043478 0.777173913043478 0.857142857142857 1 92 92 21 1.462 1.413 0.0139999999999998 0.0150000000000001 60000 15000 0.8 1 0.8 0.1
0.252212389380531 0.252212389380531 0.285714285714286 0 113 113 21 1.793 1.761 0.0150000000000006 0.0149999999999997 60000 15000 0.2 0 0.8 0.1
0.770833333333333 0.770833333333333 0.833333333333333 0.75 96 96 21 1.509 1.473 0.0149999999999997 0.0150000000000001 60000 15000 0.8 0 0.8 0.1
0.785294117647059 0.785294117647059 0.821428571428571 1 85 85 21 1.409 1.367 0.0149999999999997 0.0150000000000001 60000 15000 0.8 1 0.8 0.1
0.734126984126984 0.734126984126984 0.797619047619048 1 126 126 21 1.966 1.854 0.0139999999999993 0.0140000000000002 60000 15000 0.8 1 0.8 0.1
0.777777777777778 0.777777777777778 0.773809523809524 0.75 90 90 21 1.427 1.389 0.0169999999999999 0.0150000000000001 60000 15000 0.8 1 0.8 0.1
0.78448275862069 0.78448275862069 0.69047619047619 0.75 87 87 21 1.369 1.339 0.0140000000000002 0.0150000000000001 60000 15000 0.8 0 0.8 0.1
0.210365853658537 0.210365853658537 0.19047619047619 0.25 82 82 21 1.421 1.389 0.016 0.0190000000000001 60000 15000 0.2 0 0.8 0.1
0.262295081967213 0.262295081967213 0.30952380952381 0.25 122 122 21 1.585 1.55 0.0149999999999997 0.0130000000000003 60000 15000 0.231751280622557 0 0.8 0.1
0.211764705882353 0.211764705882353 0.142857142857143 0.25 85 85 21 1.415 1.388 0.0150000000000001 0.016 60000 15000 0.2 0 0.8 0.1
0.221910112359551 0.221910112359551 0.202380952380952 0 89 89 21 1.5 1.465 0.016 0.0159999999999996 60000 15000 0.2 0 0.8 0.1
0.272388059701493 0.272388059701493 0.30952380952381 0.25 134 134 21 1.759 1.674 0.0149999999999997 0.0120000000000005 60000 15000 0.2 0 0.8 0.1
0.210365853658537 0.210365853658537 0.25 0.25 82 82 21 1.438 1.412 0.016 0.0189999999999997 60000 15000 0.2 0 0.8 0.1
0.78125 0.78125 0.738095238095238 0.75 88 88 21 1.509 1.467 0.016 0.016 60000 15000 0.8 1 0.8 0.1
0.767857142857143 0.767857142857143 0.738095238095238 0.75 98 98 21 1.538 1.51 0.0150000000000001 0.0139999999999998 60000 15000 0.8 0 0.8 0.1
0.242788461538462 0.242788461538462 0.214285714285714 0 104 104 21 1.342 1.345 0.0129999999999999 0.0129999999999999 60000 15000 0.2 0 0.8 0.1
0.221910112359551 0.221910112359551 0.154761904761905 0.25 89 89 21 1.519 1.487 0.016 0.016 60000 15000 0.2 0 0.8 0.1
0.22554347826087 0.22554347826087 0.154761904761905 0 92 92 21 1.562 1.524 0.0150000000000001 0.0150000000000001 60000 15000 0.2 0 0.8 0.1
0.215116279069767 0.215116279069767 0.214285714285714 0.25 86 86 21 1.492 1.461 0.016 0.0189999999999997 60000 15000 0.2 0 0.8 0.1
0.245283018867925 0.245283018867925 0.238095238095238 0.25 106 106 21 1.368 1.411 0.0129999999999999 0.0130000000000003 60000 15000 0.2 0 0.8 0.1
0.245283018867925 0.245283018867925 0.214285714285714 0.25 106 106 21 1.792 1.763 0.016 0.016 60000 15000 0.235124502116814 0 0.8 0.1
0.23469387755102 0.23469387755102 0.19047619047619 0 98 98 21 1.652 1.605 0.0150000000000006 0.0149999999999997 60000 15000 0.2 0 0.8 0.1
0.22554347826087 0.22554347826087 0.238095238095238 0 92 92 21 1.6 1.574 0.0150000000000006 0.016 60000 15000 0.2 0 0.8 0.1
0.228947368421053 0.228947368421053 0.202380952380952 0.25 95 95 21 1.621 1.592 0.016 0.016 60000 15000 0.2 0 0.8 0.1
0.242924528301887 0.242924528301887 0.202380952380952 0 106 106 21 1.754 1.758 0.016 0.016 60000 15000 0.2 0 0.8 0.1
0.240196078431373 0.240196078431373 0.19047619047619 0.25 102 102 21 1.66 1.62 0.0179999999999998 0.0150000000000006 60000 15000 0.2 0 0.8 0.1
0.262295081967213 0.262295081967213 0.226190476190476 0.25 122 122 21 1.979 1.941 0.0179999999999998 0.0150000000000006 60000 15000 0.2 0 0.8 0.1
0.254385964912281 0.254385964912281 0.285714285714286 0 114 114 21 1.884 1.837 0.016 0.0149999999999997 60000 15000 0.2 1 0.8 0.1
0.732558139534884 0.732558139534884 0.738095238095238 0.75 129 129 21 2.018 1.901 0.0140000000000002 0.0140000000000002 60000 15000 0.8 1 0.8 0.1
0.734126984126984 0.734126984126984 0.738095238095238 0.5 126 126 21 1.966 1.843 0.0140000000000002 0.0129999999999999 60000 15000 0.8 1 0.8 0.1
0.330912863070539 0.333333333333333 0.380952380952381 0.5 241 225 21 2.973 2.774 0.0119999999999996 0.0120000000000005 60000 15000 0.46 0 0.8 0.1
0.739754098360656 0.739754098360656 0.738095238095238 1 122 122 21 1.924 1.874 0.0179999999999998 0.0139999999999993 60000 15000 0.8 1 0.8 0.1
0.258474576271186 0.258474576271186 0.178571428571429 0.5 118 118 21 1.999 1.956 0.016 0.0190000000000001 60000 15000 0.2 0 0.8 0.1
0.263888888888889 0.263888888888889 0.25 0.5 126 126 21 2.116 1.981 0.0149999999999997 0.0149999999999997 60000 15000 0.2 0 0.8 0.1
0.734375 0.734375 0.761904761904762 0.75 128 128 21 2.013 1.903 0.0139999999999993 0.0140000000000002 60000 15000 0.8 1 0.8 0.1
0.267441860465116 0.267441860465116 0.238095238095238 0.25 129 129 21 2.107 2.018 0.0149999999999997 0.0149999999999997 60000 15000 0.209707104479894 0 0.8 0.1
0.275547445255474 0.275547445255474 0.297619047619048 0 137 137 21 2.256 2.113 0.016 0.016 60000 15000 0.2 0 0.8 0.1
0.308510638297872 0.308510638297872 0.357142857142857 0.5 188 188 21 2.396 2.333 0.0120000000000005 0.0119999999999996 60000 15000 0.343561163889244 0 0.8 0.1
0.693548387096774 0.693548387096774 0.797619047619048 0.75 186 186 21 2.607 2.513 0.0129999999999999 0.0129999999999999 60000 15000 0.8 1 0.8 0.1
0.344405594405594 0.353333333333333 0.392857142857143 0 286 225 21 3.527 2.718 0.0119999999999996 0.0140000000000002 60000 15000 0.439558303654194 1 0.8 0.1
0.283783783783784 0.283783783783784 0.238095238095238 0.25 148 148 21 2.47 2.361 0.0149999999999997 0.0150000000000006 60000 15000 0.2 0 0.8 0.1
0.276785714285714 0.276785714285714 0.416666666666667 0.75 140 140 21 2.28 2.167 0.0170000000000003 0.0169999999999995 60000 15000 0.234364473046735 1 0.8 0.1
0.279929577464789 0.279929577464789 0.25 0.75 142 142 21 2.382 2.267 0.0149999999999997 0.016 60000 15000 0.247308434005827 0 0.8 0.1
0.691489361702128 0.691489361702128 0.678571428571429 1 188 188 21 2.813 2.701 0.0149999999999997 0.0140000000000002 60000 15000 0.8 1 0.8 0.1
0.666666666666667 0.662222222222222 0.654761904761905 0.5 249 225 21 3.065 2.719 0.0120000000000005 0.0119999999999996 60000 15000 0.782959185447544 0 0.8 0.1
0.798076923076923 0.798076923076923 0.80952380952381 1 78 78 21 1.083 1.117 0.0129999999999999 0.0149999999999997 60000 15000 0.8 0 0.8 0.1
0.323529411764706 0.323529411764706 0.297619047619048 0 221 221 21 2.743 2.661 0.0119999999999996 0.0120000000000005 60000 15000 0.46 0 0.8 0.1
0.689432989690722 0.689432989690722 0.75 0.75 194 194 21 3.027 2.892 0.0149999999999997 0.0180000000000007 60000 15000 0.755087485443801 0 0.8 0.1
0.667670682730924 0.667777777777778 0.714285714285714 0.75 249 225 21 3.508 3.076 0.0149999999999997 0.0149999999999997 60000 15000 0.687001647800207 0 0.8 0.1
0.321428571428571 0.321428571428571 0.321428571428571 0.25 217 217 21 3.267 3.178 0.0169999999999995 0.0170000000000003 60000 15000 0.45323706774041 0 0.8 0.1
0.293939393939394 0.293939393939394 0.285714285714286 0 165 165 21 2.648 2.564 0.0149999999999997 0.0180000000000007 60000 15000 0.251952112950385 0 0.8 0.1
0.785294117647059 0.785294117647059 0.797619047619048 1 85 85 21 1.218 1.217 0.0139999999999998 0.0140000000000002 60000 15000 0.8 1 0.8 0.1
0.781609195402299 0.781609195402299 0.80952380952381 1 87 87 21 1.223 1.203 0.012 0.012 60000 15000 0.8 0 0.8 0.1
0.343639575971731 0.344444444444444 0.380952380952381 0.25 283 225 21 3.541 2.734 0.0119999999999996 0.0129999999999999 60000 15000 0.46 1 0.8 0.1
0.315853658536585 0.315853658536585 0.369047619047619 0 205 205 21 3.08 2.97 0.0140000000000002 0.0129999999999999 60000 15000 0.387290947716683 0 0.8 0.1
0.338014981273408 0.351111111111111 0.392857142857143 0 267 225 21 3.519 2.925 0.0129999999999999 0.0120000000000005 60000 15000 0.46 0 0.8 0.1
0.334 0.342222222222222 0.30952380952381 0.25 250 225 21 3.927 3.391 0.0120000000000005 0.0129999999999999 60000 15000 0.327964469622821 0 0.8 0.1
0.314070351758794 0.314070351758794 0.333333333333333 0.75 199 199 21 2.975 2.881 0.0140000000000002 0.0140000000000002 60000 15000 0.46 1 0.8 0.1
0.336832061068702 0.342222222222222 0.392857142857143 0.75 262 225 21 3.842 3.198 0.0150000000000006 0.0149999999999997 60000 15000 0.46 0 0.8 0.1
0.343416370106762 0.348888888888889 0.404761904761905 0.5 281 225 21 3.764 2.903 0.0149999999999997 0.0129999999999999 60000 15000 0.46 0 0.8 0.1
0.316985645933014 0.316985645933014 0.369047619047619 0.5 209 209 21 3.302 3.19 0.0139999999999993 0.0140000000000002 60000 15000 0.46 0 0.8 0.1
0.320276497695853 0.320276497695853 0.404761904761905 0.5 217 217 21 3.282 3.154 0.0169999999999995 0.0170000000000003 60000 15000 0.46 0 0.8 0.1
0.326419213973799 0.331111111111111 0.464285714285714 0.25 229 225 21 3.526 3.285 0.016 0.016 60000 15000 0.419141960861161 0 0.8 0.1
0.350638977635783 0.374444444444444 0.357142857142857 0.5 313 225 21 4.226 2.921 0.0129999999999999 0.0129999999999999 60000 15000 0.46 0 0.8 0.1
0.324776785714286 0.324776785714286 0.428571428571429 0.5 224 224 21 3.342 3.11 0.0139999999999993 0.0129999999999999 60000 15000 0.46 0 0.8 0.1
0.330912863070539 0.338888888888889 0.416666666666667 0.25 241 225 21 3.601 3.199 0.0140000000000002 0.0139999999999993 60000 15000 0.46 0 0.8 0.1
0.328059071729958 0.333333333333333 0.428571428571429 0.5 237 225 21 3.526 3.241 0.0139999999999993 0.0140000000000002 60000 15000 0.46 1 0.8 0.1
0.32725321888412 0.332222222222222 0.452380952380952 0.25 233 225 21 3.547 3.332 0.0150000000000006 0.0140000000000002 60000 15000 0.438509792853147 0 0.8 0.1
0.357771260997067 0.392222222222222 0.428571428571429 0.25 341 225 21 4.506 2.879 0.0130000000000017 0.0119999999999987 60000 15000 0.46 1 0.8 0.1
0.338679245283019 0.327777777777778 0.369047619047619 0 265 225 21 4.046 3.277 0.0169999999999995 0.0150000000000006 60000 15000 0.46 1 0.8 0.1
0.329497907949791 0.335555555555556 0.428571428571429 0.75 239 225 21 3.678 3.346 0.0140000000000002 0.0140000000000002 60000 15000 0.457655449369922 1 0.8 0.1
0.357771260997067 0.375555555555556 0.452380952380952 0.75 341 225 21 4.672 2.948 0.0129999999999999 0.0129999999999999 60000 15000 0.46 0 0.8 0.1
0.357971014492754 0.377777777777778 0.428571428571429 0.5 345 225 21 4.987 3.164 0.0140000000000011 0.0129999999999999 60000 15000 0.46 1 0.8 0.1
0.661931818181818 0.661111111111111 0.833333333333333 0.75 264 225 21 4.029 3.331 0.0139999999999993 0.016 60000 15000 0.8 1 0.8 0.1
0.340992647058824 0.362222222222222 0.476190476190476 0.75 272 225 21 3.987 3.232 0.0170000000000012 0.0129999999999999 60000 15000 0.46 0 0.8 0.1
0.347128378378378 0.362222222222222 0.369047619047619 0.75 296 225 21 4.018 3.065 0.0129999999999999 0.0129999999999999 60000 15000 0.46 0 0.8 0.1
0.338014981273408 0.346666666666667 0.452380952380952 0.5 267 225 21 4.131 3.375 0.0140000000000011 0.0139999999999993 60000 15000 0.370171074075624 1 0.8 0.1
0.339219330855019 0.344444444444444 0.380952380952381 0.5 269 225 21 4.139 3.316 0.0139999999999993 0.0150000000000006 60000 15000 0.46 1 0.8 0.1
0.346283783783784 0.35 0.345238095238095 0.25 296 225 21 4.419 3.219 0.0140000000000011 0.0139999999999993 60000 15000 0.46 0 0.8 0.1
0.348837209302326 0.37 0.476190476190476 0.5 301 225 21 4.427 3.162 0.0169999999999995 0.0129999999999999 60000 15000 0.46 0 0.8 0.1
0.351735015772871 0.358888888888889 0.476190476190476 0.25 317 225 21 4.361 3.01 0.0129999999999999 0.0129999999999999 60000 15000 0.46 0 0.8 0.1
0.355855855855856 0.384444444444444 0.452380952380952 0.5 333 225 21 4.61 3.03 0.0129999999999999 0.0119999999999987 60000 15000 0.46 0 0.8 0.1
0.366966580976864 0.393333333333333 0.511904761904762 0.75 389 225 21 5.528 3.074 0.0139999999999993 0.0129999999999999 60000 15000 0.46 0 0.8 0.1
0.372340425531915 0.407777777777778 0.416666666666667 0.75 423 225 21 5.58 2.92 0.0129999999999999 0.0150000000000006 60000 15000 0.46 0 0.8 0.1
0.354863221884498 0.368888888888889 0.488095238095238 0.25 329 225 21 4.782 3.057 0.0129999999999999 0.0129999999999999 60000 15000 0.46 0 0.8 0.1
0.640714285714286 0.635555555555556 0.642857142857143 0.5 350 225 21 5.046 3.151 0.020999999999999 0.0140000000000011 60000 15000 0.735945154819638 1 0.8 0.1
0.358695652173913 0.375555555555556 0.452380952380952 0.25 345 225 21 5.113 3.181 0.0150000000000006 0.0139999999999993 60000 15000 0.46 0 0.8 0.1
0.363696808510638 0.407777777777778 0.55952380952381 0.75 376 225 21 5.113 2.911 0.0129999999999999 0.0129999999999999 60000 15000 0.46 0 0.8 0.1
0.363575268817204 0.382222222222222 0.535714285714286 0.75 372 225 21 5.134 3.017 0.0139999999999993 0.0129999999999999 60000 15000 0.46 0 0.8 0.1
0.362704918032787 0.388888888888889 0.416666666666667 0.25 366 225 21 5.121 3.01 0.0120000000000005 0.016 60000 15000 0.46 1 0.8 0.1
0.363513513513514 0.395555555555556 0.428571428571429 0.5 370 225 21 5.508 3.24 0.0129999999999999 0.0139999999999993 60000 15000 0.46 0 0.8 0.1
0.365079365079365 0.367777777777778 0.392857142857143 0.75 378 225 21 5.564 3.207 0.016 0.0129999999999999 60000 15000 0.46 1 0.8 0.1
0.378707627118644 0.422222222222222 0.452380952380952 0.25 472 225 21 6.407 2.974 0.0120000000000005 0.0120000000000005 60000 15000 0.46 0 0.8 0.1
0.388181818181818 0.411111111111111 0.44047619047619 1 550 225 21 6.552 2.68 0.0119999999999987 0.0120000000000005 60000 15000 0.46 0 0.8 0.1
0.369430693069307 0.398888888888889 0.476190476190476 0.5 404 225 21 5.694 3.133 0.0140000000000011 0.0139999999999993 60000 15000 0.46 0 0.8 0.1
0.372641509433962 0.405555555555556 0.476190476190476 0.25 424 225 21 6.068 3.096 0.0139999999999993 0.0140000000000011 60000 15000 0.46 1 0.8 0.1
0.369804400977995 0.405555555555556 0.476190476190476 0 409 225 21 5.89 3.201 0.0169999999999995 0.0140000000000011 60000 15000 0.46 0 0.8 0.1
0.614191729323308 0.604444444444444 0.583333333333333 0.5 532 225 21 6.999 2.847 0.0120000000000005 0.0119999999999987 60000 15000 0.639806848857552 1 0.8 0.1
0.3837890625 0.428888888888889 0.452380952380952 0.75 512 225 21 6.997 2.955 0.0170000000000012 0.0129999999999999 60000 15000 0.46 1 0.8 0.1
0.378964059196617 0.418888888888889 0.428571428571429 0.75 473 225 21 6.683 3.043 0.0129999999999999 0.0129999999999999 60000 15000 0.46 0 0.8 0.1
0.37823275862069 0.403333333333333 0.428571428571429 0.5 464 225 21 6.86 3.703 0.016 0.0129999999999999 60000 15000 0.46 1 0.8 0.1
0.382264529058116 0.445555555555556 0.535714285714286 0.75 499 225 21 6.923 2.917 0.0169999999999995 0.0129999999999999 60000 15000 0.46 1 0.8 0.1
0.381338742393509 0.421111111111111 0.476190476190476 0.5 493 225 21 6.866 3.031 0.0139999999999993 0.0140000000000011 60000 15000 0.46 0 0.8 0.1
0.381390593047035 0.43 0.5 0.5 489 225 21 6.925 3.088 0.016 0.0129999999999999 60000 15000 0.46 0 0.8 0.1
0.609051724137931 0.598888888888889 0.523809523809524 0.5 580 225 21 7.505 2.812 0.0120000000000005 0.0109999999999992 60000 15000 0.652469176240265 0 0.8 0.1
0.388240574506284 0.44 0.452380952380952 0.75 557 225 21 7.531 2.961 0.016 0.0129999999999999 60000 15000 0.46 0 0.8 0.1
0.38623595505618 0.42 0.416666666666667 0.25 534 225 21 7.573 3.093 0.0129999999999999 0.0120000000000005 60000 15000 0.46 0 0.8 0.1
0.59978386167147 0.566666666666667 0.5 0.25 694 225 21 8.659 2.675 0.011000000000001 0.0109999999999992 60000 15000 0.478182200249285 0 0.8 0.1
0.598656294200849 0.571111111111111 0.5 0.5 707 225 21 8.383 2.689 0.0120000000000005 0.0109999999999992 60000 15000 0.509960022196174 1 0.8 0.1
0.397103658536585 0.473333333333333 0.416666666666667 0.75 656 225 21 8.208 2.77 0.0129999999999999 0.0150000000000006 60000 15000 0.46 0 0.8 0.1
0.397727272727273 0.505555555555556 0.595238095238095 0.75 660 225 21 8.898 2.993 0.0140000000000011 0.0129999999999999 60000 15000 0.46 0 0.8 0.1
0.594559585492228 0.555555555555556 0.547619047619048 0.75 772 225 21 9.857 2.849 0.0120000000000005 0.0129999999999999 60000 15000 0.416206306219101 1 0.8 0.1
0.587921348314607 0.52 0.357142857142857 0.5 890 225 21 10.653 2.654 0.0119999999999987 0.011000000000001 60000 15000 0.459829277265817 1 0.8 0.1
0.591687041564792 0.586666666666667 0.595238095238095 0.5 818 225 21 10.638 2.912 0.0130000000000017 0.0129999999999999 60000 15000 0.646715481672436 1 0.8 0.1
0.604003139717425 0.586666666666667 0.607142857142857 0.75 637 225 21 8.158 2.869 0.0150000000000006 0.0129999999999999 60000 15000 0.585573212616146 1 0.8 0.1
0.58843537414966 0.614444444444444 0.642857142857143 0.75 882 225 21 11.279 2.84 0.0120000000000005 0.0129999999999999 60000 15000 0.675204841326922 0 0.8 0.1
0.565543071161049 0.485555555555556 0.380952380952381 0.5 1602 225 21 18.951 2.505 0.0100000000000016 0.0100000000000016 60000 15000 0.280030308663845 0 0.8 0.1
0.572021116138763 0.474444444444444 0.357142857142857 0.25 1326 225 21 15.988 2.633 0.0139999999999993 0.0120000000000005 60000 15000 0.212782740965486 1 0.8 0.1
0.57864164432529 0.523333333333333 0.5 0.5 1119 225 21 13.79 2.704 0.0120000000000005 0.0109999999999992 60000 15000 0.443681538011879 0 0.8 0.1
0.564217443249701 0.424444444444444 0.357142857142857 0.5 1674 225 21 19.309 2.516 0.0109999999999992 0.0109999999999992 60000 15000 0.2 0 0.8 0.1
0.561672185430464 0.538888888888889 0.5 0.5 1812 225 21 20.611 2.515 0.00999999999999801 0.0100000000000016 60000 15000 0.484353203233332 1 0.8 0.1
0.563905325443787 0.375555555555556 0.25 0.5 1690 225 21 20.282 2.65 0.0109999999999992 0.0139999999999993 60000 15000 0.2 1 0.8 0.1
0.558589870903674 0.422222222222222 0.226190476190476 0 2014 225 21 22.322 2.493 0.0109999999999992 0.0130000000000017 60000 15000 0.206212119571865 0 0.8 0.1
0.559782608695652 0.387777777777778 0.297619047619048 0 1932 225 21 22.473 2.407 0.00999999999999801 0.0100000000000016 60000 15000 0.2 0 0.8 0.1
0.558011724474841 0.364444444444444 0.19047619047619 0 2047 225 21 22.58 2.32 0.0100000000000016 0.0119999999999969 60000 15000 0.2 1 0.8 0.1
0.55932418699187 0.376666666666667 0.285714285714286 0.25 1968 225 21 22.365 2.535 0.0129999999999981 0.0109999999999992 60000 15000 0.2 0 0.8 0.1
0.555200528867342 0.385555555555556 0.30952380952381 0.5 2269 225 21 24.826 2.213 0.00900000000000034 0.00900000000000034 60000 15000 0.2 1 0.8 0.1
0.55326354679803 0.438888888888889 0.30952380952381 0.25 2436 225 21 25.558 2.351 0.00999999999999801 0.0120000000000005 60000 15000 0.284652658645064 0 0.8 0.1
0.552194543297746 0.356666666666667 0.297619047619048 0.75 2529 225 21 29.089 2.55 0.0110000000000028 0.00999999999999801 60000 15000 0.2 1 0.8 0.1
0.549122807017544 0.46 0.392857142857143 0.5 2850 225 21 30.072 2.356 0.00999999999999801 0.00999999999999801 60000 15000 0.319932749867439 0 0.8 0.1
0.545508982035928 0.37 0.214285714285714 0 3340 225 21 36.647 2.455 0.0110000000000028 0.00999999999999801 60000 15000 0.242687757965177 0 0.8 0.1
