0.865 0.865 0.9 0.85 10 10 3 0.119 0.0860000000000001 0.00700000000000001 0.00700000000000001 20000 1000 0.8 1 0.8 0.3
0.175 0.175 0.133333333333333 0.2 12 12 3 0.129 0.0990000000000001 0.0069999999999999 0.00700000000000001 20000 1000 0.2 1 0.8 0.3
0.79 0.79 0.75 0.75 15 15 3 0.146 0.118 0.00700000000000001 0.00700000000000001 20000 1000 0.8 0 0.8 0.3
0.785294117647059 0.785294117647059 0.816666666666667 0.7 17 17 3 0.163 0.135 0.00700000000000001 0.00700000000000001 20000 1000 0.8 0 0.8 0.3
0.770588235294118 0.770588235294118 0.816666666666667 0.8 17 17 3 0.168 0.138 0.00700000000000001 0.00700000000000001 20000 1000 0.8 1 0.8 0.3
0.21 0.21 0.15 0.1 15 15 3 0.152 0.124 0.00700000000000001 0.00700000000000001 20000 1000 0.2 1 0.8 0.3
0.790625 0.790625 0.783333333333333 0.75 16 16 3 0.159 0.128 0.00700000000000001 0.00700000000000001 20000 1000 0.8 1 0.8 0.3
0.784375 0.784375 0.916666666666667 0.9 16 16 3 0.161 0.129 0.00700000000000001 0.00700000000000001 20000 1000 0.8 1 0.8 0.3
0.755263157894737 0.755263157894737 0.766666666666667 0.85 19 19 3 0.177 0.148 0.00600000000000001 0.00600000000000001 20000 1000 0.8 1 0.8 0.3
0.773529411764706 0.773529411764706 0.766666666666667 0.75 17 17 3 0.166 0.137 0.00700000000000001 0.00700000000000001 20000 1000 0.8 1 0.8 0.3
0.784375 0.784375 0.766666666666667 0.75 16 16 3 0.154 0.125 0.00700000000000001 0.00600000000000001 20000 1000 0.8 1 0.8 0.3
0.225 0.225 0.2 0.2 18 18 3 0.175 0.145 0.00700000000000001 0.00800000000000001 20000 1000 0.2 0 0.8 0.3
0.729166666666667 0.729166666666667 0.8 0.95 24 24 3 0.214 0.181 0.0069999999999999 0.00700000000000012 20000 1000 0.8 0 0.8 0.3
0.229411764705882 0.229411764705882 0.216666666666667 0.2 17 17 3 0.166 0.137 0.00700000000000001 0.00700000000000001 20000 1000 0.2 0 0.8 0.3
0.770588235294118 0.770588235294118 0.883333333333333 0.9 17 17 3 0.169 0.139 0.00700000000000001 0.00700000000000001 20000 1000 0.8 1 0.8 0.3
0.829166666666667 0.829166666666667 0.833333333333333 0.95 12 12 3 0.128 0.0960000000000001 0.00600000000000001 0.00600000000000001 20000 1000 0.8 1 0.8 0.3
0.823076923076923 0.823076923076923 0.883333333333333 0.9 13 13 3 0.135 0.104 0.00700000000000001 0.00700000000000001 20000 1000 0.8 1 0.8 0.3
0.815384615384615 0.815384615384615 0.766666666666667 0.95 13 13 3 0.134 0.103 0.00700000000000001 0.00700000000000001 20000 1000 0.8 0 0.8 0.3
0.796666666666667 0.796666666666667 0.9 0.75 15 15 3 0.148 0.12 0.00700000000000001 0.00700000000000001 20000 1000 0.8 1 0.8 0.3
0.769444444444444 0.769444444444444 0.783333333333333 0.75 18 18 3 0.172 0.143 0.00700000000000001 0.00700000000000001 20000 1000 0.8 1 0.8 0.3
0.196428571428571 0.196428571428571 0.2 0.25 14 14 3 0.143 0.112 0.00700000000000001 0.01 20000 1000 0.2 0 0.8 0.3
0.712068965517241 0.701851851851852 0.7 0.65 29 27 3 0.243 0.197 0.0069999999999999 0.00700000000000012 20000 1000 0.8 0 0.8 0.3
0.703333333333333 0.707407407407407 0.733333333333333 0.8 30 27 3 0.247 0.195 0.0069999999999999 0.00600000000000001 20000 1000 0.8 0 0.8 0.3
0.740909090909091 0.740909090909091 0.666666666666667 0.7 22 22 3 0.2 0.163 0.0099999999999999 0.00700000000000001 20000 1000 0.8 1 0.8 0.3
0.78125 0.78125 0.85 0.95 16 16 3 0.153 0.125 0.00700000000000001 0.00700000000000001 20000 1000 0.8 1 0.8 0.3
0.337755102040816 0.335185185185185 0.35 0.3 49 27 3 0.38 0.204 0.00700000000000012 0.0069999999999999 20000 1000 0.284755277282403 1 0.8 0.3
0.346363636363636 0.331481481481481 0.35 0.3 55 27 3 0.423 0.201 0.0069999999999999 0.00700000000000012 20000 1000 0.239644795090993 0 0.8 0.3
0.684210526315789 0.696296296296296 0.683333333333333 0.65 38 27 3 0.312 0.202 0.00700000000000012 0.00600000000000001 20000 1000 0.735747518620318 1 0.8 0.3
0.337234042553192 0.351851851851852 0.25 0.25 47 27 3 0.375 0.206 0.0110000000000001 0.0069999999999999 20000 1000 0.235359970753173 0 0.8 0.3
0.650909090909091 0.655555555555556 0.733333333333333 0.85 55 27 3 0.425 0.202 0.0069999999999999 0.00700000000000012 20000 1000 0.74606726226872 1 0.8 0.3
0.35 0.361111111111111 0.366666666666667 0.5 57 27 3 0.444 0.205 0.0069999999999999 0.00700000000000012 20000 1000 0.46 0 0.8 0.3
0.307352941176471 0.307407407407407 0.25 0.3 34 27 3 0.288 0.213 0.0069999999999999 0.00700000000000012 20000 1000 0.223802115152539 0 0.8 0.3
0.366428571428571 0.401851851851852 0.433333333333333 0.4 70 27 3 0.545 0.205 0.00700000000000012 0.00700000000000012 20000 1000 0.46 1 0.8 0.3
0.359230769230769 0.414814814814815 0.533333333333333 0.55 65 27 3 0.489 0.204 0.00700000000000012 0.0069999999999999 20000 1000 0.46 0 0.8 0.3
0.661458333333333 0.638888888888889 0.533333333333333 0.45 48 27 3 0.366 0.2 0.00600000000000001 0.00700000000000012 20000 1000 0.489683429621728 0 0.8 0.3
0.339795918367347 0.361111111111111 0.5 0.55 49 27 3 0.38 0.205 0.00700000000000012 0.00600000000000001 20000 1000 0.46 0 0.8 0.3
0.649107142857143 0.577777777777778 0.533333333333333 0.55 56 27 3 0.415 0.193 0.00600000000000001 0.00700000000000012 20000 1000 0.434005153609046 0 0.8 0.3
0.358730158730159 0.361111111111111 0.35 0.25 63 27 3 0.491 0.21 0.00700000000000012 0.0069999999999999 20000 1000 0.46 1 0.8 0.3
0.362878787878788 0.374074074074074 0.45 0.5 66 27 3 0.519 0.207 0.0069999999999999 0.00700000000000012 20000 1000 0.46 0 0.8 0.3
0.37797619047619 0.401851851851852 0.366666666666667 0.5 84 27 3 0.64 0.207 0.00700000000000012 0.0069999999999999 20000 1000 0.46 0 0.8 0.3
0.386224489795918 0.4 0.4 0.45 98 27 3 0.717 0.201 0.0069999999999999 0.00600000000000001 20000 1000 0.46 0 0.8 0.3
0.378735632183908 0.437037037037037 0.333333333333333 0.25 87 27 3 0.651 0.203 0.0069999999999999 0.00700000000000012 20000 1000 0.46 0 0.8 0.3
0.392592592592593 0.477777777777778 0.5 0.55 108 27 3 0.776 0.202 0.0069999999999999 0.00700000000000012 20000 1000 0.46 0 0.8 0.3
0.365714285714286 0.412962962962963 0.533333333333333 0.65 70 27 3 0.556 0.212 0.00700000000000012 0.0069999999999999 20000 1000 0.46 1 0.8 0.3
0.372784810126582 0.42037037037037 0.5 0.3 79 27 3 0.583 0.201 0.00700000000000012 0.0069999999999999 20000 1000 0.46 0 0.8 0.3
0.388942307692308 0.485185185185185 0.55 0.65 104 27 3 0.763 0.201 0.00700000000000012 0.0069999999999999 20000 1000 0.46 1 0.8 0.3
0.388725490196078 0.442592592592593 0.483333333333333 0.6 102 27 3 0.749 0.202 0.00700000000000012 0.0069999999999999 20000 1000 0.46 0 0.8 0.3
0.39047619047619 0.42037037037037 0.35 0.4 105 27 3 0.769 0.202 0.0069999999999999 0.00600000000000001 20000 1000 0.46 1 0.8 0.3
0.3859375 0.424074074074074 0.366666666666667 0.45 96 27 3 0.731 0.207 0.00700000000000012 0.0069999999999999 20000 1000 0.46 0 0.8 0.3
0.807142857142857 0.807142857142857 0.783333333333333 0.85 14 14 3 0.147 0.113 0.00700000000000001 0.01 20000 1000 0.8 1 0.8 0.3
0.807142857142857 0.807142857142857 0.8 0.7 14 14 3 0.149 0.116 0.00700000000000001 0.011 20000 1000 0.8 0 0.8 0.3
0.375 0.392592592592593 0.45 0.4 82 27 3 0.618 0.203 0.00700000000000012 0.00600000000000001 20000 1000 0.343623820465162 1 0.8 0.3
0.386734693877551 0.438888888888889 0.583333333333333 0.75 98 27 3 0.721 0.202 0.00700000000000012 0.00600000000000001 20000 1000 0.46 0 0.8 0.3
0.189285714285714 0.189285714285714 0.15 0.2 14 14 3 0.155 0.121 0.00700000000000001 0.012 20000 1000 0.2 0 0.8 0.3
0.773529411764706 0.773529411764706 0.7 0.75 17 17 3 0.169 0.14 0.00700000000000001 0.00700000000000001 20000 1000 0.8 0 0.8 0.3
0.79375 0.79375 0.733333333333333 0.9 16 16 3 0.162 0.132 0.00700000000000001 0.00700000000000001 20000 1000 0.8 1 0.8 0.3
0.604347826086956 0.544444444444444 0.466666666666667 0.4 115 27 3 0.829 0.199 0.00600000000000001 0.00600000000000001 20000 1000 0.479281425904116 1 0.8 0.3
0.375925925925926 0.396296296296296 0.366666666666667 0.4 81 27 3 0.67 0.215 0.00799999999999979 0.00700000000000012 20000 1000 0.46 1 0.8 0.3
0.619318181818182 0.52962962962963 0.316666666666667 0.4 88 27 3 0.66 0.203 0.00700000000000012 0.0069999999999999 20000 1000 0.24395462616016 0 0.8 0.3
0.621022727272727 0.535185185185185 0.333333333333333 0.3 88 27 3 0.691 0.215 0.00800000000000001 0.00700000000000012 20000 1000 0.2 0 0.8 0.3
0.389108910891089 0.42962962962963 0.583333333333333 0.6 101 27 3 0.743 0.201 0.0069999999999999 0.00600000000000001 20000 1000 0.46 1 0.8 0.3
0.763157894736842 0.763157894736842 0.783333333333333 0.7 19 19 3 0.185 0.154 0.0069999999999999 0.00700000000000001 20000 1000 0.8 1 0.8 0.3
0.387244897959184 0.435185185185185 0.483333333333333 0.4 98 27 3 0.707 0.198 0.00700000000000012 0.00600000000000001 20000 1000 0.46 1 0.8 0.3
0.385714285714286 0.424074074074074 0.466666666666667 0.45 98 27 3 0.721 0.201 0.0069999999999999 0.00700000000000012 20000 1000 0.46 0 0.8 0.3
0.784375 0.784375 0.8 0.75 16 16 3 0.163 0.129 0.00700000000000001 0.00600000000000001 20000 1000 0.8 1 0.8 0.3
0.558402203856749 0.351851851851852 0.416666666666667 0.5 363 27 3 2.644 0.207 0.00700000000000012 0.00699999999999967 20000 1000 0.46 0 0.8 0.3
0.384042553191489 0.461111111111111 0.55 0.45 94 27 3 0.761 0.218 0.0069999999999999 0.00700000000000012 20000 1000 0.46 0 0.8 0.3
0.840909090909091 0.840909090909091 0.816666666666667 0.75 11 11 3 0.129 0.0950000000000001 0.00700000000000001 0.00700000000000001 20000 1000 0.8 1 0.8 0.3
0.840909090909091 0.840909090909091 0.833333333333333 0.85 11 11 3 0.13 0.099 0.00700000000000001 0.00700000000000001 20000 1000 0.8 1 0.8 0.3
0.796666666666667 0.796666666666667 0.733333333333333 0.9 15 15 3 0.157 0.124 0.00700000000000001 0.00700000000000001 20000 1000 0.8 1 0.8 0.3
0.815384615384615 0.815384615384615 0.833333333333333 0.85 13 13 3 0.145 0.11 0.00700000000000001 0.00700000000000001 20000 1000 0.8 1 0.8 0.3
0.7875 0.7875 0.75 0.8 16 16 3 0.159 0.13 0.00700000000000001 0.00700000000000001 20000 1000 0.8 1 0.8 0.3
0.78125 0.78125 0.733333333333333 0.65 16 16 3 0.166 0.135 0.00700000000000001 0.00700000000000001 20000 1000 0.8 1 0.8 0.3
0.215625 0.215625 0.183333333333333 0.15 16 16 3 0.163 0.136 0.00700000000000001 0.00700000000000001 20000 1000 0.2 0 0.8 0.3
0.8 0.8 0.8 0.9 14 14 3 0.15 0.117 0.00700000000000001 0.011 20000 1000 0.8 1 0.8 0.3
0.766666666666667 0.766666666666667 0.7 0.65 18 18 3 0.18 0.151 0.00700000000000001 0.00700000000000001 20000 1000 0.8 1 0.8 0.3
0.770588235294118 0.770588235294118 0.766666666666667 0.7 17 17 3 0.175 0.147 0.00700000000000001 0.00800000000000001 20000 1000 0.8 0 0.8 0.3
0.803571428571429 0.803571428571429 0.783333333333333 0.7 14 14 3 0.142 0.111 0.00700000000000001 0.01 20000 1000 0.8 1 0.8 0.3
0.823076923076923 0.823076923076923 0.783333333333333 0.85 13 13 3 0.138 0.105 0.00700000000000001 0.00600000000000001 20000 1000 0.8 1 0.8 0.3
0.257142857142857 0.257142857142857 0.25 0.2 21 21 3 0.207 0.167 0.0069999999999999 0.00800000000000001 20000 1000 0.21378621987429 1 0.8 0.3
0.855 0.855 0.883333333333333 0.75 10 10 3 0.121 0.0880000000000001 0.00700000000000001 0.00700000000000001 20000 1000 0.8 1 0.8 0.3
0.793333333333333 0.793333333333333 0.85 0.85 15 15 3 0.154 0.124 0.00700000000000001 0.00700000000000001 20000 1000 0.8 1 0.8 0.3
0.79 0.79 0.783333333333333 0.8 15 15 3 0.147 0.119 0.00700000000000001 0.0069999999999999 20000 1000 0.8 1 0.8 0.3
0.819230769230769 0.819230769230769 0.866666666666667 0.85 13 13 3 0.144 0.109 0.0079999999999999 0.00700000000000001 20000 1000 0.8 1 0.8 0.3
0.817857142857143 0.817857142857143 0.85 0.7 14 14 3 0.148 0.115 0.00700000000000001 0.011 20000 1000 0.8 1 0.8 0.3
0.2475 0.2475 0.0833333333333333 0.1 20 20 3 0.183 0.155 0.00700000000000001 0.00600000000000001 20000 1000 0.2 0 0.8 0.3
0.2 0.2 0.166666666666667 0.1 14 14 3 0.15 0.118 0.00800000000000001 0.011 20000 1000 0.2 1 0.8 0.3
0.644915254237288 0.607407407407407 0.55 0.7 59 27 3 0.455 0.202 0.0069999999999999 0.00700000000000012 20000 1000 0.487242616949821 1 0.8 0.3
0.78125 0.78125 0.783333333333333 0.85 16 16 3 0.164 0.135 0.00700000000000001 0.00700000000000001 20000 1000 0.8 1 0.8 0.3
0.815384615384615 0.815384615384615 0.816666666666667 0.9 13 13 3 0.138 0.106 0.00700000000000001 0.00700000000000001 20000 1000 0.8 1 0.8 0.3
0.779411764705882 0.779411764705882 0.833333333333333 0.75 17 17 3 0.161 0.133 0.00600000000000001 0.00700000000000001 20000 1000 0.8 1 0.8 0.3
0.236111111111111 0.236111111111111 0.216666666666667 0.2 18 18 3 0.18 0.152 0.00700000000000001 0.00700000000000001 20000 1000 0.2 0 0.8 0.3
0.356451612903226 0.366666666666667 0.366666666666667 0.2 62 27 3 0.495 0.212 0.0109999999999999 0.00700000000000012 20000 1000 0.46 1 0.8 0.3
0.355737704918033 0.35 0.283333333333333 0.3 61 27 3 0.483 0.21 0.0069999999999999 0.0109999999999999 20000 1000 0.322448993662092 0 0.8 0.3
0.35327868852459 0.385185185185185 0.45 0.45 61 27 3 0.474 0.206 0.0069999999999999 0.0110000000000001 20000 1000 0.46 1 0.8 0.3
0.361538461538462 0.366666666666667 0.4 0.25 65 27 3 0.502 0.21 0.0069999999999999 0.0069999999999999 20000 1000 0.46 1 0.8 0.3
0.35655737704918 0.394444444444444 0.4 0.45 61 27 3 0.482 0.209 0.0069999999999999 0.0109999999999999 20000 1000 0.46 0 0.8 0.3
0.581989247311828 0.42037037037037 0.2 0.2 186 27 3 1.296 0.181 0.00599999999999978 0.00599999999999978 20000 1000 0.2 1 0.8 0.3
0.563725490196078 0.287037037037037 0.233333333333333 0.35 306 27 3 2.31 0.209 0.00700000000000012 0.0100000000000002 20000 1000 0.2 1 0.8 0.3
0.315789473684211 0.3 0.216666666666667 0.25 38 27 3 0.332 0.216 0.0069999999999999 0.00700000000000012 20000 1000 0.2 0 0.8 0.3
0.31 0.298148148148148 0.3 0.2 35 27 3 0.29 0.209 0.00700000000000012 0.0069999999999999 20000 1000 0.2 0 0.8 0.3
0.365714285714286 0.377777777777778 0.45 0.4 70 27 3 0.555 0.211 0.0069999999999999 0.00700000000000012 20000 1000 0.362314057262541 1 0.8 0.3
0.320731707317073 0.331481481481481 0.3 0.3 41 27 3 0.339 0.209 0.00700000000000012 0.00700000000000012 20000 1000 0.391420194050312 1 0.8 0.3
0.3225 0.307407407407407 0.35 0.25 40 27 3 0.318 0.201 0.0069999999999999 0.00600000000000001 20000 1000 0.46 1 0.8 0.3
0.840909090909091 0.840909090909091 0.783333333333333 0.8 11 11 3 0.132 0.0970000000000001 0.0069999999999999 0.00700000000000001 20000 1000 0.8 1 0.8 0.3
0.815384615384615 0.815384615384615 0.783333333333333 0.7 13 13 3 0.145 0.11 0.00700000000000001 0.00700000000000001 20000 1000 0.8 1 0.8 0.3
0.836363636363636 0.836363636363636 0.85 0.85 11 11 3 0.131 0.097 0.00700000000000001 0.00700000000000001 20000 1000 0.8 0 0.8 0.3
0.370779220779221 0.401851851851852 0.416666666666667 0.6 77 27 3 0.589 0.207 0.0109999999999999 0.00700000000000012 20000 1000 0.46 0 0.8 0.3
0.370666666666667 0.390740740740741 0.383333333333333 0.5 75 27 3 0.591 0.213 0.00800000000000001 0.0069999999999999 20000 1000 0.46 0 0.8 0.3
0.621264367816092 0.533333333333333 0.366666666666667 0.35 87 27 3 0.627 0.196 0.0069999999999999 0.00600000000000001 20000 1000 0.2 0 0.8 0.3
0.8 0.8 0.75 0.75 14 14 3 0.145 0.113 0.00599999999999989 0.01 20000 1000 0.8 1 0.8 0.3
0.807142857142857 0.807142857142857 0.816666666666667 0.85 14 14 3 0.146 0.113 0.00599999999999989 0.01 20000 1000 0.8 1 0.8 0.3
0.8 0.8 0.766666666666667 0.6 14 14 3 0.149 0.115 0.00700000000000001 0.01 20000 1000 0.8 0 0.8 0.3
0.7875 0.7875 0.733333333333333 0.85 16 16 3 0.161 0.133 0.00700000000000001 0.00700000000000001 20000 1000 0.8 1 0.8 0.3
0.796666666666667 0.796666666666667 0.783333333333333 0.8 15 15 3 0.169 0.134 0.00800000000000001 0.00800000000000001 20000 1000 0.8 0 0.8 0.3
0.6984375 0.692592592592593 0.7 0.55 32 27 3 0.266 0.199 0.01 0.00700000000000012 20000 1000 0.607805803836894 0 0.8 0.3
0.793333333333333 0.793333333333333 0.866666666666667 0.95 15 15 3 0.159 0.132 0.00700000000000001 0.00700000000000001 20000 1000 0.8 0 0.8 0.3
0.773529411764706 0.773529411764706 0.75 0.8 17 17 3 0.167 0.139 0.00700000000000001 0.00700000000000001 20000 1000 0.8 1 0.8 0.3
0.651851851851852 0.605555555555556 0.6 0.55 54 27 3 0.403 0.194 0.00700000000000012 0.00600000000000001 20000 1000 0.367546430783904 0 0.8 0.3
0.583519553072626 0.405555555555556 0.266666666666667 0.3 179 27 3 1.181 0.18 0.00600000000000001 0.00499999999999989 20000 1000 0.2 0 0.8 0.3
0.383695652173913 0.45 0.416666666666667 0.35 92 27 3 0.703 0.209 0.0110000000000001 0.0069999999999999 20000 1000 0.46 0 0.8 0.3
0.635294117647059 0.625925925925926 0.683333333333333 0.7 68 27 3 0.514 0.201 0.0069999999999999 0.00700000000000012 20000 1000 0.735858705939059 1 0.8 0.3
0.351724137931034 0.346296296296296 0.4 0.05 58 27 3 0.472 0.212 0.00700000000000012 0.00700000000000012 20000 1000 0.46 1 0.8 0.3
0.382967032967033 0.412962962962963 0.533333333333333 0.55 91 27 3 0.673 0.202 0.00700000000000012 0.01 20000 1000 0.46 0 0.8 0.3
0.634507042253521 0.609259259259259 0.483333333333333 0.6 71 27 3 0.549 0.206 0.00700000000000012 0.00600000000000001 20000 1000 0.543628349883109 0 0.8 0.3
0.35952380952381 0.348148148148148 0.316666666666667 0.4 63 27 3 0.5 0.213 0.00700000000000012 0.0069999999999999 20000 1000 0.262132324793205 0 0.8 0.3
0.386868686868687 0.427777777777778 0.483333333333333 0.5 99 27 3 0.739 0.204 0.0069999999999999 0.00700000000000012 20000 1000 0.46 1 0.8 0.3
0.36875 0.385185185185185 0.4 0.4 72 27 3 0.553 0.206 0.00700000000000012 0.0069999999999999 20000 1000 0.46 1 0.8 0.3
0.391588785046729 0.494444444444444 0.533333333333333 0.6 107 27 3 0.813 0.208 0.0110000000000001 0.0069999999999999 20000 1000 0.46 1 0.8 0.3
0.374683544303797 0.414814814814815 0.416666666666667 0.35 79 27 3 0.621 0.217 0.0069999999999999 0.00700000000000012 20000 1000 0.46 0 0.8 0.3
0.371333333333333 0.362962962962963 0.466666666666667 0.4 75 27 3 0.572 0.204 0.00700000000000012 0.00700000000000012 20000 1000 0.397751778713495 1 0.8 0.3
0.629333333333333 0.577777777777778 0.55 0.55 75 27 3 0.576 0.205 0.0069999999999999 0.00700000000000012 20000 1000 0.440873369898966 1 0.8 0.3
0.357142857142857 0.372222222222222 0.4 0.5 63 27 3 0.48 0.205 0.00700000000000012 0.0069999999999999 20000 1000 0.417305892094148 0 0.8 0.3
0.389903846153846 0.451851851851852 0.516666666666667 0.7 104 27 3 0.781 0.208 0.00700000000000012 0.0069999999999999 20000 1000 0.46 0 0.8 0.3
0.67625 0.67037037037037 0.616666666666667 0.55 40 27 3 0.32 0.201 0.00600000000000001 0.0069999999999999 20000 1000 0.753322390627233 1 0.8 0.3
0.360769230769231 0.364814814814815 0.333333333333333 0.35 65 27 3 0.514 0.211 0.0069999999999999 0.00700000000000012 20000 1000 0.46 1 0.8 0.3
0.296666666666667 0.296296296296296 0.383333333333333 0.25 30 27 3 0.264 0.21 0.00700000000000012 0.00700000000000012 20000 1000 0.2 0 0.8 0.3
0.362121212121212 0.375925925925926 0.416666666666667 0.55 66 27 3 0.527 0.207 0.00700000000000012 0.00700000000000012 20000 1000 0.46 0 0.8 0.3
0.67875 0.666666666666667 0.6 0.55 40 27 3 0.328 0.204 0.00700000000000012 0.0069999999999999 20000 1000 0.725017124665696 0 0.8 0.3
0.650892857142857 0.701851851851852 0.8 0.8 56 27 3 0.436 0.202 0.0069999999999999 0.00700000000000012 20000 1000 0.799655038150457 0 0.8 0.3
0.377380952380952 0.414814814814815 0.433333333333333 0.45 84 27 3 0.665 0.212 0.0069999999999999 0.0069999999999999 20000 1000 0.46 1 0.8 0.3
0.373076923076923 0.440740740740741 0.633333333333333 0.55 78 27 3 0.605 0.213 0.00700000000000012 0.0069999999999999 20000 1000 0.46 1 0.8 0.3
0.366901408450704 0.392592592592593 0.483333333333333 0.6 71 27 3 0.538 0.203 0.00700000000000012 0.00600000000000001 20000 1000 0.46 1 0.8 0.3
0.381318681318681 0.461111111111111 0.516666666666667 0.45 91 27 3 0.691 0.208 0.00700000000000012 0.01 20000 1000 0.46 0 0.8 0.3
0.382608695652174 0.422222222222222 0.383333333333333 0.4 92 27 3 0.687 0.204 0.0109999999999999 0.00700000000000012 20000 1000 0.46 0 0.8 0.3
0.383152173913043 0.459259259259259 0.45 0.4 92 27 3 0.694 0.204 0.01 0.0069999999999999 20000 1000 0.46 1 0.8 0.3
0.34 0.353703703703704 0.366666666666667 0.35 50 27 3 0.4 0.211 0.00800000000000001 0.0069999999999999 20000 1000 0.388136160331305 0 0.8 0.3
0.354838709677419 0.353703703703704 0.416666666666667 0.45 62 27 3 0.489 0.207 0.0109999999999999 0.0069999999999999 20000 1000 0.46 0 0.8 0.3
0.355833333333333 0.357407407407407 0.316666666666667 0.25 60 27 3 0.477 0.207 0.00700000000000012 0.0069999999999999 20000 1000 0.46 0 0.8 0.3
0.386224489795918 0.462962962962963 0.433333333333333 0.5 98 27 3 0.721 0.201 0.00700000000000012 0.0069999999999999 20000 1000 0.46 0 0.8 0.3
0.36 0.35 0.45 0.4 65 27 3 0.497 0.206 0.00700000000000012 0.0069999999999999 20000 1000 0.273368020503642 1 0.8 0.3
0.358064516129032 0.396296296296296 0.566666666666667 0.55 62 27 3 0.491 0.206 0.0109999999999999 0.0069999999999999 20000 1000 0.46 1 0.8 0.3
0.394642857142857 0.457407407407407 0.4 0.4 112 27 3 0.843 0.207 0.00800000000000001 0.0069999999999999 20000 1000 0.46 1 0.8 0.3
0.38921568627451 0.416666666666667 0.466666666666667 0.45 102 27 3 0.743 0.201 0.00700000000000012 0.00600000000000001 20000 1000 0.46 1 0.8 0.3
0.387 0.433333333333333 0.316666666666667 0.4 100 27 3 0.773 0.211 0.0069999999999999 0.0069999999999999 20000 1000 0.46 0 0.8 0.3
0.383870967741935 0.407407407407407 0.533333333333333 0.55 93 27 3 0.737 0.22 0.00800000000000001 0.00700000000000012 20000 1000 0.46 0 0.8 0.3
0.595323741007194 0.42037037037037 0.266666666666667 0.3 139 27 3 1.026 0.209 0.0069999999999999 0.00700000000000012 20000 1000 0.2 0 0.8 0.3
0.363970588235294 0.392592592592593 0.45 0.45 68 27 3 0.541 0.21 0.00800000000000001 0.00700000000000012 20000 1000 0.46 0 0.8 0.3
0.633561643835616 0.551851851851852 0.433333333333333 0.55 73 27 3 0.537 0.197 0.0069999999999999 0.00600000000000001 20000 1000 0.449575922022476 1 0.8 0.3
0.396120689655172 0.474074074074074 0.416666666666667 0.35 116 27 3 0.863 0.206 0.0069999999999999 0.0069999999999999 20000 1000 0.46 1 0.8 0.3
0.574122807017544 0.346296296296296 0.216666666666667 0.15 228 27 3 1.68 0.212 0.00700000000000012 0.00699999999999967 20000 1000 0.2 1 0.8 0.3
0.600806451612903 0.531481481481481 0.466666666666667 0.55 124 27 3 0.884 0.202 0.00700000000000012 0.0069999999999999 20000 1000 0.228374826801366 1 0.8 0.3
0.366891891891892 0.361111111111111 0.366666666666667 0.45 74 27 3 0.575 0.209 0.00700000000000012 0.00700000000000012 20000 1000 0.46 0 0.8 0.3
0.592176870748299 0.440740740740741 0.266666666666667 0.3 147 27 3 1.079 0.206 0.0069999999999999 0.00700000000000012 20000 1000 0.2 0 0.8 0.3
0.613775510204082 0.52037037037037 0.416666666666667 0.4 98 27 3 0.714 0.2 0.0069999999999999 0.00600000000000001 20000 1000 0.2 1 0.8 0.3
0.373717948717949 0.375925925925926 0.4 0.35 78 27 3 0.593 0.208 0.0069999999999999 0.0069999999999999 20000 1000 0.46 1 0.8 0.3
0.574557522123894 0.344444444444444 0.183333333333333 0.15 226 27 3 1.607 0.205 0.00800000000000001 0.00999999999999979 20000 1000 0.2 1 0.8 0.3
0.375 0.416666666666667 0.416666666666667 0.35 80 27 3 0.604 0.206 0.0069999999999999 0.00600000000000001 20000 1000 0.46 0 0.8 0.3
0.609345794392523 0.472222222222222 0.3 0.25 107 27 3 0.783 0.202 0.01 0.0069999999999999 20000 1000 0.2 0 0.8 0.3
0.378823529411765 0.411111111111111 0.433333333333333 0.4 85 27 3 0.656 0.21 0.00700000000000012 0.0069999999999999 20000 1000 0.46 1 0.8 0.3
0.379885057471264 0.425925925925926 0.55 0.7 87 27 3 0.655 0.205 0.0069999999999999 0.00700000000000012 20000 1000 0.46 1 0.8 0.3
0.618888888888889 0.540740740740741 0.433333333333333 0.35 90 27 3 0.679 0.206 0.0069999999999999 0.00700000000000012 20000 1000 0.2 0 0.8 0.3
0.571747967479675 0.338888888888889 0.233333333333333 0.3 246 27 3 1.736 0.23 0.00599999999999978 0.00700000000000012 20000 1000 0.2 0 0.8 0.3
0.38125 0.387037037037037 0.416666666666667 0.45 88 27 3 0.681 0.209 0.00800000000000001 0.0069999999999999 20000 1000 0.46 1 0.8 0.3
0.612755102040816 0.509259259259259 0.3 0.2 98 27 3 0.728 0.203 0.00700000000000012 0.0069999999999999 20000 1000 0.2 0 0.8 0.3
0.382022471910112 0.398148148148148 0.516666666666667 0.65 89 27 3 0.683 0.211 0.0069999999999999 0.00700000000000012 20000 1000 0.46 0 0.8 0.3
0.602892561983471 0.47037037037037 0.233333333333333 0.15 121 27 3 0.892 0.206 0.0069999999999999 0.01 20000 1000 0.2 1 0.8 0.3
0.387244897959184 0.459259259259259 0.416666666666667 0.35 98 27 3 0.753 0.21 0.0069999999999999 0.00600000000000001 20000 1000 0.46 0 0.8 0.3
0.3859375 0.418518518518519 0.383333333333333 0.45 96 27 3 0.74 0.209 0.0069999999999999 0.0069999999999999 20000 1000 0.46 1 0.8 0.3
0.603879310344828 0.512962962962963 0.4 0.3 116 27 3 0.814 0.194 0.00700000000000012 0.0069999999999999 20000 1000 0.44171890110681 0 0.8 0.3
0.561178247734139 0.353703703703704 0.55 0.55 331 27 3 1.917 0.161 0.00600000000000023 0.00499999999999989 20000 1000 0.46 0 0.8 0.3
0.577536231884058 0.366666666666667 0.266666666666667 0.35 207 27 3 1.464 0.221 0.00700000000000012 0.00700000000000012 20000 1000 0.2 0 0.8 0.3
0.554939759036145 0.42962962962963 0.483333333333333 0.4 415 27 3 2.986 0.202 0.00700000000000012 0.00700000000000012 20000 1000 0.46 1 0.8 0.3
0.585798816568047 0.398148148148148 0.183333333333333 0.1 169 27 3 1.229 0.209 0.00700000000000012 0.00699999999999967 20000 1000 0.2 0 0.8 0.3
0.587349397590361 0.496296296296296 0.433333333333333 0.3 166 27 3 1.148 0.196 0.00600000000000001 0.01 20000 1000 0.27030691458659 0 0.8 0.3
0.579591836734694 0.340740740740741 0.183333333333333 0.15 196 27 3 1.398 0.219 0.00800000000000001 0.0129999999999999 20000 1000 0.2 0 0.8 0.3
0.55891364902507 0.37962962962963 0.4 0.4 359 27 3 2.391 0.185 0.00600000000000023 0.00700000000000012 20000 1000 0.374042969892663 1 0.8 0.3
0.583707865168539 0.385185185185185 0.266666666666667 0.2 178 27 3 1.253 0.199 0.00699999999999967 0.00600000000000023 20000 1000 0.2 0 0.8 0.3
0.571694214876033 0.32962962962963 0.216666666666667 0.2 242 27 3 1.544 0.196 0.0350000000000001 0.00599999999999978 20000 1000 0.2 1 0.8 0.3
0.575 0.318518518518519 0.15 0.1 222 27 3 1.607 0.198 0.00700000000000012 0.00599999999999978 20000 1000 0.2 0 0.8 0.3
0.564715719063545 0.362962962962963 0.3 0.45 299 27 3 1.833 0.167 0.00599999999999978 0.00600000000000023 20000 1000 0.277303818803603 0 0.8 0.3
0.566964285714286 0.346296296296296 0.283333333333333 0.25 280 27 3 1.987 0.191 0.00599999999999978 0.00600000000000023 20000 1000 0.237351769392238 0 0.8 0.3
0.567148014440433 0.333333333333333 0.316666666666667 0.25 277 27 3 1.84 0.178 0.00600000000000023 0.00499999999999989 20000 1000 0.2 1 0.8 0.3
0.564695945945946 0.312962962962963 0.383333333333333 0.45 296 27 3 1.89 0.178 0.00700000000000012 0.00599999999999978 20000 1000 0.2 0 0.8 0.3
0.564617940199336 0.357407407407407 0.3 0.3 301 27 3 2.093 0.19 0.00700000000000012 0.00699999999999967 20000 1000 0.424470714064437 1 0.8 0.3
0.562538699690402 0.4 0.55 0.65 323 27 3 2.202 0.189 0.0089999999999999 0.00599999999999978 20000 1000 0.46 1 0.8 0.3
0.560285714285714 0.364814814814815 0.433333333333333 0.4 350 27 3 2.357 0.191 0.00599999999999978 0.00700000000000012 20000 1000 0.447890010185675 1 0.8 0.3
0.559305555555556 0.394444444444444 0.433333333333333 0.35 360 27 3 2.256 0.184 0.00499999999999989 0.00500000000000034 20000 1000 0.46 0 0.8 0.3
0.557427055702918 0.366666666666667 0.216666666666667 0.1 377 27 3 2.269 0.166 0.00600000000000023 0.00499999999999989 20000 1000 0.2 0 0.8 0.3
0.55620253164557 0.359259259259259 0.383333333333333 0.3 395 27 3 2.648 0.161 0.00599999999999978 0.00500000000000034 20000 1000 0.46 1 0.8 0.3
