0.808163265306122 0.808163265306122 0.824489795918367 0.824489795918367 2 2 1 0.155 0.131 0.056 0.056 60000 245 0.8 1 0.8 0.5
0.844897959183673 0.844897959183673 0.844897959183673 0.844897959183673 1 1 1 0.107 0.0749999999999997 0.0570000000000004 0.0569999999999999 60000 245 0.8 1 0.8 0.5
0.820408163265306 0.820408163265306 0.83265306122449 0.83265306122449 2 2 1 0.165 0.14 0.0590000000000002 0.0590000000000002 60000 245 0.8 1 0.8 0.5
0.8 0.8 0.791836734693877 0.791836734693877 2 2 1 0.159 0.133 0.056 0.0569999999999999 60000 245 0.8 1 0.8 0.5
0.23265306122449 0.23265306122449 0.216326530612245 0.216326530612245 2 2 1 0.154 0.13 0.0550000000000002 0.0550000000000002 60000 245 0.2 0 0.8 0.5
0.787755102040816 0.787755102040816 0.791836734693877 0.791836734693877 2 2 1 0.16 0.133 0.0569999999999999 0.056 60000 245 0.8 1 0.8 0.5
0.159183673469388 0.159183673469388 0.159183673469388 0.159183673469388 1 1 1 0.107 0.0740000000000003 0.0579999999999998 0.0579999999999998 60000 245 0.2 0 0.8 0.5
0.8 0.8 0.804081632653061 0.804081632653061 2 2 1 0.155 0.13 0.056 0.0549999999999997 60000 245 0.8 1 0.8 0.5
0.797959183673469 0.797959183673469 0.8 0.8 2 2 1 0.165 0.139 0.0600000000000001 0.0590000000000002 60000 245 0.8 1 0.8 0.5
0.797959183673469 0.797959183673469 0.76734693877551 0.76734693877551 2 2 1 0.162 0.136 0.0579999999999998 0.0569999999999999 60000 245 0.8 0 0.8 0.5
0.238775510204082 0.238775510204082 0.248979591836735 0.248979591836735 2 2 1 0.162 0.136 0.0569999999999999 0.0570000000000004 60000 245 0.2 0 0.8 0.5
0.781632653061225 0.781632653061225 0.779591836734694 0.779591836734694 2 2 1 0.159 0.132 0.0549999999999997 0.0549999999999997 60000 245 0.8 1 0.8 0.5
0.797959183673469 0.797959183673469 0.779591836734694 0.779591836734694 2 2 1 0.158 0.134 0.0569999999999999 0.056 60000 245 0.8 1 0.8 0.5
0.783673469387755 0.783673469387755 0.76734693877551 0.76734693877551 2 2 1 0.165 0.139 0.0600000000000001 0.0590000000000002 60000 245 0.8 1 0.8 0.5
0.775510204081633 0.775510204081633 0.76734693877551 0.76734693877551 2 2 1 0.157 0.133 0.0570000000000004 0.0559999999999996 60000 245 0.8 1 0.8 0.5
0.783673469387755 0.783673469387755 0.763265306122449 0.763265306122449 2 2 1 0.158 0.134 0.0569999999999999 0.0569999999999999 60000 245 0.8 0 0.8 0.5
0.826530612244898 0.826530612244898 0.816326530612245 0.816326530612245 2 2 1 0.169 0.137 0.0579999999999998 0.0590000000000002 60000 245 0.8 1 0.8 0.5
0.246938775510204 0.246938775510204 0.187755102040816 0.187755102040816 2 2 1 0.179 0.143 0.0599999999999996 0.0600000000000001 60000 245 0.2 0 0.8 0.5
0.775510204081633 0.775510204081633 0.775510204081633 0.775510204081633 2 2 1 0.16 0.135 0.0569999999999999 0.0569999999999999 60000 245 0.8 1 0.8 0.5
0.251700680272109 0.251700680272109 0.261224489795918 0.261224489795918 3 3 1 0.207 0.185 0.056 0.0550000000000002 60000 245 0.2 0 0.8 0.5
0.295238095238095 0.295238095238095 0.253061224489796 0.253061224489796 3 3 1 0.214 0.19 0.056 0.0569999999999999 60000 245 0.2 0 0.8 0.5
0.802040816326531 0.802040816326531 0.779591836734694 0.779591836734694 2 2 1 0.163 0.139 0.0579999999999998 0.0590000000000002 60000 245 0.8 1 0.8 0.5
0.791836734693877 0.791836734693877 0.763265306122449 0.763265306122449 2 2 1 0.158 0.134 0.0570000000000004 0.0569999999999999 60000 245 0.8 1 0.8 0.5
0.771428571428571 0.771428571428571 0.771428571428571 0.771428571428571 2 2 1 0.164 0.138 0.0580000000000003 0.0579999999999998 60000 245 0.8 0 0.8 0.5
0.722448979591837 0.722448979591837 0.73469387755102 0.73469387755102 3 3 1 0.215 0.19 0.0569999999999999 0.0569999999999999 60000 245 0.8 0 0.8 0.5
0.287074829931973 0.287074829931973 0.257142857142857 0.257142857142857 3 3 1 0.223 0.197 0.0589999999999997 0.0590000000000002 60000 245 0.2 0 0.8 0.5
0.812244897959184 0.812244897959184 0.828571428571429 0.828571428571429 2 2 1 0.165 0.139 0.0590000000000002 0.0590000000000002 60000 245 0.8 1 0.8 0.5
0.812244897959184 0.812244897959184 0.824489795918367 0.824489795918367 2 2 1 0.162 0.138 0.0579999999999998 0.0580000000000003 60000 245 0.8 0 0.8 0.5
0.259183673469388 0.259183673469388 0.228571428571429 0.228571428571429 2 2 1 0.17 0.143 0.0609999999999999 0.0610000000000004 60000 245 0.2 0 0.8 0.5
0.824489795918367 0.824489795918367 0.812244897959184 0.812244897959184 2 2 1 0.162 0.136 0.0569999999999999 0.0609999999999999 60000 245 0.8 1 0.8 0.5
0.76734693877551 0.76734693877551 0.775510204081633 0.775510204081633 2 2 1 0.165 0.133 0.0569999999999999 0.0590000000000002 60000 245 0.8 1 0.8 0.5
0.787755102040816 0.787755102040816 0.783673469387755 0.783673469387755 2 2 1 0.161 0.136 0.0570000000000004 0.0569999999999999 60000 245 0.8 1 0.8 0.5
0.8 0.8 0.812244897959184 0.812244897959184 2 2 1 0.16 0.136 0.0569999999999999 0.0570000000000004 60000 245 0.8 1 0.8 0.5
0.773469387755102 0.773469387755102 0.76734693877551 0.76734693877551 2 2 1 0.161 0.136 0.0570000000000004 0.0569999999999999 60000 245 0.8 1 0.8 0.5
0.755102040816326 0.755102040816326 0.763265306122449 0.763265306122449 2 2 1 0.161 0.135 0.0569999999999999 0.0579999999999998 60000 245 0.8 1 0.8 0.5
0.773469387755102 0.773469387755102 0.791836734693877 0.791836734693877 2 2 1 0.163 0.137 0.0579999999999998 0.0569999999999999 60000 245 0.8 1 0.8 0.5
0.795918367346939 0.795918367346939 0.808163265306122 0.808163265306122 2 2 1 0.164 0.139 0.0580000000000003 0.0579999999999998 60000 245 0.8 1 0.8 0.5
0.844897959183673 0.844897959183673 0.844897959183673 0.844897959183673 1 1 1 0.109 0.0750000000000002 0.0579999999999998 0.0580000000000003 60000 245 0.8 1 0.8 0.5
0.23469387755102 0.23469387755102 0.208163265306122 0.208163265306122 2 2 1 0.164 0.138 0.0590000000000002 0.0589999999999997 60000 245 0.2 0 0.8 0.5
0.349659863945578 0.362244897959184 0.342857142857143 0.342857142857143 6 4 1 0.387 0.245 0.0959999999999996 0.0529999999999999 60000 245 0.314270306736631 0 0.8 0.5
0.222448979591837 0.222448979591837 0.244897959183673 0.244897959183673 2 2 1 0.164 0.139 0.0590000000000002 0.0579999999999998 60000 245 0.2 0 0.8 0.5
0.269387755102041 0.269387755102041 0.224489795918367 0.224489795918367 3 3 1 0.227 0.201 0.0590000000000002 0.0600000000000001 60000 245 0.2 0 0.8 0.5
0.210204081632653 0.210204081632653 0.208163265306122 0.208163265306122 2 2 1 0.162 0.138 0.0589999999999997 0.0580000000000003 60000 245 0.2 0 0.8 0.5
0.814285714285714 0.814285714285714 0.804081632653061 0.804081632653061 2 2 1 0.164 0.139 0.0590000000000002 0.0590000000000002 60000 245 0.8 1 0.8 0.5
0.297959183673469 0.297959183673469 0.26530612244898 0.26530612244898 3 3 1 0.228 0.202 0.0609999999999999 0.0600000000000001 60000 245 0.2 0 0.8 0.5
0.76734693877551 0.76734693877551 0.783673469387755 0.783673469387755 2 2 1 0.166 0.142 0.0590000000000002 0.0590000000000002 60000 245 0.8 1 0.8 0.5
0.783673469387755 0.783673469387755 0.76734693877551 0.76734693877551 2 2 1 0.165 0.139 0.0599999999999996 0.0590000000000002 60000 245 0.8 0 0.8 0.5
0.76530612244898 0.76530612244898 0.795918367346939 0.795918367346939 2 2 1 0.167 0.141 0.0590000000000002 0.0600000000000001 60000 245 0.8 1 0.8 0.5
0.785714285714286 0.785714285714286 0.812244897959184 0.812244897959184 2 2 1 0.166 0.141 0.0590000000000002 0.0600000000000001 60000 245 0.8 1 0.8 0.5
0.360544217687075 0.368367346938775 0.36734693877551 0.36734693877551 6 4 1 0.364 0.233 0.0870000000000002 0.0509999999999997 60000 245 0.317173584673759 1 0.8 0.5
0.27891156462585 0.27891156462585 0.253061224489796 0.253061224489796 3 3 1 0.219 0.195 0.0590000000000002 0.0589999999999997 60000 245 0.2 0 0.8 0.5
0.649659863945578 0.651020408163265 0.63265306122449 0.63265306122449 6 4 1 0.381 0.244 0.0920000000000001 0.0529999999999999 60000 245 0.566627995095156 1 0.8 0.5
0.348571428571429 0.345918367346939 0.371428571428571 0.371428571428571 5 4 1 0.328 0.248 0.0559999999999996 0.0909999999999997 60000 245 0.323408826970777 0 0.8 0.5
0.236734693877551 0.236734693877551 0.244897959183673 0.244897959183673 2 2 1 0.163 0.137 0.0590000000000002 0.0579999999999998 60000 245 0.2 1 0.8 0.5
0.715646258503401 0.715646258503401 0.76734693877551 0.76734693877551 3 3 1 0.223 0.197 0.0579999999999998 0.0600000000000001 60000 245 0.8 0 0.8 0.5
0.353061224489796 0.347959183673469 0.4 0.4 6 4 1 0.399 0.256 0.0950000000000002 0.0550000000000002 60000 245 0.438780674247426 0 0.8 0.5
0.370845481049563 0.385714285714286 0.416326530612245 0.416326530612245 7 4 1 0.419 0.269 0.0499999999999998 0.0550000000000002 60000 245 0.46 0 0.8 0.5
0.629737609329446 0.626530612244898 0.636734693877551 0.636734693877551 7 4 1 0.426 0.274 0.0510000000000002 0.0549999999999997 60000 245 0.649149243443338 0 0.8 0.5
0.562295846943537 0.348979591836735 0.302040816326531 0.302040816326531 35 4 1 2.117 0.254 0.0589999999999993 0.0590000000000002 60000 245 0.2 0 0.8 0.5
0.36734693877551 0.36734693877551 0.4 0.4 7 4 1 0.457 0.293 0.056 0.0590000000000002 60000 245 0.46 1 0.8 0.5
0.646258503401361 0.631632653061225 0.616326530612245 0.616326530612245 6 4 1 0.395 0.253 0.0940000000000003 0.0539999999999998 60000 245 0.658790890755734 1 0.8 0.5
0.362099125364432 0.357142857142857 0.330612244897959 0.330612244897959 7 4 1 0.424 0.275 0.0509999999999997 0.0549999999999997 60000 245 0.389744402610171 1 0.8 0.5
0.359766763848397 0.369387755102041 0.355102040816327 0.355102040816327 7 4 1 0.452 0.288 0.0549999999999997 0.0590000000000002 60000 245 0.388906720234226 0 0.8 0.5
0.381122448979592 0.402040816326531 0.436734693877551 0.436734693877551 8 4 1 0.487 0.272 0.0559999999999996 0.056 60000 245 0.46 1 0.8 0.5
0.37201166180758 0.38469387755102 0.371428571428571 0.371428571428571 7 4 1 0.456 0.29 0.0559999999999996 0.0590000000000002 60000 245 0.46 0 0.8 0.5
0.378571428571429 0.41734693877551 0.43265306122449 0.43265306122449 8 4 1 0.503 0.282 0.0580000000000003 0.0579999999999998 60000 245 0.46 0 0.8 0.5
0.789795918367347 0.789795918367347 0.787755102040816 0.787755102040816 2 2 1 0.15 0.122 0.0509999999999997 0.0509999999999997 60000 245 0.8 0 0.8 0.5
0.378231292517007 0.402040816326531 0.457142857142857 0.457142857142857 9 4 1 0.529 0.27 0.0550000000000002 0.056 60000 245 0.46 0 0.8 0.5
0.323469387755102 0.323469387755102 0.318367346938775 0.318367346938775 4 4 1 0.284 0.256 0.0590000000000002 0.0590000000000002 60000 245 0.2 0 0.8 0.5
0.376020408163265 0.403061224489796 0.444897959183673 0.444897959183673 8 4 1 0.507 0.284 0.0590000000000002 0.0579999999999998 60000 245 0.46 1 0.8 0.5
0.779591836734694 0.779591836734694 0.746938775510204 0.746938775510204 2 2 1 0.162 0.137 0.0580000000000003 0.0589999999999997 60000 245 0.8 1 0.8 0.5
0.383219954648526 0.38265306122449 0.428571428571429 0.428571428571429 9 4 1 0.524 0.266 0.0539999999999998 0.0540000000000003 60000 245 0.46 0 0.8 0.5
0.783673469387755 0.783673469387755 0.775510204081633 0.775510204081633 2 2 1 0.163 0.137 0.0579999999999998 0.0569999999999999 60000 245 0.8 0 0.8 0.5
0.793877551020408 0.793877551020408 0.787755102040816 0.787755102040816 2 2 1 0.146 0.121 0.052 0.0510000000000002 60000 245 0.8 1 0.8 0.5
0.793877551020408 0.793877551020408 0.779591836734694 0.779591836734694 2 2 1 0.166 0.141 0.0599999999999996 0.0600000000000001 60000 245 0.8 1 0.8 0.5
0.365014577259475 0.388775510204082 0.4 0.4 7 4 1 0.468 0.299 0.0570000000000004 0.0609999999999999 60000 245 0.46 0 0.8 0.5
0.375510204081633 0.406122448979592 0.395918367346939 0.395918367346939 8 4 1 0.486 0.276 0.056 0.056 60000 245 0.46 0 0.8 0.5
0.23265306122449 0.23265306122449 0.216326530612245 0.216326530612245 2 2 1 0.164 0.14 0.0600000000000001 0.0589999999999997 60000 245 0.2 0 0.8 0.5
0.214285714285714 0.214285714285714 0.175510204081633 0.175510204081633 2 2 1 0.163 0.138 0.0580000000000003 0.0589999999999997 60000 245 0.2 0 0.8 0.5
0.810204081632653 0.810204081632653 0.771428571428571 0.771428571428571 2 2 1 0.162 0.136 0.0580000000000003 0.0579999999999998 60000 245 0.8 1 0.8 0.5
0.2 0.2 0.220408163265306 0.220408163265306 2 2 1 0.166 0.14 0.0600000000000001 0.0589999999999997 60000 245 0.2 0 0.8 0.5
0.337959183673469 0.33265306122449 0.322448979591837 0.322448979591837 5 4 1 0.336 0.249 0.0569999999999999 0.0939999999999999 60000 245 0.213304286651922 0 0.8 0.5
0.378231292517007 0.410204081632653 0.424489795918367 0.424489795918367 9 4 1 0.539 0.272 0.0540000000000003 0.0539999999999998 60000 245 0.46 1 0.8 0.5
0.775510204081633 0.775510204081633 0.775510204081633 0.775510204081633 2 2 1 0.163 0.137 0.0580000000000003 0.0579999999999998 60000 245 0.8 1 0.8 0.5
0.775510204081633 0.775510204081633 0.76734693877551 0.76734693877551 2 2 1 0.162 0.136 0.0569999999999999 0.0580000000000003 60000 245 0.8 0 0.8 0.5
0.208163265306122 0.208163265306122 0.191836734693878 0.191836734693878 2 2 1 0.162 0.136 0.0580000000000003 0.0579999999999998 60000 245 0.2 0 0.8 0.5
0.382312925170068 0.413265306122449 0.457142857142857 0.457142857142857 9 4 1 0.554 0.277 0.0569999999999999 0.0569999999999999 60000 245 0.46 0 0.8 0.5
0.785714285714286 0.785714285714286 0.783673469387755 0.783673469387755 2 2 1 0.161 0.136 0.0569999999999999 0.0580000000000003 60000 245 0.8 1 0.8 0.5
0.675918367346939 0.664285714285714 0.640816326530612 0.640816326530612 5 4 1 0.334 0.25 0.0579999999999998 0.106 60000 245 0.719598160370308 1 0.8 0.5
0.385463454471213 0.424489795918367 0.469387755102041 0.469387755102041 10 4 1 0.612 0.284 0.0579999999999998 0.0529999999999999 60000 245 0.46 0 0.8 0.5
0.785714285714286 0.785714285714286 0.771428571428571 0.771428571428571 2 2 1 0.162 0.135 0.0580000000000003 0.0579999999999998 60000 245 0.8 1 0.8 0.5
0.76734693877551 0.76734693877551 0.763265306122449 0.763265306122449 2 2 1 0.161 0.137 0.0580000000000003 0.0579999999999998 60000 245 0.8 0 0.8 0.5
0.787755102040816 0.787755102040816 0.783673469387755 0.783673469387755 2 2 1 0.176 0.303 0.0609999999999999 0.0589999999999997 60000 245 0.8 0 0.8 0.5
0.804081632653061 0.804081632653061 0.787755102040816 0.787755102040816 2 2 1 0.163 0.139 0.0589999999999997 0.0580000000000003 60000 245 0.8 1 0.8 0.5
0.769387755102041 0.769387755102041 0.783673469387755 0.783673469387755 2 2 1 0.163 0.138 0.0579999999999998 0.0580000000000003 60000 245 0.8 0 0.8 0.5
0.39036341363822 0.438775510204082 0.444897959183673 0.444897959183673 10 4 1 0.61 0.278 0.0569999999999999 0.0529999999999999 60000 245 0.46 1 0.8 0.5
0.385034013605442 0.43469387755102 0.440816326530612 0.440816326530612 9 4 1 0.586 0.294 0.0600000000000001 0.0609999999999999 60000 245 0.46 0 0.8 0.5
0.274829931972789 0.274829931972789 0.261224489795918 0.261224489795918 3 3 1 0.223 0.198 0.0580000000000003 0.0589999999999997 60000 245 0.2 0 0.8 0.5
0.342040816326531 0.347959183673469 0.395918367346939 0.395918367346939 5 4 1 0.34 0.256 0.0589999999999997 0.108 60000 245 0.324956956940828 0 0.8 0.5
0.718367346938775 0.718367346938775 0.755102040816326 0.755102040816326 3 3 1 0.223 0.197 0.0589999999999997 0.0580000000000003 60000 245 0.8 1 0.8 0.5
0.343673469387755 0.355102040816327 0.338775510204082 0.338775510204082 5 4 1 0.332 0.249 0.0569999999999999 0.0940000000000003 60000 245 0.241075885050917 0 0.8 0.5
0.351020408163265 0.355102040816327 0.420408163265306 0.420408163265306 6 4 1 0.386 0.249 0.097 0.0609999999999999 60000 245 0.321571964964791 0 0.8 0.5
0.346938775510204 0.341836734693878 0.330612244897959 0.330612244897959 5 4 1 0.334 0.251 0.0569999999999999 0.0939999999999999 60000 245 0.223043391105087 0 0.8 0.5
0.351700680272109 0.343877551020408 0.342857142857143 0.342857142857143 6 4 1 0.391 0.25 0.093 0.0539999999999998 60000 245 0.2 1 0.8 0.5
0.291156462585034 0.291156462585034 0.285714285714286 0.285714285714286 3 3 1 0.221 0.196 0.0590000000000002 0.0589999999999997 60000 245 0.2 0 0.8 0.5
0.31734693877551 0.31734693877551 0.302040816326531 0.302040816326531 4 4 1 0.279 0.256 0.0579999999999998 0.0590000000000002 60000 245 0.2 0 0.8 0.5
0.357142857142857 0.381632653061225 0.428571428571429 0.428571428571429 6 4 1 0.389 0.248 0.0950000000000002 0.0539999999999998 60000 245 0.46 1 0.8 0.5
0.335510204081633 0.33469387755102 0.326530612244898 0.326530612244898 5 4 1 0.341 0.255 0.0590000000000002 0.0960000000000001 60000 245 0.291320026225759 0 0.8 0.5
0.292517006802721 0.292517006802721 0.285714285714286 0.285714285714286 3 3 1 0.221 0.196 0.0579999999999998 0.0579999999999998 60000 245 0.2 0 0.8 0.5
0.358503401360544 0.363265306122449 0.371428571428571 0.371428571428571 6 4 1 0.394 0.253 0.0980000000000003 0.0549999999999997 60000 245 0.46 0 0.8 0.5
0.368877551020408 0.381632653061225 0.404081632653061 0.404081632653061 8 4 1 0.501 0.281 0.0579999999999998 0.0580000000000003 60000 245 0.46 1 0.8 0.5
0.370845481049563 0.370408163265306 0.310204081632653 0.310204081632653 7 4 1 0.45 0.289 0.0540000000000003 0.0589999999999997 60000 245 0.458843871392201 0 0.8 0.5
0.359863945578231 0.362244897959184 0.379591836734694 0.379591836734694 6 4 1 0.392 0.252 0.0950000000000002 0.0539999999999998 60000 245 0.313782839510724 0 0.8 0.5
0.31530612244898 0.31530612244898 0.302040816326531 0.302040816326531 4 4 1 0.273 0.248 0.0569999999999999 0.056 60000 245 0.267217261284105 0 0.8 0.5
0.296598639455782 0.296598639455782 0.293877551020408 0.293877551020408 3 3 1 0.225 0.199 0.0589999999999997 0.0590000000000002 60000 245 0.2 0 0.8 0.5
0.552498541707175 0.338775510204082 0.273469387755102 0.273469387755102 42 4 1 2.48 0.243 0.0569999999999995 0.0569999999999995 60000 245 0.2 0 0.8 0.5
0.595508894721493 0.602040816326531 0.595918367346939 0.595918367346939 14 4 1 0.857 0.237 0.056 0.052 60000 245 0.552905848075101 1 0.8 0.5
0.39532293986637 0.422448979591837 0.453061224489796 0.453061224489796 11 4 1 0.685 0.285 0.0540000000000003 0.0579999999999998 60000 245 0.46 0 0.8 0.5
0.373469387755102 0.398979591836735 0.424489795918367 0.424489795918367 8 4 1 0.502 0.285 0.0590000000000002 0.0580000000000003 60000 245 0.46 0 0.8 0.5
0.370845481049563 0.378571428571429 0.4 0.4 7 4 1 0.448 0.286 0.0539999999999998 0.0580000000000003 60000 245 0.416624195107441 0 0.8 0.5
0.402638190954774 0.428571428571429 0.412244897959184 0.412244897959184 13 4 1 0.776 0.229 0.0539999999999998 0.0550000000000002 60000 245 0.46 1 0.8 0.5
0.406532516768737 0.43469387755102 0.453061224489796 0.453061224489796 14 4 1 0.864 0.239 0.056 0.052 60000 245 0.46 0 0.8 0.5
0.405365995917177 0.438775510204082 0.473469387755102 0.473469387755102 14 4 1 0.874 0.24 0.056 0.0529999999999999 60000 245 0.46 0 0.8 0.5
0.379591836734694 0.372448979591837 0.371428571428571 0.371428571428571 8 4 1 0.509 0.284 0.0579999999999998 0.0590000000000002 60000 245 0.377187842130224 0 0.8 0.5
0.380102040816327 0.424489795918367 0.444897959183673 0.444897959183673 8 4 1 0.52 0.291 0.0600000000000001 0.0600000000000001 60000 245 0.46 0 0.8 0.5
0.319387755102041 0.319387755102041 0.338775510204082 0.338775510204082 4 4 1 0.282 0.255 0.0579999999999998 0.0579999999999998 60000 245 0.203804343784704 0 0.8 0.5
0.388730093915884 0.380612244897959 0.404081632653061 0.404081632653061 10 4 1 0.624 0.283 0.0579999999999998 0.0550000000000002 60000 245 0.46 0 0.8 0.5
0.405074365704287 0.425510204081633 0.424489795918367 0.424489795918367 14 4 1 0.894 0.245 0.0579999999999998 0.0550000000000002 60000 245 0.46 1 0.8 0.5
0.316326530612245 0.316326530612245 0.318367346938775 0.318367346938775 4 4 1 0.28 0.255 0.0590000000000002 0.0579999999999998 60000 245 0.2 0 0.8 0.5
0.411268372346217 0.463265306122449 0.444897959183673 0.444897959183673 15 4 1 0.883 0.223 0.0489999999999999 0.0539999999999998 60000 245 0.46 1 0.8 0.5
0.372594752186589 0.390816326530612 0.424489795918367 0.424489795918367 7 4 1 0.456 0.291 0.0549999999999997 0.0590000000000002 60000 245 0.46 0 0.8 0.5
0.370918367346939 0.410204081632653 0.444897959183673 0.444897959183673 8 4 1 0.514 0.292 0.0590000000000002 0.0579999999999998 60000 245 0.46 0 0.8 0.5
0.370262390670554 0.388775510204082 0.391836734693878 0.391836734693878 7 4 1 0.45 0.287 0.0550000000000002 0.0579999999999998 60000 245 0.46 1 0.8 0.5
0.408282298046078 0.461224489795918 0.485714285714286 0.485714285714286 14 4 1 0.88 0.245 0.0579999999999998 0.0539999999999998 60000 245 0.46 0 0.8 0.5
0.400699912510936 0.456122448979592 0.489795918367347 0.489795918367347 14 4 1 0.85 0.234 0.0550000000000002 0.0510000000000002 60000 245 0.46 0 0.8 0.5
0.65469387755102 0.638775510204082 0.612244897959184 0.612244897959184 5 4 1 0.335 0.252 0.0579999999999998 0.0950000000000002 60000 245 0.659499074507079 1 0.8 0.5
0.619387755102041 0.63265306122449 0.63265306122449 0.63265306122449 8 4 1 0.495 0.279 0.0570000000000004 0.0559999999999996 60000 245 0.670576886910711 1 0.8 0.5
0.387096774193548 0.408163265306122 0.408163265306122 0.408163265306122 10 4 1 0.636 0.291 0.0600000000000001 0.0549999999999997 60000 245 0.46 1 0.8 0.5
0.410451823625476 0.43265306122449 0.424489795918367 0.424489795918367 15 4 1 0.915 0.24 0.052 0.0550000000000002 60000 245 0.46 1 0.8 0.5
0.391996733360555 0.397959183673469 0.391836734693878 0.391836734693878 10 4 1 0.631 0.286 0.0600000000000001 0.0559999999999996 60000 245 0.46 0 0.8 0.5
0.409032916560347 0.446938775510204 0.428571428571429 0.428571428571429 16 4 1 0.957 0.233 0.0549999999999997 0.0550000000000002 60000 245 0.46 1 0.8 0.5
0.387913434054716 0.404081632653061 0.43265306122449 0.43265306122449 10 4 1 0.639 0.292 0.0600000000000001 0.056 60000 245 0.46 0 0.8 0.5
0.352380952380952 0.353061224489796 0.355102040816327 0.355102040816327 6 4 1 0.385 0.246 0.093 0.0529999999999999 60000 245 0.327935045458658 1 0.8 0.5
0.415667262056647 0.446938775510204 0.497959183673469 0.497959183673469 16 4 1 0.839 0.22 0.0489999999999999 0.0489999999999999 60000 245 0.46 1 0.8 0.5
0.350340136054422 0.355102040816327 0.363265306122449 0.363265306122449 6 4 1 0.394 0.255 0.0950000000000002 0.0549999999999997 60000 245 0.423656756667973 0 0.8 0.5
0.357142857142857 0.364285714285714 0.351020408163265 0.351020408163265 6 4 1 0.394 0.253 0.0950000000000002 0.0539999999999998 60000 245 0.428216839856981 0 0.8 0.5
0.393221723152307 0.420408163265306 0.477551020408163 0.477551020408163 10 4 1 0.624 0.285 0.0580000000000003 0.0549999999999997 60000 245 0.46 0 0.8 0.5
0.394209354120267 0.431632653061225 0.473469387755102 0.473469387755102 11 4 1 0.69 0.29 0.056 0.0590000000000002 60000 245 0.46 0 0.8 0.5
0.599523647499149 0.544897959183673 0.506122448979592 0.506122448979592 12 4 1 0.756 0.24 0.0569999999999999 0.0579999999999998 60000 245 0.333950079828806 0 0.8 0.5
0.397550111358575 0.429591836734694 0.453061224489796 0.453061224489796 11 4 1 0.692 0.29 0.0549999999999997 0.0590000000000002 60000 245 0.46 0 0.8 0.5
0.396436525612472 0.41734693877551 0.412244897959184 0.412244897959184 11 4 1 0.689 0.286 0.0550000000000002 0.0579999999999998 60000 245 0.46 0 0.8 0.5
0.407457811649428 0.435714285714286 0.444897959183673 0.444897959183673 15 4 1 0.933 0.244 0.0529999999999999 0.0569999999999999 60000 245 0.46 0 0.8 0.5
0.415946205571566 0.487755102040816 0.502040816326531 0.502040816326531 17 4 1 1.018 0.236 0.0549999999999997 0.0549999999999997 60000 245 0.46 0 0.8 0.5
0.401695979899498 0.436734693877551 0.469387755102041 0.469387755102041 13 4 1 0.794 0.234 0.056 0.0550000000000002 60000 245 0.46 1 0.8 0.5
0.370918367346939 0.377551020408163 0.412244897959184 0.412244897959184 8 4 1 0.519 0.29 0.0590000000000002 0.0589999999999997 60000 245 0.46 1 0.8 0.5
0.360932944606414 0.380612244897959 0.351020408163265 0.351020408163265 7 4 1 0.467 0.297 0.056 0.0600000000000001 60000 245 0.46 1 0.8 0.5
0.397178916109874 0.422448979591837 0.440816326530612 0.440816326530612 11 4 1 0.693 0.29 0.0559999999999996 0.0590000000000002 60000 245 0.46 0 0.8 0.5
0.370845481049563 0.386734693877551 0.46530612244898 0.46530612244898 7 4 1 0.444 0.285 0.0540000000000003 0.0579999999999998 60000 245 0.46 1 0.8 0.5
0.373979591836735 0.383673469387755 0.461224489795918 0.461224489795918 8 4 1 0.499 0.277 0.0569999999999999 0.056 60000 245 0.46 1 0.8 0.5
0.372594752186589 0.391836734693878 0.453061224489796 0.453061224489796 7 4 1 0.466 0.297 0.0569999999999999 0.0600000000000001 60000 245 0.46 1 0.8 0.5
0.395694135115071 0.396938775510204 0.379591836734694 0.379591836734694 11 4 1 0.674 0.282 0.0540000000000003 0.0579999999999998 60000 245 0.46 1 0.8 0.5
0.385034013605442 0.423469387755102 0.477551020408163 0.477551020408163 9 4 1 0.56 0.28 0.0570000000000004 0.0569999999999999 60000 245 0.46 1 0.8 0.5
0.378684807256236 0.420408163265306 0.457142857142857 0.457142857142857 9 4 1 0.558 0.284 0.0580000000000003 0.0579999999999998 60000 245 0.46 0 0.8 0.5
0.407035175879397 0.45 0.461224489795918 0.461224489795918 13 4 1 0.812 0.24 0.056 0.0569999999999999 60000 245 0.46 0 0.8 0.5
0.371938775510204 0.392857142857143 0.43265306122449 0.43265306122449 8 4 1 0.509 0.284 0.0590000000000002 0.0579999999999998 60000 245 0.46 0 0.8 0.5
0.377324263038549 0.418367346938776 0.43265306122449 0.43265306122449 9 4 1 0.55 0.277 0.0569999999999999 0.056 60000 245 0.46 1 0.8 0.5
0.375963718820862 0.396938775510204 0.408163265306122 0.408163265306122 9 4 1 0.55 0.278 0.0580000000000003 0.0579999999999998 60000 245 0.46 0 0.8 0.5
0.375510204081633 0.419387755102041 0.46530612244898 0.46530612244898 8 4 1 0.503 0.283 0.0590000000000002 0.0579999999999998 60000 245 0.46 1 0.8 0.5
0.374489795918367 0.38469387755102 0.4 0.4 8 4 1 0.51 0.286 0.0590000000000002 0.0579999999999998 60000 245 0.46 1 0.8 0.5
0.385034013605442 0.404081632653061 0.436734693877551 0.436734693877551 9 4 1 0.552 0.278 0.0569999999999999 0.0569999999999999 60000 245 0.46 0 0.8 0.5
0.375963718820862 0.404081632653061 0.395918367346939 0.395918367346939 9 4 1 0.568 0.288 0.0579999999999998 0.0579999999999998 60000 245 0.46 0 0.8 0.5
0.386848072562358 0.412244897959184 0.408163265306122 0.408163265306122 9 4 1 0.549 0.277 0.056 0.056 60000 245 0.46 1 0.8 0.5
0.38140589569161 0.424489795918367 0.461224489795918 0.461224489795918 9 4 1 0.563 0.283 0.0580000000000003 0.0569999999999999 60000 245 0.46 0 0.8 0.5
0.384126984126984 0.409183673469388 0.408163265306122 0.408163265306122 9 4 1 0.582 0.295 0.0610000000000004 0.0600000000000001 60000 245 0.46 1 0.8 0.5
0.404199475065617 0.438775510204082 0.416326530612245 0.416326530612245 14 4 1 0.906 0.246 0.0589999999999997 0.0550000000000002 60000 245 0.46 1 0.8 0.5
0.378684807256236 0.43469387755102 0.489795918367347 0.489795918367347 9 4 1 0.568 0.282 0.0569999999999999 0.0570000000000004 60000 245 0.46 1 0.8 0.5
0.406913445835602 0.45 0.461224489795918 0.461224489795918 15 4 1 0.936 0.245 0.0529999999999999 0.056 60000 245 0.46 0 0.8 0.5
0.3883217639853 0.431632653061225 0.448979591836735 0.448979591836735 10 4 1 0.63 0.286 0.0579999999999998 0.0549999999999997 60000 245 0.46 0 0.8 0.5
0.391982182628062 0.445918367346939 0.489795918367347 0.489795918367347 11 4 1 0.655 0.274 0.0530000000000004 0.0559999999999996 60000 245 0.46 1 0.8 0.5
0.392724573125464 0.440816326530612 0.444897959183673 0.444897959183673 11 4 1 0.694 0.291 0.056 0.0590000000000002 60000 245 0.46 0 0.8 0.5
0.399795848928207 0.425510204081633 0.379591836734694 0.379591836734694 12 4 1 0.799 0.254 0.0600000000000001 0.0600000000000001 60000 245 0.46 0 0.8 0.5
0.391588403429971 0.422448979591837 0.416326530612245 0.416326530612245 10 4 1 0.637 0.289 0.0600000000000001 0.0549999999999997 60000 245 0.46 1 0.8 0.5
0.391180073499387 0.425510204081633 0.457142857142857 0.457142857142857 10 4 1 0.62 0.282 0.0580000000000003 0.0529999999999999 60000 245 0.46 0 0.8 0.5
0.573496659242762 0.493877551020408 0.412244897959184 0.412244897959184 22 4 1 1.223 0.222 0.052 0.052 60000 245 0.360109165462989 0 0.8 0.5
0.396436525612472 0.41734693877551 0.444897959183673 0.444897959183673 11 4 1 0.692 0.29 0.0550000000000002 0.0589999999999997 60000 245 0.46 0 0.8 0.5
0.397414086423954 0.454081632653061 0.493877551020408 0.493877551020408 12 4 1 0.794 0.251 0.0590000000000002 0.0600000000000001 60000 245 0.46 0 0.8 0.5
0.406407035175879 0.448979591836735 0.387755102040816 0.387755102040816 13 4 1 0.823 0.242 0.0569999999999999 0.0569999999999999 60000 245 0.46 0 0.8 0.5
0.601758793969849 0.541836734693877 0.497959183673469 0.497959183673469 13 4 1 0.805 0.236 0.0569999999999999 0.056 60000 245 0.285995588662781 0 0.8 0.5
0.408818726183996 0.454081632653061 0.444897959183673 0.444897959183673 15 4 1 0.909 0.24 0.0510000000000002 0.0550000000000002 60000 245 0.46 1 0.8 0.5
0.405365995917177 0.430612244897959 0.489795918367347 0.489795918367347 14 4 1 0.857 0.236 0.0569999999999999 0.052 60000 245 0.46 1 0.8 0.5
0.5761535320539 0.430612244897959 0.318367346938775 0.318367346938775 20 4 1 1.079 0.218 0.0510000000000002 0.0499999999999998 60000 245 0.2 0 0.8 0.5
0.581991381265593 0.489795918367347 0.4 0.4 18 4 1 1.016 0.222 0.052 0.048 60000 245 0.215619089894733 1 0.8 0.5
0.418008618734407 0.443877551020408 0.489795918367347 0.489795918367347 18 4 1 1.102 0.241 0.0569999999999999 0.0529999999999999 60000 245 0.46 0 0.8 0.5
0.561861984483463 0.38469387755102 0.273469387755102 0.273469387755102 30 4 1 1.352 0.183 0.0460000000000003 0.0469999999999997 60000 245 0.2 1 0.8 0.5
0.575167037861915 0.495918367346939 0.4 0.4 22 4 1 1.237 0.224 0.052 0.0529999999999999 60000 245 0.2 0 0.8 0.5
0.559270128875845 0.401020408163265 0.318367346938775 0.318367346938775 32 4 1 1.387 0.179 0.0420000000000003 0.0389999999999997 60000 245 0.2 0 0.8 0.5
0.563359194228937 0.387755102040816 0.310204081632653 0.310204081632653 30 4 1 1.181 0.16 0.036 0.0369999999999999 60000 245 0.2 0 0.8 0.5
0.565703916528051 0.387755102040816 0.318367346938775 0.318367346938775 27 4 1 1.189 0.208 0.0500000000000003 0.0379999999999998 60000 245 0.2 1 0.8 0.5
0.556538505160485 0.411224489795918 0.306122448979592 0.306122448979592 36 4 1 1.42 0.16 0.036 0.0329999999999999 60000 245 0.2 0 0.8 0.5
0.557105591471022 0.389795918367347 0.302040816326531 0.302040816326531 36 4 1 1.315 0.155 0.0340000000000003 0.032 60000 245 0.2 0 0.8 0.5
