0.85024154589372 0.85024154589372 0.851851851851852 1 69 69 18 0.338 0.29 0.00499999999999989 0.004 20000 6667 0.8 1 0.8 0.1
0.164444444444444 0.164444444444444 0.12962962962963 0.333333333333333 75 75 18 0.361 0.313 0.004 0.004 20000 6667 0.2 1 0.8 0.1
0.79 0.79 0.777777777777778 1 100 100 18 0.461 0.414 0.004 0.00299999999999989 20000 6667 0.8 0 0.8 0.1
0.776758409785933 0.776758409785933 0.796296296296296 1 109 109 18 0.496 0.447 0.004 0.004 20000 6667 0.8 1 0.8 0.1
0.803703703703704 0.803703703703704 0.740740740740741 1 90 90 18 0.409 0.36 0.004 0.00299999999999989 20000 6667 0.8 0 0.8 0.1
0.771014492753623 0.771014492753623 0.759259259259259 1 115 115 18 0.516 0.469 0.004 0.004 20000 6667 0.8 1 0.8 0.1
0.203508771929825 0.203508771929825 0.203703703703704 0 95 95 18 0.446 0.396 0.004 0.004 20000 6667 0.2 1 0.8 0.1
0.788778877887789 0.788778877887789 0.851851851851852 1 101 101 18 0.468 0.421 0.004 0.004 20000 6667 0.8 1 0.8 0.1
0.775757575757576 0.775757575757576 0.796296296296296 1 110 110 18 0.502 0.451 0.004 0.004 20000 6667 0.8 1 0.8 0.1
0.775757575757576 0.775757575757576 0.759259259259259 1 110 110 18 0.51 0.454 0.00499999999999989 0.004 20000 6667 0.8 1 0.8 0.1
0.222222222222222 0.222222222222222 0.166666666666667 0 108 108 18 0.508 0.451 0.00499999999999989 0.004 20000 6667 0.2 0 0.8 0.1
0.766381766381766 0.766381766381766 0.740740740740741 1 117 117 18 0.517 0.472 0.004 0.004 20000 6667 0.8 1 0.8 0.1
0.736961451247165 0.736961451247165 0.833333333333333 1 147 147 18 0.64 0.594 0.004 0.004 20000 6667 0.8 0 0.8 0.1
0.224242424242424 0.224242424242424 0.203703703703704 0.333333333333333 110 110 18 0.525 0.465 0.00499999999999989 0.004 20000 6667 0.2 0 0.8 0.1
0.767241379310345 0.767241379310345 0.888888888888889 1 116 116 18 0.554 0.502 0.004 0.00700000000000012 20000 6667 0.8 1 0.8 0.1
0.840182648401826 0.840182648401826 0.851851851851852 1 73 73 18 0.343 0.299 0.004 0.004 20000 6667 0.8 1 0.8 0.1
0.810077519379845 0.810077519379845 0.87037037037037 1 86 86 18 0.397 0.349 0.004 0.004 20000 6667 0.8 1 0.8 0.1
0.813492063492063 0.813492063492063 0.759259259259259 1 84 84 18 0.389 0.343 0.004 0.004 20000 6667 0.8 0 0.8 0.1
0.708333333333333 0.699233716475096 0.685185185185185 0.666666666666667 192 174 18 0.835 0.715 0.00499999999999989 0.00499999999999989 20000 6667 0.8 0 0.8 0.1
0.797872340425532 0.797872340425532 0.833333333333333 0.666666666666667 94 94 18 0.425 0.381 0.004 0.004 20000 6667 0.8 1 0.8 0.1
0.793814432989691 0.793814432989691 0.796296296296296 0.666666666666667 97 97 18 0.443 0.4 0.004 0.004 20000 6667 0.8 1 0.8 0.1
0.166666666666667 0.166666666666667 0.222222222222222 0 76 76 18 0.363 0.318 0.004 0.004 20000 6667 0.2 0 0.8 0.1
0.68975468975469 0.701149425287356 0.777777777777778 1 231 174 18 0.977 0.72 0.004 0.004 20000 6667 0.8 0 0.8 0.1
0.341414141414141 0.329501915708812 0.333333333333333 0 330 174 18 1.362 0.758 0.004 0.004 20000 6667 0.284755277282403 1 0.8 0.1
0.341438703140831 0.337164750957854 0.333333333333333 0.333333333333333 329 174 18 1.369 0.762 0.004 0.004 20000 6667 0.239644795090993 0 0.8 0.1
0.736961451247165 0.736961451247165 0.722222222222222 0.333333333333333 147 147 18 0.659 0.607 0.004 0.004 20000 6667 0.8 1 0.8 0.1
0.67816091954023 0.697318007662835 0.648148148148148 0.666666666666667 261 174 18 1.115 0.733 0.00499999999999989 0.004 20000 6667 0.735747518620318 1 0.8 0.1
0.777777777777778 0.777777777777778 0.87037037037037 1 108 108 18 0.486 0.437 0.004 0.004 20000 6667 0.8 1 0.8 0.1
0.336559139784946 0.329501915708812 0.240740740740741 0.333333333333333 310 174 18 1.306 0.778 0.00499999999999989 0.00499999999999989 20000 6667 0.235359970753173 0 0.8 0.1
0.651056014692378 0.649425287356322 0.685185185185185 0.333333333333333 363 174 18 1.504 0.806 0.004 0.004 20000 6667 0.74606726226872 1 0.8 0.1
0.365286855482934 0.423371647509579 0.444444444444444 0.666666666666667 459 174 18 1.939 0.754 0.004 0.004 20000 6667 0.46 1 0.8 0.1
0.349726775956284 0.35632183908046 0.444444444444444 0.666666666666667 366 174 18 1.564 0.817 0.00499999999999989 0.004 20000 6667 0.46 0 0.8 0.1
0.363907531692767 0.425287356321839 0.592592592592593 1 447 174 18 1.857 0.737 0.004 0.004 20000 6667 0.46 0 0.8 0.1
0.301587301587302 0.306513409961686 0.222222222222222 0 210 174 18 0.888 0.711 0.00500000000000034 0.00399999999999956 20000 6667 0.223802115152539 0 0.8 0.1
0.664509169363538 0.636015325670498 0.574074074074074 0.333333333333333 309 174 18 1.271 0.762 0.00499999999999989 0.004 20000 6667 0.489683429621728 0 0.8 0.1
0.343253968253968 0.363984674329502 0.5 0.666666666666667 336 174 18 1.402 0.765 0.004 0.004 20000 6667 0.46 0 0.8 0.1
0.646753246753247 0.57088122605364 0.537037037037037 0.333333333333333 385 174 18 1.563 0.762 0.004 0.004 20000 6667 0.434005153609046 0 0.8 0.1
0.350404312668464 0.350574712643678 0.407407407407407 0.666666666666667 371 174 18 1.584 0.776 0.004 0.004 20000 6667 0.46 1 0.8 0.1
0.386932108218479 0.404214559386973 0.407407407407407 0.333333333333333 653 174 18 2.721 0.706 0.004 0.004 20000 6667 0.46 0 0.8 0.1
0.379370629370629 0.404214559386973 0.462962962962963 0.333333333333333 572 174 18 2.42 0.714 0.004 0.004 20000 6667 0.46 0 0.8 0.1
0.35464620630861 0.385057471264368 0.462962962962963 0.666666666666667 391 174 18 1.714 0.774 0.004 0.004 20000 6667 0.46 0 0.8 0.1
0.37841043890866 0.446360153256705 0.351851851851852 0.333333333333333 562 174 18 2.399 0.717 0.004 0.004 20000 6667 0.46 0 0.8 0.1
0.391713747645951 0.478927203065134 0.481481481481481 1 708 174 18 2.904 0.704 0.00499999999999989 0.00499999999999989 20000 6667 0.46 0 0.8 0.1
0.389946315275744 0.488505747126437 0.425925925925926 0.666666666666667 683 174 18 2.856 0.711 0.00399999999999956 0.00599999999999934 20000 6667 0.46 1 0.8 0.1
0.391345696623871 0.452107279693487 0.407407407407407 0.333333333333333 701 174 18 2.93 0.726 0.00499999999999989 0.00499999999999989 20000 6667 0.46 0 0.8 0.1
0.372549019607843 0.425287356321839 0.462962962962963 0.333333333333333 510 174 18 2.133 0.695 0.004 0.004 20000 6667 0.46 0 0.8 0.1
0.366809116809117 0.423371647509579 0.555555555555556 0.666666666666667 468 174 18 2.022 0.772 0.00499999999999989 0.004 20000 6667 0.46 1 0.8 0.1
0.389937106918239 0.408045977011494 0.37037037037037 0.666666666666667 689 174 18 2.922 0.732 0.00499999999999989 0.00500000000000078 20000 6667 0.46 1 0.8 0.1
0.385350318471338 0.4272030651341 0.351851851851852 0.666666666666667 628 174 18 2.686 0.718 0.004 0.004 20000 6667 0.46 0 0.8 0.1
0.389946315275744 0.434865900383142 0.62962962962963 0.333333333333333 683 174 18 2.923 0.737 0.00499999999999989 0.00400000000000045 20000 6667 0.46 0 0.8 0.1
0.375925925925926 0.388888888888889 0.481481481481481 0 540 174 18 2.3 0.712 0.004 0.004 20000 6667 0.343623820465162 1 0.8 0.1
0.603545179420666 0.542145593869732 0.555555555555556 0.333333333333333 771 174 18 3.173 0.72 0.00400000000000045 0.00399999999999956 20000 6667 0.479281425904116 1 0.8 0.1
0.380789022298456 0.348659003831418 0.37037037037037 0.666666666666667 583 174 18 2.482 0.714 0.004 0.004 20000 6667 0.46 0 0.8 0.1
0.374603174603175 0.404214559386973 0.351851851851852 0.666666666666667 525 174 18 2.401 0.764 0.004 0.00499999999999989 20000 6667 0.46 1 0.8 0.1
0.620548744892002 0.524904214559387 0.333333333333333 0.666666666666667 571 174 18 2.519 0.771 0.00499999999999989 0.004 20000 6667 0.2 0 0.8 0.1
0.618480725623583 0.519157088122605 0.351851851851852 0.333333333333333 588 174 18 2.539 0.726 0.00499999999999989 0.004 20000 6667 0.24395462616016 0 0.8 0.1
0.385631273111463 0.440613026819923 0.5 0.333333333333333 631 174 18 2.641 0.71 0.004 0.004 20000 6667 0.46 1 0.8 0.1
0.388474913065077 0.432950191570881 0.444444444444444 0.333333333333333 671 174 18 2.756 0.699 0.00399999999999956 0.00400000000000045 20000 6667 0.46 1 0.8 0.1
0.386480908152735 0.419540229885057 0.444444444444444 0.333333333333333 646 174 18 2.733 0.717000000000001 0.00399999999999956 0.00400000000000045 20000 6667 0.46 0 0.8 0.1
0.806818181818182 0.806818181818182 0.722222222222222 1 88 88 18 0.431 0.371 0.004 0.004 20000 6667 0.8 1 0.8 0.1
0.805243445692884 0.805243445692884 0.833333333333333 0.666666666666667 89 89 18 0.436 0.378 0.004 0.004 20000 6667 0.8 0 0.8 0.1
0.186507936507937 0.186507936507937 0.203703703703704 0.333333333333333 84 84 18 0.439 0.372 0.004 0.004 20000 6667 0.2 0 0.8 0.1
0.777777777777778 0.777777777777778 0.648148148148148 0.666666666666667 108 108 18 0.504 0.457 0.004 0.004 20000 6667 0.8 0 0.8 0.1
0.79 0.79 0.759259259259259 0.666666666666667 100 100 18 0.492 0.432 0.004 0.004 20000 6667 0.8 1 0.8 0.1
0.765536723163842 0.765536723163842 0.777777777777778 0.333333333333333 118 118 18 0.562 0.513 0.004 0.004 20000 6667 0.8 1 0.8 0.1
0.385631273111463 0.457854406130268 0.5 1 631 174 18 2.864 0.782 0.00499999999999989 0.00499999999999989 20000 6667 0.46 0 0.8 0.1
0.792517006802721 0.792517006802721 0.833333333333333 0.666666666666667 98 98 18 0.479 0.425 0.004 0.004 20000 6667 0.8 1 0.8 0.1
0.273662551440329 0.273662551440329 0.259259259259259 0 162 162 18 0.783 0.7 0.00499999999999989 0.004 20000 6667 0.2 1 0.8 0.1
0.833333333333333 0.833333333333333 0.796296296296296 0.666666666666667 76 76 18 0.386 0.33 0.004 0.004 20000 6667 0.8 1 0.8 0.1
0.845070422535211 0.845070422535211 0.87037037037037 1 71 71 18 0.361 0.315 0.00500000000000012 0.004 20000 6667 0.8 1 0.8 0.1
0.803703703703704 0.803703703703704 0.759259259259259 0.666666666666667 90 90 18 0.45 0.385 0.00500000000000012 0.004 20000 6667 0.8 1 0.8 0.1
0.803703703703704 0.803703703703704 0.777777777777778 0.666666666666667 90 90 18 0.451 0.404 0.004 0.004 20000 6667 0.8 1 0.8 0.1
0.791245791245791 0.791245791245791 0.777777777777778 0.666666666666667 99 99 18 0.474 0.428 0.004 0.004 20000 6667 0.8 1 0.8 0.1
0.79 0.79 0.740740740740741 0.666666666666667 100 100 18 0.479 0.43 0.004 0.004 20000 6667 0.8 1 0.8 0.1
0.207482993197279 0.207482993197279 0.12962962962963 0.333333333333333 98 98 18 0.492 0.435 0.004 0.004 20000 6667 0.2 0 0.8 0.1
0.778816199376947 0.778816199376947 0.666666666666667 0.666666666666667 107 107 18 0.52 0.463 0.004 0.004 20000 6667 0.8 1 0.8 0.1
0.79 0.79 0.833333333333333 1 100 100 18 0.499 0.442 0.004 0.004 20000 6667 0.8 1 0.8 0.1
0.771929824561403 0.771929824561403 0.759259259259259 0.666666666666667 114 114 18 0.558 0.492 0.00499999999999989 0.00500000000000012 20000 6667 0.8 0 0.8 0.1
0.582582582582583 0.425287356321839 0.222222222222222 0.333333333333333 1221 174 18 5.017 0.702 0.00399999999999956 0.00400000000000045 20000 6667 0.2 1 0.8 0.1
0.235294117647059 0.235294117647059 0.277777777777778 0.333333333333333 119 119 18 0.61 0.539 0.00499999999999989 0.004 20000 6667 0.21378621987429 1 0.8 0.1
0.799283154121864 0.799283154121864 0.796296296296296 1 93 93 18 0.433 0.381 0.004 0.004 20000 6667 0.8 1 0.8 0.1
0.821138211382114 0.821138211382114 0.814814814814815 0.666666666666667 82 82 18 0.386 0.337 0.004 0.004 20000 6667 0.8 1 0.8 0.1
0.644891122278057 0.597701149425287 0.62962962962963 0.666666666666667 398 174 18 1.71 0.759 0.004 0.004 20000 6667 0.487242616949821 1 0.8 0.1
0.856410256410256 0.856410256410256 0.87037037037037 0.666666666666667 65 65 18 0.334 0.285 0.004 0.00800000000000001 20000 6667 0.8 1 0.8 0.1
0.823045267489712 0.823045267489712 0.833333333333333 1 81 81 18 0.393 0.346 0.00500000000000012 0.004 20000 6667 0.8 1 0.8 0.1
0.353143841515935 0.362068965517241 0.222222222222222 0 387 174 18 1.694 0.785 0.00499999999999989 0.004 20000 6667 0.322448993662092 0 0.8 0.1
0.357783211083945 0.369731800766284 0.333333333333333 0.333333333333333 409 174 18 1.825 0.801 0.00499999999999989 0.004 20000 6667 0.46 1 0.8 0.1
0.813492063492063 0.813492063492063 0.777777777777778 1 84 84 18 0.39 0.341 0.004 0.004 20000 6667 0.8 1 0.8 0.1
0.237704918032787 0.237704918032787 0.12962962962963 0 122 122 18 0.55 0.5 0.00499999999999989 0.004 20000 6667 0.2 0 0.8 0.1
0.823045267489712 0.823045267489712 0.851851851851852 1 81 81 18 0.41 0.355 0.004 0.004 20000 6667 0.8 1 0.8 0.1
0.356550580431177 0.388888888888889 0.444444444444444 0.333333333333333 402 174 18 1.774 0.775 0.004 0.00800000000000001 20000 6667 0.46 1 0.8 0.1
0.808429118773946 0.808429118773946 0.851851851851852 1 87 87 18 0.427 0.372 0.004 0.00499999999999989 20000 6667 0.8 1 0.8 0.1
0.191570881226054 0.191570881226054 0.12962962962963 0.333333333333333 87 87 18 0.441 0.379 0.00500000000000012 0.004 20000 6667 0.2 1 0.8 0.1
0.783171521035599 0.783171521035599 0.833333333333333 0.666666666666667 103 103 18 0.496 0.435 0.004 0.00700000000000012 20000 6667 0.8 1 0.8 0.1
0.364904552129222 0.371647509578544 0.407407407407407 0 454 174 18 1.972 0.78 0.00700000000000012 0.00499999999999989 20000 6667 0.46 1 0.8 0.1
0.813492063492063 0.813492063492063 0.796296296296296 1 84 84 18 0.391 0.342 0.004 0.004 20000 6667 0.8 1 0.8 0.1
0.251851851851852 0.251851851851852 0.222222222222222 0.666666666666667 135 135 18 0.652 0.584 0.004 0.00499999999999989 20000 6667 0.2 0 0.8 0.1
0.364766081871345 0.39463601532567 0.407407407407407 1 456 174 18 2.028 0.797 0.004 0.00499999999999989 20000 6667 0.46 0 0.8 0.1
0.773809523809524 0.773809523809524 0.759259259259259 1 112 112 18 0.501 0.452 0.00500000000000012 0.004 20000 6667 0.8 1 0.8 0.1
0.365426695842451 0.365900383141762 0.425925925925926 0.333333333333333 457 174 18 2.019 0.777 0.004 0.004 20000 6667 0.362314057262541 1 0.8 0.1
0.583403185247276 0.417624521072797 0.240740740740741 0 1193 174 18 4.879 0.69 0.00399999999999956 0.00400000000000045 20000 6667 0.2 0 0.8 0.1
0.315500685871056 0.304597701149425 0.203703703703704 0 243 174 18 1.103 0.765 0.004 0.004 20000 6667 0.2 0 0.8 0.1
0.369918699186992 0.385057471264368 0.425925925925926 0 492 174 18 2.295 0.775 0.004 0.004 20000 6667 0.46 0 0.8 0.1
0.373230373230373 0.400383141762452 0.5 1 518 174 18 2.329 0.76 0.00499999999999989 0.004 20000 6667 0.46 0 0.8 0.1
0.32046332046332 0.346743295019157 0.296296296296296 0.333333333333333 259 174 18 1.153 0.761 0.004 0.004 20000 6667 0.391420194050312 1 0.8 0.1
0.61864406779661 0.515325670498084 0.296296296296296 0.666666666666667 590 174 18 2.491 0.706 0.004 0.004 20000 6667 0.2 0 0.8 0.1
0.313969571230982 0.302681992337165 0.333333333333333 0.333333333333333 241 174 18 1.023 0.726 0.004 0.004 20000 6667 0.46 1 0.8 0.1
0.251851851851852 0.251851851851852 0.259259259259259 0 135 135 18 0.616 0.56 0.004 0.004 20000 6667 0.2 0 0.8 0.1
0.847619047619048 0.847619047619048 0.777777777777778 0.666666666666667 70 70 18 0.357 0.308 0.00500000000000012 0.004 20000 6667 0.8 1 0.8 0.1
0.840182648401826 0.840182648401826 0.740740740740741 1 73 73 18 0.376 0.318 0.004 0.004 20000 6667 0.8 1 0.8 0.1
0.384615384615385 0.440613026819923 0.462962962962963 0.333333333333333 624 174 18 2.696 0.726 0.00499999999999989 0.004 20000 6667 0.46 0 0.8 0.1
0.840182648401826 0.840182648401826 0.888888888888889 0.666666666666667 73 73 18 0.374 0.323 0.004 0.004 20000 6667 0.8 0 0.8 0.1
0.689655172413793 0.695402298850575 0.722222222222222 1 232 174 18 1.009 0.746 0.004 0.004 20000 6667 0.607805803836894 0 0.8 0.1
0.800724637681159 0.800724637681159 0.851851851851852 0.666666666666667 92 92 18 0.441 0.393 0.004 0.004 20000 6667 0.8 1 0.8 0.1
0.793814432989691 0.793814432989691 0.777777777777778 0.666666666666667 97 97 18 0.468 0.421 0.004 0.004 20000 6667 0.8 1 0.8 0.1
0.802197802197802 0.802197802197802 0.759259259259259 1 91 91 18 0.451 0.401 0.00800000000000001 0.004 20000 6667 0.8 0 0.8 0.1
0.651056014692378 0.601532567049808 0.5 1 363 174 18 1.475 0.791 0.004 0.004 20000 6667 0.367546430783904 0 0.8 0.1
0.796491228070175 0.796491228070175 0.777777777777778 1 95 95 18 0.468 0.414 0.00499999999999989 0.004 20000 6667 0.8 1 0.8 0.1
0.797872340425532 0.797872340425532 0.796296296296296 0.666666666666667 94 94 18 0.486 0.432 0.00499999999999989 0.004 20000 6667 0.8 0 0.8 0.1
0.639344262295082 0.616858237547893 0.62962962962963 0.666666666666667 427 174 18 1.802 0.738 0.00499999999999989 0.004 20000 6667 0.735858705939059 1 0.8 0.1
0.384199134199134 0.404214559386973 0.5 0.666666666666667 616 174 18 2.624 0.719 0.004 0.004 20000 6667 0.46 0 0.8 0.1
0.777777777777778 0.777777777777778 0.851851851851852 1 108 108 18 0.537 0.483 0.004 0.00500000000000012 20000 6667 0.8 0 0.8 0.1
0.771929824561403 0.771929824561403 0.777777777777778 1 114 114 18 0.554 0.495 0.004 0.004 20000 6667 0.8 1 0.8 0.1
0.388474913065077 0.423371647509579 0.481481481481481 0.333333333333333 671 174 18 2.899 0.731 0.00399999999999956 0.00399999999999956 20000 6667 0.46 1 0.8 0.1
0.353898886032562 0.35823754789272 0.333333333333333 0 389 174 18 1.74 0.788 0.004 0.00499999999999989 20000 6667 0.46 1 0.8 0.1
0.389946315275744 0.482758620689655 0.574074074074074 0 683 174 18 2.99 0.752 0.00399999999999956 0.00400000000000045 20000 6667 0.46 1 0.8 0.1
0.63768115942029 0.601532567049808 0.425925925925926 1 437 174 18 1.868 0.76 0.004 0.004 20000 6667 0.543628349883109 0 0.8 0.1
0.361751152073733 0.340996168582375 0.333333333333333 0.333333333333333 434 174 18 1.894 0.765 0.004 0.004 20000 6667 0.262132324793205 0 0.8 0.1
0.366450683945284 0.388888888888889 0.37037037037037 0.333333333333333 463 174 18 2.025 0.777 0.00499999999999989 0.004 20000 6667 0.46 1 0.8 0.1
0.366809116809117 0.404214559386973 0.37037037037037 0 468 174 18 2.031 0.774 0.00499999999999989 0.004 20000 6667 0.46 0 0.8 0.1
0.390804597701149 0.46551724137931 0.537037037037037 0.333333333333333 696 174 18 3.001 0.745000000000001 0.00400000000000045 0.00399999999999956 20000 6667 0.46 0 0.8 0.1
0.370967741935484 0.383141762452107 0.518518518518518 0.666666666666667 496 174 18 2.159 0.728 0.004 0.004 20000 6667 0.397751778713495 1 0.8 0.1
0.624299065420561 0.576628352490421 0.481481481481481 0.666666666666667 535 174 18 2.312 0.72 0.004 0.004 20000 6667 0.440873369898966 1 0.8 0.1
0.362878787878788 0.381226053639847 0.425925925925926 1 440 174 18 1.839 0.74 0.004 0.004 20000 6667 0.417305892094148 0 0.8 0.1
0.370816599732262 0.385057471264368 0.444444444444444 0 498 174 18 2.184 0.728 0.004 0.004 20000 6667 0.46 0 0.8 0.1
0.36322869955157 0.35823754789272 0.351851851851852 0 446 174 18 1.957 0.773 0.004 0.00500000000000034 20000 6667 0.46 1 0.8 0.1
0.378056052474657 0.425287356321839 0.37037037037037 0.666666666666667 559 174 18 2.536 0.764 0.004 0.00499999999999989 20000 6667 0.46 1 0.8 0.1
0.382072829131653 0.450191570881226 0.685185185185185 0.666666666666667 595 174 18 2.643 0.743 0.00500000000000034 0.004 20000 6667 0.46 1 0.8 0.1
0.682860998650472 0.668582375478927 0.62962962962963 0.333333333333333 247 174 18 1.069 0.736 0.004 0.004 20000 6667 0.753322390627233 1 0.8 0.1
0.381274675690919 0.450191570881226 0.518518518518518 0 591 174 18 2.583 0.74 0.00499999999999989 0.004 20000 6667 0.46 0 0.8 0.1
0.312324929971989 0.298850574712644 0.314814814814815 0.333333333333333 238 174 18 1.083 0.767 0.004 0.00499999999999989 20000 6667 0.2 0 0.8 0.1
0.573577501635056 0.339080459770115 0.240740740740741 0.333333333333333 1529 174 18 6.48 0.750999999999999 0.00499999999999989 0.00400000000000045 20000 6667 0.2 1 0.8 0.1
0.383002207505519 0.411877394636015 0.425925925925926 0 604 174 18 2.59 0.718 0.00700000000000012 0.00499999999999989 20000 6667 0.46 0 0.8 0.1
0.369146005509642 0.396551724137931 0.5 0.666666666666667 484 174 18 2.038 0.708 0.004 0.004 20000 6667 0.46 1 0.8 0.1
0.675308641975309 0.664750957854406 0.592592592592593 1 270 174 18 1.183 0.752 0.004 0.00499999999999989 20000 6667 0.725017124665696 0 0.8 0.1
0.385631273111463 0.452107279693487 0.462962962962963 0.666666666666667 631 174 18 2.721 0.72 0.004 0.004 20000 6667 0.46 1 0.8 0.1
0.648841354723708 0.695402298850575 0.851851851851852 1 374 174 18 1.592 0.767 0.00500000000000034 0.004 20000 6667 0.799655038150457 0 0.8 0.1
0.340512820512821 0.350574712643678 0.425925925925926 0.666666666666667 325 174 18 1.434 0.811 0.00800000000000001 0.00500000000000034 20000 6667 0.388136160331305 0 0.8 0.1
0.593694651080411 0.421455938697318 0.240740740740741 0.333333333333333 941 174 18 4.047 0.736 0.00400000000000045 0.00399999999999956 20000 6667 0.2 0 0.8 0.1
0.574074074074074 0.339080459770115 0.166666666666667 0.333333333333333 1512 174 18 6.422 0.752 0.00399999999999956 0.00400000000000045 20000 6667 0.2 1 0.8 0.1
0.393186003683241 0.457854406130268 0.425925925925926 0.333333333333333 724 174 18 3.153 0.754999999999999 0.00700000000000056 0.00400000000000045 20000 6667 0.46 1 0.8 0.1
0.388388388388388 0.448275862068966 0.481481481481481 0.666666666666667 666 174 18 2.752 0.702 0.00400000000000045 0.00399999999999956 20000 6667 0.46 0 0.8 0.1
0.348189415041783 0.367816091954023 0.37037037037037 0.666666666666667 359 174 18 1.594 0.794 0.004 0.004 20000 6667 0.46 0 0.8 0.1
0.350404312668464 0.35632183908046 0.314814814814815 0.333333333333333 371 174 18 1.616 0.775 0.004 0.004 20000 6667 0.46 0 0.8 0.1
0.38719512195122 0.425287356321839 0.481481481481481 0.333333333333333 656 174 18 2.729 0.706 0.004 0.004 20000 6667 0.46 1 0.8 0.1
0.386666666666667 0.4272030651341 0.314814814814815 0.666666666666667 650 174 18 2.884 0.752 0.00499999999999989 0.00499999999999989 20000 6667 0.46 0 0.8 0.1
0.59194814056636 0.438697318007663 0.277777777777778 0 977 174 18 4.222 0.727 0.00400000000000045 0.00399999999999956 20000 6667 0.2 0 0.8 0.1
0.395307658255865 0.473180076628352 0.425925925925926 0.333333333333333 753 174 18 3.201 0.739 0.00399999999999956 0.00400000000000045 20000 6667 0.46 1 0.8 0.1
0.601323407775021 0.522988505747126 0.5 0.666666666666667 806 174 18 3.365 0.726999999999999 0.00400000000000045 0.00399999999999956 20000 6667 0.228374826801366 1 0.8 0.1
0.373717948717949 0.415708812260536 0.574074074074074 0.666666666666667 520 174 18 2.348 0.756 0.004 0.004 20000 6667 0.46 0 0.8 0.1
0.36 0.362068965517241 0.407407407407407 0 425 174 18 1.819 0.752 0.004 0.004 20000 6667 0.273368020503642 1 0.8 0.1
0.359586316626889 0.406130268199234 0.481481481481481 0.666666666666667 419 174 18 1.875 0.775 0.00499999999999989 0.004 20000 6667 0.46 1 0.8 0.1
0.571575907590759 0.340996168582375 0.203703703703704 0.333333333333333 1616 174 18 6.776 0.739 0.00400000000000134 0.00399999999999956 20000 6667 0.2 0 0.8 0.1
0.360528360528361 0.396551724137931 0.407407407407407 0.333333333333333 429 174 18 1.91 0.774 0.00800000000000001 0.00500000000000034 20000 6667 0.46 0 0.8 0.1
0.630927835051546 0.545977011494253 0.5 1 485 174 18 2.061 0.711 0.004 0.004 20000 6667 0.449575922022476 1 0.8 0.1
0.61178247734139 0.503831417624521 0.351851851851852 0 662 174 18 2.875 0.728 0.00600000000000023 0.00600000000000023 20000 6667 0.2 1 0.8 0.1
0.364835164835165 0.369731800766284 0.388888888888889 0 455 174 18 2.014 0.778 0.00499999999999989 0.004 20000 6667 0.46 0 0.8 0.1
0.607242339832869 0.457854406130268 0.222222222222222 0 718 174 18 3.127 0.755 0.00399999999999956 0.00399999999999956 20000 6667 0.2 0 0.8 0.1
0.37531328320802 0.369731800766284 0.351851851851852 0 532 174 18 2.297 0.729 0.00499999999999989 0.004 20000 6667 0.46 1 0.8 0.1
0.376463339494763 0.415708812260536 0.425925925925926 0.333333333333333 541 174 18 2.325 0.723 0.004 0.004 20000 6667 0.46 0 0.8 0.1
0.561323618700668 0.354406130268199 0.5 0.333333333333333 2196 174 18 8.346 0.644 0.00300000000000011 0.00399999999999956 20000 6667 0.46 0 0.8 0.1
0.380297823596793 0.411877394636015 0.407407407407407 0.666666666666667 582 174 18 2.555 0.739 0.00499999999999989 0.004 20000 6667 0.46 1 0.8 0.1
0.617549668874172 0.521072796934866 0.518518518518518 0.666666666666667 604 174 18 2.613 0.724 0.00800000000000001 0.004 20000 6667 0.2 0 0.8 0.1
0.37953216374269 0.438697318007663 0.592592592592593 0.666666666666667 570 174 18 2.474 0.726 0.004 0.004 20000 6667 0.46 1 0.8 0.1
0.383821932681868 0.425287356321839 0.425925925925926 0.333333333333333 614 174 18 2.712 0.743 0.004 0.00399999999999956 20000 6667 0.46 1 0.8 0.1
0.613624544981799 0.503831417624521 0.333333333333333 0 641 174 18 2.728 0.712 0.00399999999999956 0.00400000000000045 20000 6667 0.2 0 0.8 0.1
0.602191319005478 0.480842911877395 0.240740740740741 0 791 174 18 3.434 0.758 0.00700000000000056 0.00400000000000045 20000 6667 0.2 1 0.8 0.1
0.380707762557078 0.408045977011494 0.388888888888889 1 584 174 18 2.579 0.734 0.004 0.004 20000 6667 0.46 1 0.8 0.1
0.384116693679092 0.402298850574713 0.425925925925926 0.666666666666667 617 174 18 2.713 0.736 0.00399999999999956 0.00400000000000045 20000 6667 0.46 0 0.8 0.1
0.387442572741194 0.459770114942529 0.407407407407407 0 653 174 18 2.858 0.732 0.00700000000000056 0.00499999999999989 20000 6667 0.46 0 0.8 0.1
0.388971684053651 0.423371647509579 0.37037037037037 0.333333333333333 671 174 18 2.919 0.737 0.00499999999999989 0.00499999999999989 20000 6667 0.46 1 0.8 0.1
0.603545179420666 0.517241379310345 0.314814814814815 0.333333333333333 771 174 18 3.147 0.715 0.00399999999999956 0.00400000000000045 20000 6667 0.44171890110681 0 0.8 0.1
0.577218225419664 0.360153256704981 0.277777777777778 0.333333333333333 1390 174 18 5.841 0.728 0.00399999999999956 0.00400000000000045 20000 6667 0.2 0 0.8 0.1
0.559076186452612 0.371647509578544 0.37037037037037 0 2367 174 18 9.767 0.700000000000001 0.00399999999999956 0.00399999999999956 20000 6667 0.374042969892663 1 0.8 0.1
0.585545722713864 0.39272030651341 0.166666666666667 0 1130 174 18 4.808 0.734999999999999 0.00400000000000045 0.00399999999999956 20000 6667 0.2 0 0.8 0.1
0.580046403712297 0.342911877394636 0.203703703703704 0.333333333333333 1293 174 18 5.493 0.731999999999999 0.00500000000000078 0.00399999999999956 20000 6667 0.2 0 0.8 0.1
0.587243176939589 0.5 0.407407407407407 0.333333333333333 1087 174 18 4.425 0.689 0.00400000000000045 0.00399999999999956 20000 6667 0.27030691458659 0 0.8 0.1
0.58285243198681 0.396551724137931 0.277777777777778 0.333333333333333 1213 174 18 5.119 0.729 0.00399999999999956 0.00400000000000045 20000 6667 0.2 0 0.8 0.1
0.571783716594158 0.339080459770115 0.148148148148148 0 1609 174 18 6.631 0.729 0.00400000000000045 0.00699999999999967 20000 6667 0.2 1 0.8 0.1
0.574853007688829 0.316091954022989 0.148148148148148 0.666666666666667 1474 174 18 6.244 0.739999999999999 0.00400000000000045 0.00499999999999989 20000 6667 0.2 0 0.8 0.1
0.564191994685268 0.365900383141762 0.37037037037037 0.666666666666667 2007 174 18 8.281 0.718 0.00399999999999956 0.00399999999999956 20000 6667 0.277303818803603 0 0.8 0.1
0.566774658027358 0.350574712643678 0.259259259259259 0.333333333333333 1852 174 18 7.841 0.739000000000001 0.00400000000000134 0.00399999999999956 20000 6667 0.237351769392238 0 0.8 0.1
0.566937669376694 0.325670498084291 0.259259259259259 0.333333333333333 1845 174 18 7.701 0.725000000000001 0.00399999999999956 0.00399999999999956 20000 6667 0.2 1 0.8 0.1
0.56467409658899 0.304597701149425 0.333333333333333 0.333333333333333 1974 174 18 7.69 0.693 0.00399999999999956 0.00399999999999956 20000 6667 0.2 0 0.8 0.1
0.564660259652672 0.354406130268199 0.314814814814815 0.333333333333333 1977 174 18 8.332 0.718 0.00399999999999956 0.00399999999999956 20000 6667 0.424470714064437 1 0.8 0.1
0.562284820031299 0.408045977011494 0.648148148148148 0.333333333333333 2130 174 18 8.8 0.711 0.00499999999999901 0.00400000000000134 20000 6667 0.46 1 0.8 0.1
0.559677883232672 0.375478927203065 0.351851851851852 0.666666666666667 2318 174 18 9.583 0.683000000000002 0.00399999999999956 0.00399999999999956 20000 6667 0.447890010185675 1 0.8 0.1
0.558815311539536 0.396551724137931 0.425925925925926 0 2386 174 18 9.207 0.612 0.00300000000000011 0.00300000000000011 20000 6667 0.46 0 0.8 0.1
0.557416267942584 0.350574712643678 0.314814814814815 0 2508 174 18 9.649 0.602 0.00399999999999956 0.00300000000000011 20000 6667 0.2 0 0.8 0.1
0.556455761316872 0.375478927203065 0.407407407407407 0 2592 174 18 9.875 0.639999999999999 0.00400000000000134 0.00300000000000011 20000 6667 0.46 1 0.8 0.1
