0.825 0.825 0.80952380952381 0.785714285714286 10 10 3 0.214 0.183 0.018 0.0209999999999999 60000 2143 0.8 1 0.8 0.3
0.845238095238095 0.845238095238095 0.797619047619048 0.785714285714286 9 9 3 0.223 0.187 0.02 0.0210000000000001 60000 2143 0.8 1 0.8 0.3
0.811688311688312 0.811688311688312 0.892857142857143 0.928571428571429 11 11 3 0.251 0.229 0.018 0.018 60000 2143 0.8 1 0.8 0.3
0.814285714285714 0.814285714285714 0.773809523809524 0.857142857142857 10 10 3 0.219 0.187 0.018 0.0209999999999999 60000 2143 0.8 1 0.8 0.3
0.194805194805195 0.194805194805195 0.166666666666667 0.25 11 11 3 0.234 0.205 0.016 0.0170000000000001 60000 2143 0.2 0 0.8 0.3
0.782967032967033 0.782967032967033 0.726190476190476 0.607142857142857 13 13 3 0.266 0.238 0.016 0.0150000000000001 60000 2143 0.8 1 0.8 0.3
0.811688311688312 0.811688311688312 0.821428571428571 0.714285714285714 11 11 3 0.257 0.232 0.0189999999999999 0.018 60000 2143 0.8 1 0.8 0.3
0.833333333333333 0.833333333333333 0.785714285714286 0.821428571428571 9 9 3 0.195 0.163 0.0169999999999999 0.0170000000000001 60000 2143 0.8 1 0.8 0.3
0.196428571428571 0.196428571428571 0.19047619047619 0.178571428571429 12 12 3 0.275 0.251 0.018 0.0189999999999999 60000 2143 0.2 0 0.8 0.3
0.788690476190476 0.788690476190476 0.75 0.857142857142857 12 12 3 0.272 0.242 0.018 0.0169999999999999 60000 2143 0.8 0 0.8 0.3
0.208791208791209 0.208791208791209 0.202380952380952 0.142857142857143 13 13 3 0.298 0.271 0.0189999999999999 0.018 60000 2143 0.2 0 0.8 0.3
0.791666666666667 0.791666666666667 0.797619047619048 0.785714285714286 12 12 3 0.252 0.222 0.016 0.0170000000000001 60000 2143 0.8 1 0.8 0.3
0.778061224489796 0.778061224489796 0.761904761904762 0.785714285714286 14 14 3 0.298 0.277 0.02 0.0190000000000001 60000 2143 0.8 1 0.8 0.3
0.761904761904762 0.761904761904762 0.845238095238095 0.821428571428571 15 15 3 0.335 0.304 0.0249999999999999 0.0190000000000001 60000 2143 0.8 1 0.8 0.3
0.776190476190476 0.776190476190476 0.761904761904762 0.821428571428571 15 15 3 0.31 0.269 0.0209999999999999 0.016 60000 2143 0.8 1 0.8 0.3
0.788461538461538 0.788461538461538 0.726190476190476 0.75 13 13 3 0.281 0.26 0.018 0.0169999999999999 60000 2143 0.8 0 0.8 0.3
0.198051948051948 0.198051948051948 0.166666666666667 0.178571428571429 11 11 3 0.238 0.213 0.018 0.0170000000000001 60000 2143 0.2 0 0.8 0.3
0.808441558441558 0.808441558441558 0.833333333333333 0.821428571428571 11 11 3 0.229 0.205 0.0169999999999999 0.016 60000 2143 0.8 1 0.8 0.3
0.761904761904762 0.761904761904762 0.69047619047619 0.714285714285714 15 15 3 0.308 0.276 0.022 0.0169999999999999 60000 2143 0.8 1 0.8 0.3
0.254201680672269 0.254201680672269 0.202380952380952 0.214285714285714 17 17 3 0.353 0.308 0.016 0.016 60000 2143 0.2 0 0.8 0.3
0.258403361344538 0.258403361344538 0.273809523809524 0.214285714285714 17 17 3 0.334 0.297 0.016 0.016 60000 2143 0.2 0 0.8 0.3
0.800595238095238 0.800595238095238 0.785714285714286 0.821428571428571 12 12 3 0.238 0.22 0.016 0.016 60000 2143 0.8 1 0.8 0.3
0.772959183673469 0.772959183673469 0.761904761904762 0.821428571428571 14 14 3 0.29 0.264 0.018 0.018 60000 2143 0.8 1 0.8 0.3
0.78021978021978 0.78021978021978 0.738095238095238 0.642857142857143 13 13 3 0.277 0.264 0.018 0.018 60000 2143 0.8 0 0.8 0.3
0.734126984126984 0.734126984126984 0.773809523809524 0.75 18 18 3 0.372 0.323 0.016 0.022 60000 2143 0.8 0 0.8 0.3
0.224489795918367 0.224489795918367 0.226190476190476 0.214285714285714 14 14 3 0.329 0.309 0.022 0.0210000000000001 60000 2143 0.2 0 0.8 0.3
0.837301587301587 0.837301587301587 0.845238095238095 0.857142857142857 9 9 3 0.229 0.19 0.0210000000000001 0.0209999999999999 60000 2143 0.8 1 0.8 0.3
0.825 0.825 0.857142857142857 0.857142857142857 10 10 3 0.245 0.208 0.0210000000000001 0.024 60000 2143 0.8 0 0.8 0.3
0.205357142857143 0.205357142857143 0.154761904761905 0.142857142857143 12 12 3 0.292 0.266 0.0189999999999999 0.0189999999999999 60000 2143 0.2 0 0.8 0.3
0.814285714285714 0.814285714285714 0.761904761904762 0.75 10 10 3 0.242 0.213 0.02 0.024 60000 2143 0.8 1 0.8 0.3
0.845238095238095 0.845238095238095 0.797619047619048 0.857142857142857 9 9 3 0.175 0.163 0.0149999999999999 0.016 60000 2143 0.8 1 0.8 0.3
0.788690476190476 0.788690476190476 0.714285714285714 0.714285714285714 12 12 3 0.278 0.252 0.0189999999999999 0.018 60000 2143 0.8 1 0.8 0.3
0.801948051948052 0.801948051948052 0.797619047619048 0.678571428571429 11 11 3 0.258 0.23 0.018 0.018 60000 2143 0.8 1 0.8 0.3
0.78021978021978 0.78021978021978 0.821428571428571 0.928571428571429 13 13 3 0.296 0.264 0.018 0.0170000000000001 60000 2143 0.8 1 0.8 0.3
0.765625 0.765625 0.773809523809524 0.785714285714286 16 16 3 0.356 0.323 0.018 0.0189999999999999 60000 2143 0.8 1 0.8 0.3
0.821428571428571 0.821428571428571 0.857142857142857 0.785714285714286 10 10 3 0.245 0.21 0.0209999999999999 0.024 60000 2143 0.8 1 0.8 0.3
0.814285714285714 0.814285714285714 0.821428571428571 0.821428571428571 10 10 3 0.246 0.216 0.022 0.0250000000000001 60000 2143 0.8 1 0.8 0.3
0.805194805194805 0.805194805194805 0.845238095238095 0.821428571428571 11 11 3 0.268 0.239 0.0190000000000001 0.0199999999999998 60000 2143 0.8 1 0.8 0.3
0.35258358662614 0.345238095238095 0.297619047619048 0.214285714285714 47 33 3 0.861 0.606 0.0169999999999999 0.016 60000 2143 0.314270306736631 0 0.8 0.3
0.142857142857143 0.142857142857143 0.154761904761905 0.142857142857143 8 8 3 0.21 0.183 0.0190000000000001 0.0189999999999999 60000 2143 0.2 0 0.8 0.3
0.205357142857143 0.205357142857143 0.166666666666667 0.0714285714285714 12 12 3 0.298 0.273 0.0190000000000001 0.0189999999999999 60000 2143 0.2 0 0.8 0.3
0.191558441558442 0.191558441558442 0.142857142857143 0.214285714285714 11 11 3 0.28 0.246 0.0189999999999999 0.0189999999999999 60000 2143 0.2 0 0.8 0.3
0.194805194805195 0.194805194805195 0.261904761904762 0.321428571428571 11 11 3 0.274 0.25 0.02 0.02 60000 2143 0.2 0 0.8 0.3
0.258403361344538 0.258403361344538 0.238095238095238 0.214285714285714 17 17 3 0.387 0.339 0.018 0.018 60000 2143 0.2 0 0.8 0.3
0.794642857142857 0.794642857142857 0.797619047619048 0.714285714285714 12 12 3 0.283 0.254 0.0190000000000001 0.0189999999999999 60000 2143 0.8 1 0.8 0.3
0.78021978021978 0.78021978021978 0.761904761904762 0.785714285714286 13 13 3 0.313 0.283 0.0190000000000001 0.0189999999999999 60000 2143 0.8 1 0.8 0.3
0.775510204081633 0.775510204081633 0.773809523809524 0.75 14 14 3 0.325 0.299 0.0209999999999999 0.0210000000000001 60000 2143 0.8 0 0.8 0.3
0.782967032967033 0.782967032967033 0.773809523809524 0.714285714285714 13 13 3 0.312 0.282 0.0190000000000001 0.0190000000000001 60000 2143 0.8 1 0.8 0.3
0.821428571428571 0.821428571428571 0.869047619047619 0.892857142857143 10 10 3 0.25 0.213 0.0210000000000001 0.024 60000 2143 0.8 1 0.8 0.3
0.354863221884498 0.356060606060606 0.416666666666667 0.428571428571429 47 33 3 0.82 0.583 0.0169999999999999 0.016 60000 2143 0.317173584673759 1 0.8 0.3
0.23469387755102 0.23469387755102 0.214285714285714 0.214285714285714 14 14 3 0.328 0.304 0.022 0.0209999999999999 60000 2143 0.2 0 0.8 0.3
0.646577380952381 0.641774891774892 0.619047619047619 0.607142857142857 48 33 3 0.909 0.63 0.0180000000000002 0.0169999999999999 60000 2143 0.566627995095156 1 0.8 0.3
0.357871720116618 0.357142857142857 0.357142857142857 0.321428571428571 49 33 3 0.953 0.637 0.0169999999999999 0.0169999999999999 60000 2143 0.323408826970777 0 0.8 0.3
0.326839826839827 0.326839826839827 0.178571428571429 0.0714285714285714 33 33 3 0.695 0.67 0.0180000000000002 0.0180000000000002 60000 2143 0.2 0 0.8 0.3
0.354863221884498 0.361471861471861 0.44047619047619 0.464285714285714 47 33 3 0.913 0.645 0.0179999999999998 0.0180000000000002 60000 2143 0.438780674247426 0 0.8 0.3
0.263888888888889 0.263888888888889 0.178571428571429 0.25 18 18 3 0.412 0.358 0.0189999999999999 0.0230000000000001 60000 2143 0.2 1 0.8 0.3
0.743697478991597 0.743697478991597 0.761904761904762 0.892857142857143 17 17 3 0.373 0.328 0.0169999999999999 0.018 60000 2143 0.8 0 0.8 0.3
0.634566326530612 0.613636363636364 0.619047619047619 0.642857142857143 56 33 3 0.959 0.576 0.016 0.016 60000 2143 0.649149243443338 0 0.8 0.3
0.369458128078818 0.387445887445887 0.416666666666667 0.285714285714286 58 33 3 0.984 0.568 0.016 0.016 60000 2143 0.46 0 0.8 0.3
0.362533692722372 0.374458874458874 0.488095238095238 0.321428571428571 53 33 3 1.04 0.65 0.0180000000000002 0.0179999999999998 60000 2143 0.46 1 0.8 0.3
0.642857142857143 0.611471861471861 0.654761904761905 0.607142857142857 51 33 3 1.024 0.658 0.0190000000000001 0.0220000000000002 60000 2143 0.658790890755734 1 0.8 0.3
0.366071428571429 0.358225108225108 0.392857142857143 0.392857142857143 56 33 3 0.969 0.586 0.016 0.016 60000 2143 0.389744402610171 1 0.8 0.3
0.360576923076923 0.373376623376623 0.30952380952381 0.357142857142857 52 33 3 0.99 0.628 0.0219999999999998 0.0180000000000002 60000 2143 0.388906720234226 0 0.8 0.3
0.378151260504202 0.411255411255411 0.452380952380952 0.321428571428571 68 33 3 1.194 0.579 0.02 0.0169999999999999 60000 2143 0.46 1 0.8 0.3
0.377705627705628 0.405844155844156 0.44047619047619 0.392857142857143 66 33 3 1.183 0.585 0.016 0.016 60000 2143 0.46 0 0.8 0.3
0.368038740920097 0.376623376623377 0.345238095238095 0.357142857142857 59 33 3 1.107 0.608 0.0169999999999999 0.0210000000000004 60000 2143 0.46 0 0.8 0.3
0.379591836734694 0.402597402597403 0.535714285714286 0.714285714285714 70 33 3 1.206 0.585 0.0169999999999999 0.016 60000 2143 0.46 0 0.8 0.3
0.373847926267281 0.38961038961039 0.476190476190476 0.535714285714286 62 33 3 1.119 0.609 0.0169999999999999 0.016 60000 2143 0.46 1 0.8 0.3
0.311224489795918 0.311224489795918 0.261904761904762 0.214285714285714 28 28 3 0.596 0.552 0.0209999999999999 0.0210000000000004 60000 2143 0.2 0 0.8 0.3
0.794642857142857 0.794642857142857 0.797619047619048 0.785714285714286 12 12 3 0.235 0.213 0.0159999999999998 0.0150000000000001 60000 2143 0.8 0 0.8 0.3
0.380612244897959 0.388528138528139 0.404761904761905 0.464285714285714 70 33 3 1.181 0.57 0.016 0.016 60000 2143 0.46 0 0.8 0.3
0.36734693877551 0.393939393939394 0.511904761904762 0.535714285714286 56 33 3 1.151 0.694 0.0189999999999997 0.0190000000000001 60000 2143 0.46 0 0.8 0.3
0.801948051948052 0.801948051948052 0.857142857142857 0.785714285714286 11 11 3 0.264 0.238 0.0189999999999999 0.0189999999999999 60000 2143 0.8 1 0.8 0.3
0.801948051948052 0.801948051948052 0.785714285714286 0.785714285714286 11 11 3 0.266 0.24 0.0190000000000001 0.0189999999999999 60000 2143 0.8 0 0.8 0.3
0.384761904761905 0.402597402597403 0.44047619047619 0.5 75 33 3 1.294 0.556 0.0150000000000001 0.0190000000000001 60000 2143 0.46 0 0.8 0.3
0.788690476190476 0.788690476190476 0.773809523809524 0.785714285714286 12 12 3 0.235 0.214 0.0149999999999999 0.0149999999999999 60000 2143 0.8 1 0.8 0.3
0.814285714285714 0.814285714285714 0.797619047619048 0.75 10 10 3 0.251 0.215 0.0210000000000001 0.0249999999999999 60000 2143 0.8 1 0.8 0.3
0.193452380952381 0.193452380952381 0.202380952380952 0.178571428571429 12 12 3 0.291 0.264 0.0190000000000001 0.0190000000000001 60000 2143 0.2 0 0.8 0.3
0.199404761904762 0.199404761904762 0.202380952380952 0.321428571428571 12 12 3 0.288 0.264 0.0199999999999998 0.02 60000 2143 0.2 0 0.8 0.3
0.797619047619048 0.797619047619048 0.761904761904762 0.75 12 12 3 0.28 0.248 0.018 0.0169999999999999 60000 2143 0.8 1 0.8 0.3
0.182142857142857 0.182142857142857 0.166666666666667 0.25 10 10 3 0.26 0.221 0.0229999999999999 0.0249999999999999 60000 2143 0.2 0 0.8 0.3
0.386607142857143 0.424242424242424 0.404761904761905 0.464285714285714 80 33 3 1.383 0.561 0.016 0.016 60000 2143 0.46 1 0.8 0.3
0.334942084942085 0.334415584415584 0.238095238095238 0.214285714285714 37 33 3 0.753 0.661 0.0190000000000001 0.0179999999999998 60000 2143 0.213304286651922 0 0.8 0.3
0.770408163265306 0.770408163265306 0.75 0.75 14 14 3 0.326 0.306 0.0210000000000001 0.0210000000000001 60000 2143 0.8 1 0.8 0.3
0.384285714285714 0.416666666666667 0.428571428571429 0.464285714285714 75 33 3 1.38 0.589 0.0170000000000003 0.0219999999999998 60000 2143 0.46 0 0.8 0.3
0.777472527472527 0.777472527472527 0.797619047619048 0.857142857142857 13 13 3 0.309 0.274 0.0189999999999999 0.018 60000 2143 0.8 0 0.8 0.3
0.39367816091954 0.417748917748918 0.511904761904762 0.5 87 33 3 1.521 0.568 0.0169999999999999 0.016 60000 2143 0.46 0 0.8 0.3
0.208333333333333 0.208333333333333 0.214285714285714 0.214285714285714 12 12 3 0.28 0.255 0.0189999999999999 0.0190000000000001 60000 2143 0.2 0 0.8 0.3
0.663127413127413 0.656926406926407 0.642857142857143 0.642857142857143 37 33 3 0.741 0.645 0.0179999999999998 0.0180000000000002 60000 2143 0.719598160370308 1 0.8 0.3
0.799450549450549 0.799450549450549 0.738095238095238 0.821428571428571 13 13 3 0.299 0.273 0.0189999999999999 0.018 60000 2143 0.8 1 0.8 0.3
0.775510204081633 0.775510204081633 0.773809523809524 0.75 14 14 3 0.319 0.303 0.0210000000000001 0.0210000000000001 60000 2143 0.8 1 0.8 0.3
0.392857142857143 0.445887445887446 0.464285714285714 0.464285714285714 86 33 3 1.508 0.574 0.016 0.016 60000 2143 0.46 1 0.8 0.3
0.78021978021978 0.78021978021978 0.785714285714286 0.857142857142857 13 13 3 0.305 0.287 0.0190000000000001 0.0189999999999999 60000 2143 0.8 0 0.8 0.3
0.388984509466437 0.42965367965368 0.476190476190476 0.5 83 33 3 1.559 0.606 0.0169999999999999 0.0220000000000002 60000 2143 0.46 0 0.8 0.3
0.78021978021978 0.78021978021978 0.714285714285714 0.714285714285714 13 13 3 0.297 0.269 0.0190000000000001 0.018 60000 2143 0.8 0 0.8 0.3
0.782967032967033 0.782967032967033 0.761904761904762 0.571428571428571 13 13 3 0.303 0.278 0.0190000000000001 0.018 60000 2143 0.8 1 0.8 0.3
0.778061224489796 0.778061224489796 0.738095238095238 0.785714285714286 14 14 3 0.316 0.285 0.02 0.02 60000 2143 0.8 0 0.8 0.3
0.349837662337662 0.358225108225108 0.380952380952381 0.321428571428571 44 33 3 0.93 0.632 0.0219999999999998 0.0179999999999998 60000 2143 0.324956956940828 0 0.8 0.3
0.263888888888889 0.263888888888889 0.30952380952381 0.285714285714286 18 18 3 0.441 0.371 0.0190000000000001 0.024 60000 2143 0.2 0 0.8 0.3
0.351708074534161 0.351731601731602 0.392857142857143 0.357142857142857 46 33 3 0.959 0.638 0.0180000000000002 0.0180000000000002 60000 2143 0.241075885050917 0 0.8 0.3
0.728571428571429 0.728571428571429 0.80952380952381 0.857142857142857 20 20 3 0.452 0.385 0.018 0.018 60000 2143 0.8 1 0.8 0.3
0.351708074534161 0.36038961038961 0.44047619047619 0.464285714285714 46 33 3 0.886 0.635 0.0180000000000002 0.0179999999999998 60000 2143 0.321571964964791 0 0.8 0.3
0.344076655052265 0.345238095238095 0.321428571428571 0.392857142857143 41 33 3 0.82 0.664 0.0180000000000002 0.0179999999999998 60000 2143 0.223043391105087 0 0.8 0.3
0.336466165413534 0.336580086580087 0.321428571428571 0.321428571428571 38 33 3 0.795 0.642 0.0179999999999998 0.0179999999999998 60000 2143 0.2 1 0.8 0.3
0.348837209302326 0.338744588744589 0.19047619047619 0.178571428571429 43 33 3 0.886 0.626 0.0169999999999999 0.0220000000000002 60000 2143 0.2 0 0.8 0.3
0.287337662337662 0.287337662337662 0.238095238095238 0.178571428571429 22 22 3 0.494 0.445 0.0190000000000001 0.0189999999999999 60000 2143 0.2 0 0.8 0.3
0.359285714285714 0.376623376623377 0.44047619047619 0.321428571428571 50 33 3 1.011 0.619 0.0179999999999998 0.0169999999999999 60000 2143 0.46 1 0.8 0.3
0.293154761904762 0.293154761904762 0.285714285714286 0.142857142857143 24 24 3 0.509 0.47 0.018 0.0169999999999999 60000 2143 0.2 0 0.8 0.3
0.353260869565217 0.353896103896104 0.44047619047619 0.357142857142857 46 33 3 0.973 0.649 0.0190000000000001 0.0190000000000001 60000 2143 0.291320026225759 0 0.8 0.3
0.365079365079365 0.36038961038961 0.392857142857143 0.392857142857143 54 33 3 1.074 0.664 0.0190000000000001 0.0179999999999998 60000 2143 0.46 0 0.8 0.3
0.308201058201058 0.308201058201058 0.226190476190476 0.178571428571429 27 27 3 0.586 0.543 0.0190000000000001 0.0249999999999999 60000 2143 0.2 0 0.8 0.3
0.364661654135338 0.398268398268398 0.476190476190476 0.5 57 33 3 1.121 0.655 0.0180000000000002 0.0179999999999998 60000 2143 0.46 1 0.8 0.3
0.371194379391101 0.376623376623377 0.30952380952381 0.285714285714286 61 33 3 1.203 0.628 0.0179999999999998 0.0180000000000002 60000 2143 0.458843871392201 0 0.8 0.3
0.351587301587302 0.364718614718615 0.285714285714286 0.285714285714286 45 33 3 0.903 0.667 0.0189999999999997 0.0190000000000001 60000 2143 0.313782839510724 0 0.8 0.3
0.294642857142857 0.294642857142857 0.297619047619048 0.107142857142857 24 24 3 0.481 0.438 0.0169999999999999 0.0170000000000001 60000 2143 0.267217261284105 0 0.8 0.3
0.291925465838509 0.291925465838509 0.261904761904762 0.214285714285714 23 23 3 0.498 0.448 0.0229999999999999 0.018 60000 2143 0.2 0 0.8 0.3
0.595568783068783 0.585497835497836 0.630952380952381 0.571428571428571 108 33 3 1.845 0.6 0.016 0.0189999999999997 60000 2143 0.552905848075101 1 0.8 0.3
0.403061224489796 0.426406926406926 0.452380952380952 0.428571428571429 105 33 3 1.856 0.605 0.0169999999999999 0.0169999999999999 60000 2143 0.46 0 0.8 0.3
0.376623376623377 0.390692640692641 0.416666666666667 0.5 66 33 3 1.228 0.597 0.0169999999999999 0.0180000000000002 60000 2143 0.46 0 0.8 0.3
0.407453416149068 0.435064935064935 0.452380952380952 0.428571428571429 115 33 3 1.929 0.581 0.016 0.016 60000 2143 0.46 1 0.8 0.3
0.363207547169811 0.367965367965368 0.369047619047619 0.428571428571429 53 33 3 1.012 0.627 0.0169999999999999 0.0169999999999999 60000 2143 0.416624195107441 0 0.8 0.3
0.407453416149068 0.449134199134199 0.523809523809524 0.607142857142857 115 33 3 1.969 0.591 0.016 0.016 60000 2143 0.46 0 0.8 0.3
0.406015037593985 0.436147186147186 0.464285714285714 0.464285714285714 114 33 3 1.964 0.592 0.016 0.016 60000 2143 0.46 0 0.8 0.3
0.378968253968254 0.41991341991342 0.452380952380952 0.428571428571429 72 33 3 1.419 0.628 0.0190000000000001 0.0179999999999998 60000 2143 0.46 0 0.8 0.3
0.382440476190476 0.374458874458874 0.392857142857143 0.321428571428571 72 33 3 1.352 0.593 0.0169999999999999 0.0169999999999999 60000 2143 0.377187842130224 0 0.8 0.3
0.402472527472527 0.413419913419913 0.452380952380952 0.535714285714286 104 33 3 1.938 0.648 0.0170000000000003 0.0169999999999999 60000 2143 0.46 1 0.8 0.3
0.409407665505227 0.470779220779221 0.535714285714286 0.571428571428571 123 33 3 2.102 0.581 0.0150000000000001 0.016 60000 2143 0.46 1 0.8 0.3
0.379726890756303 0.384199134199134 0.392857142857143 0.285714285714286 68 33 3 1.303 0.595 0.0219999999999998 0.0169999999999999 60000 2143 0.46 0 0.8 0.3
0.317857142857143 0.317857142857143 0.357142857142857 0.321428571428571 30 30 3 0.615 0.596 0.0219999999999998 0.0220000000000002 60000 2143 0.203804343784704 0 0.8 0.3
0.407687651331719 0.452380952380952 0.488095238095238 0.464285714285714 118 33 3 2.017 0.597 0.0190000000000001 0.016 60000 2143 0.46 0 0.8 0.3
0.310344827586207 0.310344827586207 0.273809523809524 0.214285714285714 29 29 3 0.622 0.578 0.0209999999999999 0.0209999999999999 60000 2143 0.2 0 0.8 0.3
0.376332622601279 0.38961038961039 0.369047619047619 0.357142857142857 67 33 3 1.309 0.622 0.0180000000000002 0.0219999999999998 60000 2143 0.46 0 0.8 0.3
0.374149659863946 0.406926406926407 0.488095238095238 0.428571428571429 63 33 3 1.245 0.632 0.0180000000000002 0.0180000000000002 60000 2143 0.46 0 0.8 0.3
0.371779859484778 0.4004329004329 0.44047619047619 0.535714285714286 61 33 3 1.176 0.624 0.0180000000000002 0.0179999999999998 60000 2143 0.46 1 0.8 0.3
0.409681227863046 0.474025974025974 0.511904761904762 0.5 121 33 3 2.125 0.612 0.016 0.016 60000 2143 0.46 0 0.8 0.3
0.655052264808362 0.636363636363636 0.607142857142857 0.535714285714286 41 33 3 0.82 0.644 0.0179999999999998 0.0180000000000002 60000 2143 0.659499074507079 1 0.8 0.3
0.61692759295499 0.615800865800866 0.630952380952381 0.678571428571429 73 33 3 1.337 0.58 0.016 0.016 60000 2143 0.670576886910711 1 0.8 0.3
0.389372822299652 0.418831168831169 0.345238095238095 0.392857142857143 82 33 3 1.509 0.591 0.0169999999999999 0.016 60000 2143 0.46 1 0.8 0.3
0.412513842746401 0.448051948051948 0.452380952380952 0.428571428571429 129 33 3 2.236 0.56 0.0169999999999999 0.016 60000 2143 0.46 1 0.8 0.3
0.392441860465116 0.412337662337662 0.369047619047619 0.392857142857143 86 33 3 1.605 0.604 0.0169999999999999 0.0170000000000003 60000 2143 0.46 0 0.8 0.3
0.414915966386555 0.457792207792208 0.428571428571429 0.535714285714286 136 33 3 2.36 0.552 0.0169999999999999 0.0190000000000001 60000 2143 0.46 1 0.8 0.3
0.391135972461274 0.404761904761905 0.428571428571429 0.464285714285714 83 33 3 1.567 0.603 0.0180000000000002 0.0219999999999998 60000 2143 0.46 0 0.8 0.3
0.347402597402597 0.345238095238095 0.345238095238095 0.392857142857143 44 33 3 0.881 0.659 0.0229999999999997 0.0190000000000001 60000 2143 0.327935045458658 1 0.8 0.3
0.417857142857143 0.457792207792208 0.476190476190476 0.464285714285714 150 33 3 2.401 0.504 0.0140000000000002 0.0149999999999997 60000 2143 0.46 1 0.8 0.3
0.357871720116618 0.33982683982684 0.452380952380952 0.392857142857143 49 33 3 0.998 0.664 0.0179999999999998 0.0190000000000001 60000 2143 0.423656756667973 0 0.8 0.3
0.361950549450549 0.365800865800866 0.380952380952381 0.214285714285714 52 33 3 1.072 0.676 0.0230000000000001 0.02 60000 2143 0.428216839856981 0 0.8 0.3
0.391135972461274 0.42965367965368 0.5 0.714285714285714 83 33 3 1.534 0.592 0.0179999999999998 0.0220000000000002 60000 2143 0.46 0 0.8 0.3
0.394444444444444 0.433982683982684 0.44047619047619 0.5 90 33 3 1.68 0.596 0.0179999999999998 0.0590000000000002 60000 2143 0.46 0 0.8 0.3
0.400990099009901 0.42965367965368 0.428571428571429 0.428571428571429 101 33 3 1.82 0.621 0.0169999999999999 0.0169999999999999 60000 2143 0.46 0 0.8 0.3
0.6015625 0.547619047619048 0.357142857142857 0.357142857142857 96 33 3 1.683 0.609 0.016 0.0169999999999999 60000 2143 0.333950079828806 0 0.8 0.3
0.396656534954407 0.41991341991342 0.428571428571429 0.464285714285714 94 33 3 1.726 0.629 0.0180000000000002 0.0169999999999999 60000 2143 0.46 0 0.8 0.3
0.412109375 0.455627705627706 0.511904761904762 0.535714285714286 128 33 3 2.28 0.564 0.02 0.016 60000 2143 0.46 0 0.8 0.3
0.418024928092042 0.49025974025974 0.452380952380952 0.5 149 33 3 2.533 0.552 0.016 0.016 60000 2143 0.46 0 0.8 0.3
0.40487012987013 0.441558441558442 0.5 0.571428571428571 110 33 3 1.883 0.594 0.0159999999999996 0.016 60000 2143 0.46 1 0.8 0.3
0.375 0.395021645021645 0.44047619047619 0.428571428571429 64 33 3 1.31 0.65 0.0189999999999997 0.0180000000000002 60000 2143 0.46 1 0.8 0.3
0.36884236453202 0.382034632034632 0.321428571428571 0.321428571428571 58 33 3 1.215 0.658 0.0190000000000001 0.0190000000000001 60000 2143 0.46 1 0.8 0.3
0.398379970544919 0.436147186147186 0.416666666666667 0.392857142857143 97 33 3 1.775 0.617 0.0169999999999999 0.0169999999999999 60000 2143 0.46 0 0.8 0.3
0.374725274725275 0.398268398268398 0.523809523809524 0.535714285714286 65 33 3 1.229 0.604 0.0169999999999999 0.0169999999999999 60000 2143 0.46 1 0.8 0.3
0.374441964285714 0.37987012987013 0.44047619047619 0.464285714285714 64 33 3 1.195 0.605 0.016 0.0169999999999999 60000 2143 0.46 1 0.8 0.3
0.372119815668203 0.393939393939394 0.428571428571429 0.535714285714286 62 33 3 1.277 0.648 0.0190000000000001 0.0189999999999997 60000 2143 0.46 1 0.8 0.3
0.400910364145658 0.409090909090909 0.345238095238095 0.357142857142857 102 33 3 1.801 0.608 0.0169999999999999 0.016 60000 2143 0.46 1 0.8 0.3
0.406954887218045 0.443722943722944 0.428571428571429 0.464285714285714 114 33 3 1.966 0.597 0.016 0.016 60000 2143 0.46 0 0.8 0.3
0.379275653923541 0.409090909090909 0.535714285714286 0.571428571428571 71 33 3 1.4 0.624 0.0180000000000002 0.0179999999999998 60000 2143 0.46 0 0.8 0.3
0.38682745825603 0.41991341991342 0.464285714285714 0.464285714285714 77 33 3 1.404 0.587 0.016 0.0169999999999999 60000 2143 0.46 1 0.8 0.3
0.381287726358149 0.396103896103896 0.392857142857143 0.357142857142857 71 33 3 1.392 0.618 0.0169999999999999 0.0169999999999999 60000 2143 0.46 0 0.8 0.3
0.385338345864662 0.423160173160173 0.452380952380952 0.5 76 33 3 1.379 0.574 0.0209999999999999 0.0170000000000003 60000 2143 0.46 1 0.8 0.3
0.381790744466801 0.405844155844156 0.452380952380952 0.428571428571429 71 33 3 1.299 0.587 0.0169999999999999 0.016 60000 2143 0.46 0 0.8 0.3
0.377766599597586 0.399350649350649 0.488095238095238 0.464285714285714 71 33 3 1.329 0.602 0.0179999999999998 0.0169999999999999 60000 2143 0.46 1 0.8 0.3
0.377164502164502 0.366883116883117 0.404761904761905 0.464285714285714 66 33 3 1.313 0.614 0.0179999999999998 0.0180000000000002 60000 2143 0.46 1 0.8 0.3
0.382583170254403 0.414502164502164 0.476190476190476 0.392857142857143 73 33 3 1.335 0.578 0.0170000000000003 0.016 60000 2143 0.46 0 0.8 0.3
0.382583170254403 0.416666666666667 0.428571428571429 0.428571428571429 73 33 3 1.373 0.594 0.0169999999999999 0.0169999999999999 60000 2143 0.46 0 0.8 0.3
0.390243902439024 0.424242424242424 0.404761904761905 0.464285714285714 82 33 3 1.496 0.585 0.016 0.016 60000 2143 0.46 1 0.8 0.3
0.384285714285714 0.424242424242424 0.511904761904762 0.642857142857143 75 33 3 1.456 0.622 0.0179999999999998 0.0220000000000002 60000 2143 0.46 0 0.8 0.3
0.391625615763547 0.406926406926407 0.44047619047619 0.357142857142857 87 33 3 1.656 0.608 0.0170000000000003 0.0169999999999999 60000 2143 0.46 1 0.8 0.3
0.408292978208232 0.446969696969697 0.452380952380952 0.464285714285714 118 33 3 2.155 0.644 0.0209999999999999 0.0180000000000002 60000 2143 0.46 1 0.8 0.3
0.385989010989011 0.425324675324675 0.476190476190476 0.5 78 33 3 1.413 0.579 0.0169999999999999 0.016 60000 2143 0.46 1 0.8 0.3
0.408763505402161 0.446969696969697 0.452380952380952 0.607142857142857 119 33 3 2.121 0.625 0.0170000000000003 0.0169999999999999 60000 2143 0.46 0 0.8 0.3
0.386528028933092 0.427489177489177 0.452380952380952 0.392857142857143 79 33 3 1.499 0.612 0.0180000000000002 0.0169999999999999 60000 2143 0.46 0 0.8 0.3
0.39484126984127 0.457792207792208 0.404761904761905 0.571428571428571 90 33 3 1.574 0.56 0.016 0.0539999999999998 60000 2143 0.46 1 0.8 0.3
0.393668831168831 0.41991341991342 0.404761904761905 0.357142857142857 88 33 3 1.632 0.61 0.0169999999999999 0.0170000000000003 60000 2143 0.46 0 0.8 0.3
0.393267651888342 0.443722943722944 0.511904761904762 0.535714285714286 87 33 3 1.616 0.618 0.0179999999999998 0.0180000000000002 60000 2143 0.46 0 0.8 0.3
0.394047619047619 0.433982683982684 0.452380952380952 0.392857142857143 90 33 3 1.754 0.615 0.0170000000000003 0.0600000000000001 60000 2143 0.46 1 0.8 0.3
0.572176514584891 0.483766233766234 0.404761904761905 0.428571428571429 191 33 3 3.106 0.556 0.0150000000000006 0.016 60000 2143 0.360109165462989 0 0.8 0.3
0.395238095238095 0.417748917748918 0.464285714285714 0.5 90 33 3 1.664 0.596 0.0169999999999999 0.0580000000000003 60000 2143 0.46 0 0.8 0.3
0.39868804664723 0.456709956709957 0.5 0.357142857142857 98 33 3 1.872 0.64 0.0179999999999998 0.0180000000000002 60000 2143 0.46 0 0.8 0.3
0.398748159057437 0.428571428571429 0.44047619047619 0.464285714285714 97 33 3 1.805 0.633 0.0169999999999999 0.0169999999999999 60000 2143 0.46 0 0.8 0.3
0.404652686762778 0.438311688311688 0.392857142857143 0.357142857142857 109 33 3 1.932 0.619 0.02 0.0169999999999999 60000 2143 0.46 0 0.8 0.3
0.591707021791768 0.53030303030303 0.428571428571429 0.392857142857143 118 33 3 2.02 0.597 0.0190000000000001 0.016 60000 2143 0.285995588662781 0 0.8 0.3
0.412912087912088 0.451298701298701 0.476190476190476 0.464285714285714 130 33 3 2.278 0.56 0.0169999999999999 0.016 60000 2143 0.46 1 0.8 0.3
0.409250585480094 0.439393939393939 0.535714285714286 0.571428571428571 122 33 3 2.14 0.617 0.0170000000000003 0.016 60000 2143 0.46 1 0.8 0.3
0.574980268350434 0.425324675324675 0.30952380952381 0.321428571428571 181 33 3 3.022 0.567 0.0149999999999997 0.0149999999999997 60000 2143 0.2 0 0.8 0.3
0.579899267399267 0.485930735930736 0.369047619047619 0.285714285714286 156 33 3 2.59 0.537 0.016 0.016 60000 2143 0.215619089894733 1 0.8 0.3
0.417395529640428 0.452380952380952 0.44047619047619 0.464285714285714 147 33 3 2.586 0.562 0.0199999999999996 0.0179999999999998 60000 2143 0.46 0 0.8 0.3
0.561477644492912 0.372294372294372 0.25 0.142857142857143 262 33 3 3.985 0.497 0.0169999999999995 0.0140000000000002 60000 2143 0.2 1 0.8 0.3
0.57070340826686 0.484848484848485 0.369047619047619 0.214285714285714 197 33 3 3.231 0.548 0.016 0.0149999999999997 60000 2143 0.2 0 0.8 0.3
0.559187279151943 0.380952380952381 0.285714285714286 0.25 283 33 3 4.333 0.5 0.0139999999999993 0.0150000000000006 60000 2143 0.2 0 0.8 0.3
0.562745098039216 0.393939393939394 0.226190476190476 0.142857142857143 255 33 3 3.7 0.473 0.0149999999999997 0.0129999999999999 60000 2143 0.2 0 0.8 0.3
0.56452581032413 0.357142857142857 0.19047619047619 0.178571428571429 238 33 3 3.53 0.459 0.016 0.0129999999999999 60000 2143 0.2 1 0.8 0.3
0.555768364127986 0.390692640692641 0.214285714285714 0.214285714285714 317 33 3 4.556 0.462 0.0129999999999999 0.0130000000000008 60000 2143 0.2 0 0.8 0.3
0.556566820276498 0.386363636363636 0.202380952380952 0.107142857142857 310 33 3 4.269 0.45 0.0140000000000002 0.0129999999999999 60000 2143 0.2 0 0.8 0.3
