0.7805 0.7805 0.7805 0.7805 1 1 1 1.003 0.997999999999998 1.001 1.053 60000 10 0.8 1 0.8 0.8
0.777 0.777 0.777 0.777 1 1 1 1.01799999999999 1.015 1.014 1.07 60000 10 0.8 1 0.8 0.8
0.774166666666667 0.774166666666667 0.774166666666667 0.774166666666667 1 1 1 1.035 1.032 1.031 1.083 60000 10 0.8 1 0.8 0.8
0.770166666666667 0.770166666666667 0.770166666666667 0.770166666666667 1 1 1 0.990000000000002 0.987000000000002 0.979999999999997 1.028 60000 10 0.8 1 0.8 0.8
0.765666666666667 0.765666666666667 0.765666666666667 0.765666666666667 1 1 1 1.05 1.047 1.047 1.104 60000 10 0.8 1 0.8 0.8
0.754666666666667 0.754666666666667 0.754666666666667 0.754666666666667 1 1 1 1.045 1.038 1.039 1.095 60000 10 0.8 1 0.8 0.8
0.559277777777778 0.491333333333333 0.491333333333333 0.491333333333333 3 1 1 3.009 1.071 0.963000000000001 0.981999999999999 60000 10 0.2 0 0.8 0.8
0.4305 0.4305 0.4305 0.4305 1 1 1 1.014 1.011 1.009 1.063 60000 10 0.2 0 0.8 0.8
0.774666666666667 0.774666666666667 0.774666666666667 0.774666666666667 1 1 1 1.011 1.017 1.008 1.042 60000 10 0.8 1 0.8 0.8
0.7515 0.7515 0.7515 0.7515 1 1 1 1.03899999999999 1.035 1.033 1.088 60000 10 0.8 1 0.8 0.8
0.7585 0.7585 0.7585 0.7585 1 1 1 1.009 1.004 1.002 1.057 60000 10 0.8 0 0.8 0.8
0.748833333333333 0.748833333333333 0.748833333333333 0.748833333333333 1 1 1 1.008 1.005 0.981999999999999 1.025 60000 10 0.8 1 0.8 0.8
0.777833333333333 0.777833333333333 0.777833333333333 0.777833333333333 1 1 1 1.012 1.003 1.006 1.059 60000 10 0.8 1 0.8 0.8
0.422166666666667 0.422166666666667 0.422166666666667 0.422166666666667 1 1 1 1.002 1.001 0.939 0.983000000000004 60000 10 0.2 0 0.8 0.8
0.784166666666667 0.784166666666667 0.784166666666667 0.784166666666667 1 1 1 1.005 0.997999999999998 0.999000000000002 1.053 60000 10 0.8 0 0.8 0.8
0.566388888888889 0.5015 0.5015 0.5015 3 1 1 3.034 1.078 0.961999999999996 0.980000000000004 60000 10 0.2 0 0.8 0.8
0.758666666666667 0.758666666666667 0.758666666666667 0.758666666666667 1 1 1 1.037 1.031 1.032 1.089 60000 10 0.8 1 0.8 0.8
0.765166666666667 0.765166666666667 0.765166666666667 0.765166666666667 1 1 1 1.028 1.026 1.023 1.074 60000 10 0.8 1 0.8 0.8
0.766333333333333 0.766333333333333 0.766333333333333 0.766333333333333 1 1 1 1.04799999999999 1.037 1.045 1.079 60000 10 0.8 1 0.8 0.8
0.758833333333333 0.758833333333333 0.758833333333333 0.758833333333333 1 1 1 1.014 1.009 1.006 1.061 60000 10 0.8 1 0.8 0.8
0.7725 0.7725 0.7725 0.7725 1 1 1 1.025 1.024 1.019 1.07400000000001 60000 10 0.8 1 0.8 0.8
0.771333333333333 0.771333333333333 0.771333333333333 0.771333333333333 1 1 1 1.014 1.01 1.007 1.062 60000 10 0.8 0 0.8 0.8
0.678333333333333 0.678333333333333 0.678333333333333 0.678333333333333 1 1 1 1.005 0.998000000000005 0.997 1.051 60000 10 0.8 0 0.8 0.8
0.571833333333333 0.527833333333333 0.527833333333333 0.527833333333333 2 1 1 2.078 1.072 1.08 0.990000000000002 60000 10 0.2 0 0.8 0.8
0.55675 0.514333333333333 0.514333333333333 0.514333333333333 2 1 1 1.989 1.016 1.054 0.957999999999998 60000 10 0.2 0 0.8 0.8
0.557222222222222 0.487166666666667 0.487166666666667 0.487166666666667 3 1 1 3.017 1.07 0.957999999999998 0.978999999999999 60000 10 0.2 0 0.8 0.8
0.773 0.773 0.773 0.773 1 1 1 1.034 1.02999999999999 1.03400000000001 1.093 60000 10 0.8 1 0.8 0.8
0.7765 0.7765 0.7765 0.7765 1 1 1 1.009 1.005 1.006 1.063 60000 10 0.8 0 0.8 0.8
0.777333333333333 0.777333333333333 0.777333333333333 0.777333333333333 1 1 1 1.008 1.002 1.011 1.044 60000 10 0.8 1 0.8 0.8
0.7585 0.7585 0.7585 0.7585 1 1 1 1.01900000000001 1.019 1.009 1.066 60000 10 0.8 1 0.8 0.8
0.761833333333333 0.761833333333333 0.761833333333333 0.761833333333333 1 1 1 1.044 1.042 1.053 1.082 60000 10 0.8 1 0.8 0.8
0.782166666666667 0.782166666666667 0.782166666666667 0.782166666666667 1 1 1 1.02 1.01199999999999 1.01 1.061 60000 10 0.8 1 0.8 0.8
0.716666666666667 0.716666666666667 0.716666666666667 0.716666666666667 1 1 1 1.017 1.01000000000001 1.011 1.062 60000 10 0.8 1 0.8 0.8
0.734333333333333 0.734333333333333 0.734333333333333 0.734333333333333 1 1 1 1.012 1.00700000000001 1.02 1.046 60000 10 0.8 1 0.8 0.8
0.769166666666667 0.769166666666667 0.769166666666667 0.769166666666667 1 1 1 1.012 1.008 1.017 1.052 60000 10 0.8 1 0.8 0.8
0.562111111111111 0.487666666666667 0.487666666666667 0.487666666666667 3 1 1 3.114 1.10599999999999 0.983000000000004 1.001 60000 10 0.2 0 0.8 0.8
0.727333333333333 0.727333333333333 0.727333333333333 0.727333333333333 1 1 1 1.02 1.013 1.023 1.058 60000 10 0.8 1 0.8 0.8
0.772333333333333 0.772333333333333 0.772333333333333 0.772333333333333 1 1 1 1.014 1.008 1.008 1.063 60000 10 0.8 1 0.8 0.8
0.418333333333333 0.418333333333333 0.418333333333333 0.418333333333333 1 1 1 1.03 1.024 1.03 1.086 60000 10 0.2 0 0.8 0.8
0.540611111111111 0.4585 0.4585 0.4585 3 1 1 2.945 1.043 0.946999999999996 0.962999999999994 60000 10 0.314270306736631 0 0.8 0.8
0.7775 0.7775 0.7775 0.7775 1 1 1 1.037 1.038 1.036 1.087 60000 10 0.8 1 0.8 0.8
0.759833333333333 0.759833333333333 0.759833333333333 0.759833333333333 1 1 1 1.04799999999999 1.036 1.037 1.091 60000 10 0.8 1 0.8 0.8
0.542277777777778 0.4545 0.4545 0.4545 3 1 1 3.019 1.072 0.958999999999996 0.981999999999999 60000 10 0.2 0 0.8 0.8
0.549 0.506 0.506 0.506 2 1 1 2.02800000000001 1.04 1.076 0.979999999999997 60000 10 0.2 0 0.8 0.8
0.7505 0.7505 0.7505 0.7505 1 1 1 1.057 1.052 1.058 1.093 60000 10 0.8 0 0.8 0.8
0.778166666666667 0.778166666666667 0.778166666666667 0.778166666666667 1 1 1 1.052 1.046 1.048 1.103 60000 10 0.8 1 0.8 0.8
0.776833333333333 0.776833333333333 0.776833333333333 0.776833333333333 1 1 1 1.077 1.052 1.047 1.102 60000 10 0.8 1 0.8 0.8
0.551375 0.461333333333333 0.461333333333333 0.461333333333333 4 1 1 3.59399999999999 0.885999999999996 0.863 0.873000000000005 60000 10 0.317173584673759 1 0.8 0.8
0.6925 0.6925 0.6925 0.6925 1 1 1 1.004 0.997000000000007 0.997999999999998 1.05 60000 10 0.566627995095156 1 0.8 0.8
0.54825 0.498166666666667 0.498166666666667 0.498166666666667 2 1 1 2.061 1.055 1.08900000000001 0.985999999999997 60000 10 0.2 0 0.8 0.8
0.412 0.412 0.412 0.412 1 1 1 0.998999999999995 0.992999999999995 0.994 1.047 60000 10 0.323408826970777 0 0.8 0.8
0.657333333333333 0.657333333333333 0.657333333333333 0.657333333333333 1 1 1 0.969999999999999 0.979999999999997 0.978000000000002 1.005 60000 10 0.649149243443338 0 0.8 0.8
0.562444444444444 0.495666666666667 0.495666666666667 0.495666666666667 3 1 1 3.16 1.109 0.994 1.012 60000 10 0.2 0 0.8 0.8
0.533866666666667 0.436333333333333 0.436333333333333 0.436333333333333 5 1 1 4.31 0.864999999999995 0.864000000000004 0.882999999999996 60000 10 0.46 0 0.8 0.8
0.680833333333333 0.680833333333333 0.680833333333333 0.680833333333333 1 1 1 1.023 1.002 1.002 1.056 60000 10 0.8 0 0.8 0.8
0.409166666666667 0.409166666666667 0.409166666666667 0.409166666666667 1 1 1 1.036 1.035 1.036 1.09 60000 10 0.438780674247426 0 0.8 0.8
0.567944444444444 0.495666666666667 0.495666666666667 0.495666666666667 3 1 1 3.015 1.072 0.958999999999996 0.977000000000004 60000 10 0.2 0 0.8 0.8
0.554416666666667 0.503833333333333 0.503833333333333 0.503833333333333 2 1 1 2.003 1.024 1.057 0.962999999999994 60000 10 0.2 1 0.8 0.8
0.682 0.682 0.682 0.682 1 1 1 1 0.994 0.993000000000002 1.047 60000 10 0.658790890755734 1 0.8 0.8
0.423 0.423 0.423 0.423 1 1 1 0.859999999999999 0.823999999999998 0.799999999999997 0.829999999999998 60000 10 0.46 0 0.8 0.8
0.415333333333333 0.415333333333333 0.415333333333333 0.415333333333333 1 1 1 1.026 1.018 1.019 1.074 60000 10 0.388906720234226 0 0.8 0.8
0.544041666666667 0.448833333333333 0.448833333333333 0.448833333333333 4 1 1 3.588 0.836999999999996 0.832999999999998 0.789000000000001 60000 10 0.46 1 0.8 0.8
0.542111111111111 0.472166666666667 0.472166666666667 0.472166666666667 3 1 1 2.965 1.039 0.954000000000001 0.962000000000003 60000 10 0.389744402610171 1 0.8 0.8
0.591416666666667 0.551666666666667 0.551666666666667 0.551666666666667 2 1 1 1.992 1.02 1.057 0.963000000000001 60000 10 0.2 0 0.8 0.8
0.552916666666667 0.453666666666667 0.453666666666667 0.453666666666667 4 1 1 3.244 0.762 0.762999999999998 0.774000000000001 60000 10 0.46 0 0.8 0.8
0.551375 0.4585 0.4585 0.4585 4 1 1 4.14 0.995999999999995 0.996000000000002 1.018 60000 10 0.46 1 0.8 0.8
0.769833333333333 0.769833333333333 0.769833333333333 0.769833333333333 1 1 1 0.960000000000001 0.884 0.932000000000002 1.075 60000 10 0.8 0 0.8 0.8
0.394 0.394 0.394 0.394 1 1 1 1.029 1.025 1.027 1.081 60000 10 0.46 0 0.8 0.8
0.723333333333333 0.723333333333333 0.723333333333333 0.723333333333333 1 1 1 1.013 1.009 1.015 1.069 60000 10 0.8 1 0.8 0.8
0.762833333333333 0.762833333333333 0.762833333333333 0.762833333333333 1 1 1 1.017 1.01 1.015 1.07 60000 10 0.8 0 0.8 0.8
0.405333333333333 0.405333333333333 0.405333333333333 0.405333333333333 1 1 1 0.980999999999995 0.955999999999996 0.951000000000001 1.004 60000 10 0.46 0 0.8 0.8
0.542458333333333 0.454166666666667 0.454166666666667 0.454166666666667 4 1 1 3.992 0.962000000000003 0.949000000000005 0.973999999999997 60000 10 0.46 0 0.8 0.8
0.786333333333333 0.786333333333333 0.786333333333333 0.786333333333333 1 1 1 0.974000000000004 0.984999999999999 0.951999999999998 1.031 60000 10 0.8 1 0.8 0.8
0.7405 0.7405 0.7405 0.7405 1 1 1 1.056 1.052 1.061 1.096 60000 10 0.8 1 0.8 0.8
0.5585 0.479666666666667 0.479666666666667 0.479666666666667 3 1 1 3.072 1.082 0.975000000000001 0.991 60000 10 0.2 0 0.8 0.8
0.7805 0.7805 0.7805 0.7805 1 1 1 1.008 1.004 1.005 1.061 60000 10 0.8 1 0.8 0.8
0.542291666666667 0.438666666666667 0.438666666666667 0.438666666666667 4 1 1 4.09 0.954000000000001 0.944000000000003 0.960000000000001 60000 10 0.46 1 0.8 0.8
0.424666666666667 0.424666666666667 0.424666666666667 0.424666666666667 1 1 1 0.972000000000001 0.926000000000002 0.921999999999997 0.963999999999999 60000 10 0.46 1 0.8 0.8
0.542611111111111 0.467333333333333 0.467333333333333 0.467333333333333 3 1 1 3.13 1.114 0.996000000000002 1.033 60000 10 0.2 0 0.8 0.8
0.551444444444444 0.468666666666667 0.468666666666667 0.468666666666667 3 1 1 3.04 1.082 0.966000000000001 0.981000000000002 60000 10 0.2 0 0.8 0.8
0.540833333333333 0.442 0.442 0.442 4 1 1 4.15 0.994999999999997 0.996000000000002 1.016 60000 10 0.46 0 0.8 0.8
0.412166666666667 0.412166666666667 0.412166666666667 0.412166666666667 1 1 1 0.953000000000003 0.945 0.941000000000003 0.975000000000001 60000 10 0.46 0 0.8 0.8
0.737333333333333 0.737333333333333 0.737333333333333 0.737333333333333 1 1 1 1.005 1.001 1.003 1.058 60000 10 0.8 1 0.8 0.8
0.737333333333333 0.737333333333333 0.737333333333333 0.737333333333333 1 1 1 1.016 1.013 1.01600000000001 1.07 60000 10 0.8 0 0.8 0.8
0.427166666666667 0.427166666666667 0.427166666666667 0.427166666666667 1 1 1 0.963999999999999 0.927 0.915999999999997 0.952000000000005 60000 10 0.46 0 0.8 0.8
0.562222222222222 0.487666666666667 0.487666666666667 0.487666666666667 3 1 1 2.981 1.06 0.949999999999996 0.969000000000001 60000 10 0.213304286651922 0 0.8 0.8
0.54775 0.445166666666667 0.445166666666667 0.445166666666667 4 1 1 4.104 0.983000000000004 0.984999999999999 1.002 60000 10 0.2 0 0.8 0.8
0.778666666666667 0.778666666666667 0.778666666666667 0.778666666666667 1 1 1 1.022 1.015 1.017 1.068 60000 10 0.8 1 0.8 0.8
0.715666666666667 0.715666666666667 0.715666666666667 0.715666666666667 1 1 1 1.011 1.005 1.007 1.058 60000 10 0.719598160370308 1 0.8 0.8
0.749333333333333 0.749333333333333 0.749333333333333 0.749333333333333 1 1 1 1.017 1.013 1.014 1.067 60000 10 0.8 1 0.8 0.8
0.781166666666667 0.781166666666667 0.781166666666667 0.781166666666667 1 1 1 1.018 1.012 1.013 1.062 60000 10 0.8 0 0.8 0.8
0.413333333333333 0.413333333333333 0.413333333333333 0.413333333333333 1 1 1 0.894999999999996 0.890999999999998 0.917999999999999 0.890999999999998 60000 10 0.46 1 0.8 0.8
0.742 0.742 0.742 0.742 1 1 1 1.02800000000001 1.004 1.003 1.059 60000 10 0.8 0 0.8 0.8
0.7225 0.7225 0.7225 0.7225 1 1 1 1.023 1.017 1.013 1.068 60000 10 0.8 1 0.8 0.8
0.545083333333333 0.4375 0.4375 0.4375 4 1 1 4.09999999999999 0.979000000000006 0.982999999999997 0.997 60000 10 0.2 0 0.8 0.8
0.725 0.725 0.725 0.725 1 1 1 1.05399999999999 1.041 1.039 1.082 60000 10 0.8 0 0.8 0.8
0.406833333333333 0.406833333333333 0.406833333333333 0.406833333333333 1 1 1 1.036 1.028 1.028 1.08199999999999 60000 10 0.46 0 0.8 0.8
0.416166666666667 0.416166666666667 0.416166666666667 0.416166666666667 1 1 1 1.025 1.016 1.004 1.064 60000 10 0.324956956940828 0 0.8 0.8
0.689166666666667 0.689166666666667 0.689166666666667 0.689166666666667 1 1 1 1.03299999999999 1.026 1.025 1.08000000000001 60000 10 0.8 1 0.8 0.8
0.556333333333333 0.480166666666667 0.480166666666667 0.480166666666667 3 1 1 3.02200000000001 1.073 0.953000000000003 0.971999999999994 60000 10 0.2 0 0.8 0.8
0.555444444444444 0.473666666666667 0.473666666666667 0.473666666666667 3 1 1 2.934 1.019 0.920999999999999 0.942 60000 10 0.321571964964791 0 0.8 0.8
0.566111111111111 0.490166666666667 0.490166666666667 0.490166666666667 3 1 1 3 1.067 0.954999999999998 0.975000000000001 60000 10 0.241075885050917 0 0.8 0.8
0.546041666666667 0.451166666666667 0.451166666666667 0.451166666666667 4 1 1 4.009 0.963000000000001 0.963999999999999 0.983000000000004 60000 10 0.223043391105087 0 0.8 0.8
0.5395 0.453333333333333 0.453333333333333 0.453333333333333 3 1 1 3.04000000000001 1.081 0.966999999999999 0.985999999999997 60000 10 0.2 0 0.8 0.8
0.55325 0.5015 0.5015 0.5015 2 1 1 1.975 1.011 1.045 0.951000000000001 60000 10 0.2 1 0.8 0.8
0.416166666666667 0.416166666666667 0.416166666666667 0.416166666666667 1 1 1 1.018 1.008 1.013 1.069 60000 10 0.2 0 0.8 0.8
0.539611111111111 0.464 0.464 0.464 3 1 1 2.952 1.05 0.945 0.959000000000003 60000 10 0.46 1 0.8 0.8
0.549833333333333 0.474166666666667 0.474166666666667 0.474166666666667 3 1 1 3.09699999999999 1.09999999999999 0.990000000000002 1.003 60000 10 0.2 0 0.8 0.8
0.408166666666667 0.408166666666667 0.408166666666667 0.408166666666667 1 1 1 0.995999999999995 0.994 0.991 1.042 60000 10 0.458843871392201 0 0.8 0.8
0.422333333333333 0.422333333333333 0.422333333333333 0.422333333333333 1 1 1 1.019 1.014 1.016 1.066 60000 10 0.46 0 0.8 0.8
0.406666666666667 0.406666666666667 0.406666666666667 0.406666666666667 1 1 1 0.996000000000002 0.988 0.988 1.039 60000 10 0.267217261284105 0 0.8 0.8
0.415833333333333 0.415833333333333 0.415833333333333 0.415833333333333 1 1 1 0.843999999999998 0.814 0.757999999999996 0.769999999999996 60000 10 0.46 1 0.8 0.8
0.4095 0.4095 0.4095 0.4095 1 1 1 1.021 1.017 1.01499999999999 1.07 60000 10 0.2 0 0.8 0.8
0.419333333333333 0.419333333333333 0.419333333333333 0.419333333333333 1 1 1 0.82 0.829999999999998 0.714000000000006 0.763999999999996 60000 10 0.46 1 0.8 0.8
0.545125 0.4395 0.4395 0.4395 4 1 1 4.153 0.996000000000002 0.994999999999997 1.017 60000 10 0.291320026225759 0 0.8 0.8
0.624 0.624 0.624 0.624 1 1 1 0.938000000000002 0.940999999999995 0.935000000000002 0.972000000000001 60000 10 0.552905848075101 1 0.8 0.8
0.548777777777778 0.467833333333333 0.467833333333333 0.467833333333333 3 1 1 2.97900000000001 1.059 0.942 0.960999999999999 60000 10 0.46 1 0.8 0.8
0.414666666666667 0.414666666666667 0.414666666666667 0.414666666666667 1 1 1 0.960999999999999 0.969999999999999 0.957999999999998 1.024 60000 10 0.46 0 0.8 0.8
0.556666666666667 0.479333333333333 0.479333333333333 0.479333333333333 3 1 1 3.248 1.14899999999999 1.04 1.053 60000 10 0.313782839510724 0 0.8 0.8
0.4115 0.4115 0.4115 0.4115 1 1 1 0.936999999999998 0.949000000000005 0.902000000000001 0.873999999999995 60000 10 0.46 0 0.8 0.8
0.405 0.405 0.405 0.405 1 1 1 0.997 0.990000000000002 0.991 1.043 60000 10 0.416624195107441 0 0.8 0.8
0.420166666666667 0.420166666666667 0.420166666666667 0.420166666666667 1 1 1 0.958999999999996 0.853000000000002 0.802999999999997 0.709000000000003 60000 10 0.46 0 0.8 0.8
0.568166666666667 0.535333333333333 0.535333333333333 0.535333333333333 2 1 1 1.975 1.01000000000001 1.042 0.948 60000 10 0.2 0 0.8 0.8
0.413666666666667 0.413666666666667 0.413666666666667 0.413666666666667 1 1 1 0.920999999999999 0.913000000000004 0.891999999999996 0.900000000000006 60000 10 0.46 0 0.8 0.8
0.545833333333333 0.447833333333333 0.447833333333333 0.447833333333333 4 1 1 3.837 0.927 0.911999999999999 0.927 60000 10 0.46 0 0.8 0.8
0.409166666666667 0.409166666666667 0.409166666666667 0.409166666666667 1 1 1 0.963000000000001 0.966000000000001 0.954000000000001 0.975000000000001 60000 10 0.377187842130224 0 0.8 0.8
0.417666666666667 0.417666666666667 0.417666666666667 0.417666666666667 1 1 1 1.011 1 1.008 1.063 60000 10 0.46 0 0.8 0.8
0.415666666666667 0.415666666666667 0.415666666666667 0.415666666666667 1 1 1 1.004 1 0.997999999999998 1.052 60000 10 0.203804343784704 0 0.8 0.8
0.415 0.415 0.415 0.415 1 1 1 0.966999999999999 0.959999999999994 0.973999999999997 1.021 60000 10 0.46 0 0.8 0.8
0.423666666666667 0.423666666666667 0.423666666666667 0.423666666666667 1 1 1 0.691000000000003 0.677999999999997 0.657 0.679000000000002 60000 10 0.46 1 0.8 0.8
0.402333333333333 0.402333333333333 0.402333333333333 0.402333333333333 1 1 1 0.971999999999994 0.974000000000004 0.978000000000002 1.024 60000 10 0.46 1 0.8 0.8
0.429666666666667 0.429666666666667 0.429666666666667 0.429666666666667 1 1 1 1.003 0.994999999999997 0.995000000000005 1.048 60000 10 0.2 0 0.8 0.8
0.416166666666667 0.416166666666667 0.416166666666667 0.416166666666667 1 1 1 0.82 0.811 0.784999999999997 0.829999999999998 60000 10 0.46 1 0.8 0.8
0.421166666666667 0.421166666666667 0.421166666666667 0.421166666666667 1 1 1 0.960000000000001 0.946000000000005 0.943999999999996 1.012 60000 10 0.46 0 0.8 0.8
0.542611111111111 0.464166666666667 0.464166666666667 0.464166666666667 3 1 1 3.064 1.088 0.976999999999997 0.998999999999995 60000 10 0.46 0 0.8 0.8
0.7005 0.7005 0.7005 0.7005 1 1 1 0.992999999999995 0.987000000000002 0.990000000000002 1.041 60000 10 0.659499074507079 1 0.8 0.8
0.539111111111111 0.4635 0.4635 0.4635 3 1 1 3.041 1.082 0.972000000000001 0.991999999999997 60000 10 0.46 1 0.8 0.8
0.649833333333333 0.649833333333333 0.649833333333333 0.649833333333333 1 1 1 1.004 0.995999999999995 0.996000000000002 1.053 60000 10 0.670576886910711 1 0.8 0.8
0.426833333333333 0.426833333333333 0.426833333333333 0.426833333333333 1 1 1 0.888999999999996 0.832999999999998 0.827000000000005 0.850999999999999 60000 10 0.46 1 0.8 0.8
0.542208333333333 0.4435 0.4435 0.4435 4 1 1 4.112 0.979999999999997 0.997999999999998 1.02 60000 10 0.46 0 0.8 0.8
0.4025 0.4025 0.4025 0.4025 1 1 1 0.929000000000002 0.93 0.903999999999996 0.937000000000005 60000 10 0.46 0 0.8 0.8
0.408333333333333 0.408333333333333 0.408333333333333 0.408333333333333 1 1 1 0.932000000000002 0.917999999999999 0.911999999999999 0.967999999999996 60000 10 0.46 1 0.8 0.8
0.404166666666667 0.404166666666667 0.404166666666667 0.404166666666667 1 1 1 1.014 1.001 0.997999999999998 1.056 60000 10 0.46 0 0.8 0.8
0.411833333333333 0.411833333333333 0.411833333333333 0.411833333333333 1 1 1 0.734000000000002 0.678999999999995 0.672000000000004 0.713000000000001 60000 10 0.46 0 0.8 0.8
0.416833333333333 0.416833333333333 0.416833333333333 0.416833333333333 1 1 1 0.777000000000001 0.774999999999999 0.761000000000003 0.801000000000002 60000 10 0.46 0 0.8 0.8
0.550388888888889 0.474166666666667 0.474166666666667 0.474166666666667 3 1 1 3.01 1.071 0.960000000000001 0.977999999999994 60000 10 0.327935045458658 1 0.8 0.8
0.432166666666667 0.432166666666667 0.432166666666667 0.432166666666667 1 1 1 1.01000000000001 0.967999999999996 0.966999999999999 1.014 60000 10 0.46 0 0.8 0.8
0.543944444444444 0.454833333333333 0.454833333333333 0.454833333333333 3 1 1 3.091 1.1 0.983999999999995 1.004 60000 10 0.423656756667973 0 0.8 0.8
0.544222222222222 0.455 0.455 0.455 3 1 1 2.975 1.057 0.951999999999998 0.972000000000001 60000 10 0.428216839856981 0 0.8 0.8
0.627333333333333 0.627333333333333 0.627333333333333 0.627333333333333 1 1 1 0.939 0.936 0.944000000000003 0.980999999999995 60000 10 0.333950079828806 0 0.8 0.8
0.412333333333333 0.412333333333333 0.412333333333333 0.412333333333333 1 1 1 0.942 0.939 0.951999999999998 0.991 60000 10 0.46 0 0.8 0.8
0.412 0.412 0.412 0.412 1 1 1 0.927 0.901000000000003 0.887 0.919999999999995 60000 10 0.46 0 0.8 0.8
0.416 0.416 0.416 0.416 1 1 1 0.890000000000001 0.861999999999995 0.847999999999999 0.883000000000003 60000 10 0.46 1 0.8 0.8
0.539625 0.435 0.435 0.435 4 1 1 3.809 0.938000000000002 0.936999999999998 0.928000000000004 60000 10 0.46 0 0.8 0.8
0.4265 0.4265 0.4265 0.4265 1 1 1 1.027 1.023 1.022 1.075 60000 10 0.46 1 0.8 0.8
0.409666666666667 0.409666666666667 0.409666666666667 0.409666666666667 1 1 1 0.978000000000002 0.944000000000003 0.927999999999997 0.963999999999999 60000 10 0.46 0 0.8 0.8
0.413333333333333 0.413333333333333 0.413333333333333 0.413333333333333 1 1 1 0.714000000000006 0.693999999999996 0.687000000000005 0.710999999999999 60000 10 0.46 0 0.8 0.8
0.402166666666667 0.402166666666667 0.402166666666667 0.402166666666667 1 1 1 0.932000000000002 0.93 0.933 0.966999999999999 60000 10 0.46 1 0.8 0.8
0.410833333333333 0.410833333333333 0.410833333333333 0.410833333333333 1 1 1 0.933 0.935000000000002 0.93 0.972999999999999 60000 10 0.46 1 0.8 0.8
0.413166666666667 0.413166666666667 0.413166666666667 0.413166666666667 1 1 1 0.908999999999999 0.907000000000004 0.846000000000004 0.793999999999997 60000 10 0.46 1 0.8 0.8
0.424 0.424 0.424 0.424 1 1 1 1.035 1.028 1.024 1.078 60000 10 0.46 1 0.8 0.8
0.536333333333333 0.449666666666667 0.449666666666667 0.449666666666667 4 1 1 4.099 0.980000000000004 0.985999999999997 1.001 60000 10 0.46 1 0.8 0.8
0.429 0.429 0.429 0.429 1 1 1 1.005 0.998999999999995 0.999000000000002 1.053 60000 10 0.46 0 0.8 0.8
0.419333333333333 0.419333333333333 0.419333333333333 0.419333333333333 1 1 1 0.997999999999998 0.999000000000002 0.993000000000002 1.048 60000 10 0.46 0 0.8 0.8
0.4135 0.4135 0.4135 0.4135 1 1 1 1.003 0.997999999999998 0.999000000000002 1.052 60000 10 0.46 0 0.8 0.8
0.539333333333333 0.4405 0.4405 0.4405 5 1 1 5.014 0.991999999999997 0.994 1.017 60000 10 0.46 1 0.8 0.8
0.545125 0.453666666666667 0.453666666666667 0.453666666666667 4 1 1 4.032 0.967999999999996 0.971000000000004 0.984999999999999 60000 10 0.46 1 0.8 0.8
0.543722222222222 0.468666666666667 0.468666666666667 0.468666666666667 3 1 1 2.971 1.06 0.947000000000003 0.960000000000001 60000 10 0.46 0 0.8 0.8
0.422 0.422 0.422 0.422 1 1 1 1.033 1.028 1.029 1.054 60000 10 0.46 0 0.8 0.8
0.552625 0.459 0.459 0.459 4 1 1 3.371 0.795999999999999 0.753999999999998 0.786999999999999 60000 10 0.46 1 0.8 0.8
0.552375 0.455166666666667 0.455166666666667 0.455166666666667 4 1 1 4.244 0.999000000000002 0.958999999999996 0.948 60000 10 0.46 1 0.8 0.8
0.406166666666667 0.406166666666667 0.406166666666667 0.406166666666667 1 1 1 0.915999999999997 0.910000000000004 0.926000000000002 0.940999999999995 60000 10 0.46 1 0.8 0.8
0.403666666666667 0.403666666666667 0.403666666666667 0.403666666666667 1 1 1 1.04 1.032 1.026 1.079 60000 10 0.46 1 0.8 0.8
0.411166666666667 0.411166666666667 0.411166666666667 0.411166666666667 1 1 1 0.924999999999997 0.911999999999999 0.904000000000003 0.871000000000002 60000 10 0.46 0 0.8 0.8
0.551944444444444 0.469 0.469 0.469 3 1 1 3.044 1.081 0.969999999999999 0.984000000000002 60000 10 0.46 1 0.8 0.8
0.548083333333333 0.457833333333333 0.457833333333333 0.457833333333333 4 1 1 4.047 0.966000000000001 0.969000000000001 0.971000000000004 60000 10 0.46 0 0.8 0.8
0.4305 0.4305 0.4305 0.4305 1 1 1 0.881999999999998 0.858000000000004 0.870999999999995 0.903999999999996 60000 10 0.46 1 0.8 0.8
0.585166666666667 0.585166666666667 0.585166666666667 0.585166666666667 1 1 1 0.720999999999997 0.722000000000001 0.678999999999995 0.709000000000003 60000 10 0.360109165462989 0 0.8 0.8
0.404666666666667 0.404666666666667 0.404666666666667 0.404666666666667 1 1 1 0.995000000000005 0.991999999999997 0.991 1.047 60000 10 0.46 0 0.8 0.8
0.537333333333333 0.442666666666667 0.442666666666667 0.442666666666667 4 1 1 3.743 0.872 0.877000000000002 0.900999999999996 60000 10 0.46 1 0.8 0.8
0.411333333333333 0.411333333333333 0.411333333333333 0.411333333333333 1 1 1 0.991 0.960999999999999 0.959000000000003 1.012 60000 10 0.46 0 0.8 0.8
0.428666666666667 0.428666666666667 0.428666666666667 0.428666666666667 1 1 1 1.028 1.02999999999999 1.024 1.078 60000 10 0.46 1 0.8 0.8
0.544333333333333 0.4525 0.4525 0.4525 4 1 1 3.871 0.927000000000007 0.900999999999996 0.946000000000005 60000 10 0.46 0 0.8 0.8
0.41 0.41 0.41 0.41 1 1 1 0.997 1.005 0.970000000000006 1.039 60000 10 0.46 0 0.8 0.8
0.4175 0.4175 0.4175 0.4175 1 1 1 1.014 1.006 0.997 1.035 60000 10 0.46 0 0.8 0.8
0.406166666666667 0.406166666666667 0.406166666666667 0.406166666666667 1 1 1 1.028 1.02 1.015 1.056 60000 10 0.46 0 0.8 0.8
0.407666666666667 0.407666666666667 0.407666666666667 0.407666666666667 1 1 1 0.814999999999998 0.768000000000001 0.765000000000001 0.811 60000 10 0.46 0 0.8 0.8
0.409166666666667 0.409166666666667 0.409166666666667 0.409166666666667 1 1 1 0.833000000000002 0.805 0.801000000000002 0.811999999999998 60000 10 0.46 1 0.8 0.8
0.635666666666667 0.635666666666667 0.635666666666667 0.635666666666667 1 1 1 0.896999999999998 0.890000000000001 0.885000000000005 0.925999999999995 60000 10 0.285995588662781 0 0.8 0.8
0.608666666666667 0.608666666666667 0.608666666666667 0.608666666666667 1 1 1 0.673999999999999 0.655000000000001 0.652000000000001 0.673999999999999 60000 10 0.2 0 0.8 0.8
0.611333333333333 0.611333333333333 0.611333333333333 0.611333333333333 1 1 1 0.681999999999999 0.658000000000001 0.640000000000001 0.661999999999999 60000 10 0.215619089894733 1 0.8 0.8
0.404333333333333 0.404333333333333 0.404333333333333 0.404333333333333 1 1 1 0.841999999999999 0.819000000000003 0.75 0.807000000000002 60000 10 0.46 1 0.8 0.8
0.596833333333333 0.560166666666667 0.560166666666667 0.560166666666667 2 1 1 1.322 0.66 0.670999999999999 0.640999999999998 60000 10 0.2 1 0.8 0.8
0.418833333333333 0.418833333333333 0.418833333333333 0.418833333333333 1 1 1 0.743000000000002 0.722000000000001 0.708999999999996 0.737000000000002 60000 10 0.46 0 0.8 0.8
0.600166666666667 0.600166666666667 0.600166666666667 0.600166666666667 1 1 1 0.664999999999999 0.645 0.638000000000002 0.660999999999998 60000 10 0.2 0 0.8 0.8
0.590916666666667 0.567333333333333 0.567333333333333 0.567333333333333 2 1 1 1.395 0.677 0.721 0.632999999999999 60000 10 0.2 0 0.8 0.8
0.567833333333333 0.567833333333333 0.567833333333333 0.567833333333333 1 1 1 0.779 0.728000000000002 0.718 0.743999999999996 60000 10 0.2 0 0.8 0.8
0.579833333333333 0.579833333333333 0.579833333333333 0.579833333333333 1 1 1 0.666 0.646999999999998 0.640000000000001 0.663999999999998 60000 10 0.2 1 0.8 0.8
0.578916666666667 0.550833333333333 0.550833333333333 0.550833333333333 2 1 1 1.444 0.722000000000001 0.706999999999997 0.673999999999999 60000 10 0.2 0 0.8 0.8
0.578416666666667 0.555666666666667 0.555666666666667 0.555666666666667 2 1 1 1.313 0.655999999999999 0.664999999999999 0.636000000000003 60000 10 0.2 0 0.8 0.8
