0.819672131147541 0.819672131147541 0.819672131147541 0.819672131147541 1 1 1 0.176 0.147 0.133999999999999 0.132000000000001 60000 82 0.8 1 0.8 0.6
0.822404371584699 0.822404371584699 0.822404371584699 0.822404371584699 1 1 1 0.181 0.151000000000001 0.137 0.135 60000 82 0.8 1 0.8 0.6
0.786885245901639 0.786885245901639 0.786885245901639 0.786885245901639 1 1 1 0.181999999999999 0.153 0.138999999999999 0.136 60000 82 0.8 1 0.8 0.6
0.811475409836066 0.811475409836066 0.811475409836066 0.811475409836066 1 1 1 0.185 0.155 0.141 0.137 60000 82 0.8 1 0.8 0.6
0.262295081967213 0.262295081967213 0.262295081967213 0.262295081967213 1 1 1 0.177 0.148 0.135 0.131 60000 82 0.2 0 0.8 0.6
0.792349726775956 0.792349726775956 0.792349726775956 0.792349726775956 1 1 1 0.181999999999999 0.152 0.139 0.136 60000 82 0.8 1 0.8 0.6
0.812841530054645 0.812841530054645 0.812841530054645 0.812841530054645 1 1 1 0.173999999999999 0.145 0.130999999999999 0.129 60000 82 0.8 1 0.8 0.6
0.207650273224044 0.207650273224044 0.207650273224044 0.207650273224044 1 1 1 0.178999999999999 0.149 0.135999999999999 0.134 60000 82 0.2 0 0.8 0.6
0.799180327868853 0.799180327868853 0.799180327868853 0.799180327868853 1 1 1 0.187 0.156 0.143 0.140000000000001 60000 82 0.8 1 0.8 0.6
0.790983606557377 0.790983606557377 0.790983606557377 0.790983606557377 1 1 1 0.185 0.153 0.139 0.135 60000 82 0.8 0 0.8 0.6
0.284153005464481 0.284153005464481 0.284153005464481 0.284153005464481 1 1 1 0.181999999999999 0.151 0.138 0.135 60000 82 0.2 0 0.8 0.6
0.789617486338798 0.789617486338798 0.789617486338798 0.789617486338798 1 1 1 0.177 0.148 0.133999999999999 0.132000000000001 60000 82 0.8 1 0.8 0.6
0.789617486338798 0.789617486338798 0.789617486338798 0.789617486338798 1 1 1 0.178999999999999 0.15 0.135999999999999 0.134 60000 82 0.8 1 0.8 0.6
0.784153005464481 0.784153005464481 0.784153005464481 0.784153005464481 1 1 1 0.186 0.156 0.142 0.139 60000 82 0.8 1 0.8 0.6
0.760928961748634 0.760928961748634 0.760928961748634 0.760928961748634 1 1 1 0.178 0.149 0.134 0.132 60000 82 0.8 1 0.8 0.6
0.812841530054645 0.812841530054645 0.812841530054645 0.812841530054645 1 1 1 0.18 0.151000000000001 0.138 0.133999999999999 60000 82 0.8 0 0.8 0.6
0.806010928961749 0.806010928961749 0.806010928961749 0.806010928961749 1 1 1 0.185 0.154 0.141 0.138 60000 82 0.8 1 0.8 0.6
0.763661202185792 0.763661202185792 0.763661202185792 0.763661202185792 1 1 1 0.183 0.152 0.138999999999999 0.136 60000 82 0.8 1 0.8 0.6
0.247267759562842 0.247267759562842 0.247267759562842 0.247267759562842 1 1 1 0.177 0.148 0.134 0.132 60000 82 0.2 0 0.8 0.6
0.359289617486339 0.359289617486339 0.310109289617486 0.310109289617486 2 2 1 0.329 0.302 0.14 0.145 60000 82 0.2 0 0.8 0.6
0.800546448087432 0.800546448087432 0.800546448087432 0.800546448087432 1 1 1 0.186 0.153 0.141 0.139 60000 82 0.8 1 0.8 0.6
0.777322404371585 0.777322404371585 0.777322404371585 0.777322404371585 1 1 1 0.181999999999999 0.152 0.138 0.136 60000 82 0.8 1 0.8 0.6
0.551840379008746 0.380464480874317 0.367486338797814 0.367486338797814 15 2 1 2.089 0.306 0.142 0.137 60000 82 0.2 0 0.8 0.6
0.793715846994536 0.793715846994536 0.793715846994536 0.793715846994536 1 1 1 0.184 0.153 0.14 0.136 60000 82 0.8 0 0.8 0.6
0.693989071038251 0.693989071038251 0.693989071038251 0.693989071038251 1 1 1 0.181 0.151000000000001 0.138 0.133 60000 82 0.8 0 0.8 0.6
0.284153005464481 0.284153005464481 0.284153005464481 0.284153005464481 1 1 1 0.186 0.154 0.140000000000001 0.136 60000 82 0.2 0 0.8 0.6
0.812841530054645 0.812841530054645 0.812841530054645 0.812841530054645 1 1 1 0.186 0.154 0.141 0.138000000000001 60000 82 0.8 1 0.8 0.6
0.82103825136612 0.82103825136612 0.82103825136612 0.82103825136612 1 1 1 0.183 0.151 0.138 0.136 60000 82 0.8 0 0.8 0.6
0.286885245901639 0.286885245901639 0.286885245901639 0.286885245901639 1 1 1 0.188 0.156 0.143000000000001 0.138999999999999 60000 82 0.2 0 0.8 0.6
0.814207650273224 0.814207650273224 0.814207650273224 0.814207650273224 1 1 1 0.185 0.153 0.14 0.137 60000 82 0.8 1 0.8 0.6
0.780054644808743 0.780054644808743 0.780054644808743 0.780054644808743 1 1 1 0.191 0.159 0.143999999999999 0.140000000000001 60000 82 0.8 1 0.8 0.6
0.796448087431694 0.796448087431694 0.796448087431694 0.796448087431694 1 1 1 0.182 0.152 0.139 0.136 60000 82 0.8 1 0.8 0.6
0.793715846994536 0.793715846994536 0.793715846994536 0.793715846994536 1 1 1 0.181 0.152 0.139 0.135 60000 82 0.8 1 0.8 0.6
0.756830601092896 0.756830601092896 0.756830601092896 0.756830601092896 1 1 1 0.183 0.152 0.137 0.134 60000 82 0.8 1 0.8 0.6
0.766393442622951 0.766393442622951 0.766393442622951 0.766393442622951 1 1 1 0.181 0.151 0.138 0.134 60000 82 0.8 1 0.8 0.6
0.797814207650273 0.797814207650273 0.797814207650273 0.797814207650273 1 1 1 0.186 0.154 0.141 0.137 60000 82 0.8 1 0.8 0.6
0.80327868852459 0.80327868852459 0.80327868852459 0.80327868852459 1 1 1 0.185 0.153 0.141999999999999 0.137 60000 82 0.8 1 0.8 0.6
0.789617486338798 0.789617486338798 0.789617486338798 0.789617486338798 1 1 1 0.183 0.159000000000001 0.138 0.136 60000 82 0.8 1 0.8 0.6
0.288251366120219 0.288251366120219 0.288251366120219 0.288251366120219 1 1 1 0.186 0.154000000000001 0.14 0.136 60000 82 0.2 0 0.8 0.6
0.349726775956284 0.349726775956284 0.344262295081967 0.344262295081967 2 2 1 0.317 0.289000000000001 0.135 0.138 60000 82 0.314270306736631 0 0.8 0.6
0.240437158469945 0.240437158469945 0.240437158469945 0.240437158469945 1 1 1 0.186 0.154 0.14 0.137 60000 82 0.2 0 0.8 0.6
0.243169398907104 0.243169398907104 0.243169398907104 0.243169398907104 1 1 1 0.181 0.15 0.137 0.134 60000 82 0.2 0 0.8 0.6
0.352459016393443 0.352459016393443 0.315573770491803 0.315573770491803 2 2 1 0.331 0.303 0.141 0.144 60000 82 0.2 0 0.8 0.6
0.778688524590164 0.778688524590164 0.778688524590164 0.778688524590164 1 1 1 0.186999999999999 0.154 0.141 0.14 60000 82 0.8 1 0.8 0.6
0.28551912568306 0.28551912568306 0.28551912568306 0.28551912568306 1 1 1 0.186 0.156 0.142 0.138 60000 82 0.2 0 0.8 0.6
0.781420765027322 0.781420765027322 0.781420765027322 0.781420765027322 1 1 1 0.189 0.157999999999999 0.142 0.138 60000 82 0.8 1 0.8 0.6
0.771857923497268 0.771857923497268 0.771857923497268 0.771857923497268 1 1 1 0.187 0.156 0.143 0.139 60000 82 0.8 0 0.8 0.6
0.807377049180328 0.807377049180328 0.807377049180328 0.807377049180328 1 1 1 0.187 0.156000000000001 0.143 0.138 60000 82 0.8 1 0.8 0.6
0.800546448087432 0.800546448087432 0.800546448087432 0.800546448087432 1 1 1 0.189 0.156999999999999 0.143000000000001 0.139 60000 82 0.8 1 0.8 0.6
0.289617486338798 0.289617486338798 0.289617486338798 0.289617486338798 1 1 1 0.183000000000001 0.151999999999999 0.138000000000001 0.135 60000 82 0.2 0 0.8 0.6
0.346994535519126 0.346994535519126 0.362021857923497 0.362021857923497 2 2 1 0.304 0.278 0.129 0.133 60000 82 0.317173584673759 1 0.8 0.6
0.647540983606557 0.647540983606557 0.637978142076503 0.637978142076503 2 2 1 0.314 0.287 0.134 0.137 60000 82 0.566627995095156 1 0.8 0.6
0.358606557377049 0.358606557377049 0.352459016393443 0.352459016393443 2 2 1 0.31 0.283 0.132 0.135 60000 82 0.323408826970777 0 0.8 0.6
0.297814207650273 0.297814207650273 0.297814207650273 0.297814207650273 1 1 1 0.182 0.152 0.138 0.134 60000 82 0.2 1 0.8 0.6
0.726775956284153 0.726775956284153 0.726775956284153 0.726775956284153 1 1 1 0.183 0.152 0.138999999999999 0.135000000000001 60000 82 0.8 0 0.8 0.6
0.35792349726776 0.35792349726776 0.372950819672131 0.372950819672131 2 2 1 0.321 0.293 0.137 0.14 60000 82 0.438780674247426 0 0.8 0.6
0.365664845173042 0.388661202185792 0.400273224043716 0.400273224043716 3 2 1 0.43 0.274999999999999 0.131 0.128 60000 82 0.46 0 0.8 0.6
0.641621129326047 0.633879781420765 0.614754098360656 0.614754098360656 3 2 1 0.44 0.282 0.135 0.133 60000 82 0.649149243443338 0 0.8 0.6
0.367030965391621 0.37568306010929 0.39344262295082 0.39344262295082 3 2 1 0.461 0.295 0.143 0.138 60000 82 0.46 1 0.8 0.6
0.647540983606557 0.647540983606557 0.632513661202186 0.632513661202186 2 2 1 0.319 0.29 0.133999999999999 0.138 60000 82 0.658790890755734 1 0.8 0.6
0.560318051931917 0.383196721311475 0.341530054644809 0.341530054644809 11 2 1 1.563 0.297000000000001 0.137 0.142 60000 82 0.2 0 0.8 0.6
0.372040072859745 0.372267759562842 0.37568306010929 0.37568306010929 3 2 1 0.434 0.281 0.133 0.13 60000 82 0.389744402610171 1 0.8 0.6
0.366120218579235 0.364071038251366 0.363387978142077 0.363387978142077 3 2 1 0.459 0.295 0.14 0.137 60000 82 0.388906720234226 0 0.8 0.6
0.366575591985428 0.370901639344262 0.404371584699454 0.404371584699454 3 2 1 0.449 0.289 0.137 0.134 60000 82 0.46 1 0.8 0.6
0.806010928961749 0.806010928961749 0.806010928961749 0.806010928961749 1 1 1 0.187 0.155 0.141 0.138999999999999 60000 82 0.8 0 0.8 0.6
0.37568306010929 0.390027322404372 0.41120218579235 0.41120218579235 3 2 1 0.452 0.29 0.138 0.135 60000 82 0.46 0 0.8 0.6
0.364298724954463 0.377732240437158 0.360655737704918 0.360655737704918 3 2 1 0.456 0.292 0.14 0.136 60000 82 0.46 0 0.8 0.6
0.38023679417122 0.381830601092896 0.394808743169399 0.394808743169399 3 2 1 0.444999999999999 0.289000000000001 0.138999999999999 0.134 60000 82 0.46 0 0.8 0.6
0.349726775956284 0.349726775956284 0.319672131147541 0.319672131147541 2 2 1 0.322 0.294 0.137 0.141999999999999 60000 82 0.2 0 0.8 0.6
0.372040072859745 0.387295081967213 0.379781420765027 0.379781420765027 3 2 1 0.442 0.284000000000001 0.135 0.133 60000 82 0.46 1 0.8 0.6
0.788251366120219 0.788251366120219 0.788251366120219 0.788251366120219 1 1 1 0.18 0.151 0.138 0.135 60000 82 0.8 1 0.8 0.6
0.80327868852459 0.80327868852459 0.80327868852459 0.80327868852459 1 1 1 0.182 0.151 0.139 0.136 60000 82 0.8 1 0.8 0.6
0.780054644808743 0.780054644808743 0.780054644808743 0.780054644808743 1 1 1 0.181999999999999 0.15 0.136 0.133999999999999 60000 82 0.8 0 0.8 0.6
0.370218579234973 0.383879781420765 0.408469945355191 0.408469945355191 3 2 1 0.435 0.279 0.132 0.13 60000 82 0.46 0 0.8 0.6
0.777322404371585 0.777322404371585 0.777322404371585 0.777322404371585 1 1 1 0.187 0.156 0.143000000000001 0.14 60000 82 0.8 1 0.8 0.6
0.367030965391621 0.366803278688525 0.404371584699454 0.404371584699454 3 2 1 0.459 0.294 0.14 0.138 60000 82 0.46 0 0.8 0.6
0.383879781420765 0.390027322404372 0.41120218579235 0.41120218579235 3 2 1 0.433 0.279 0.133 0.13 60000 82 0.46 0 0.8 0.6
0.282786885245902 0.282786885245902 0.282786885245902 0.282786885245902 1 1 1 0.186 0.156000000000001 0.141999999999999 0.137 60000 82 0.2 0 0.8 0.6
0.277322404371585 0.277322404371585 0.277322404371585 0.277322404371585 1 1 1 0.18 0.15 0.137 0.134 60000 82 0.2 0 0.8 0.6
0.800546448087432 0.800546448087432 0.800546448087432 0.800546448087432 1 1 1 0.181 0.151 0.137 0.135000000000001 60000 82 0.8 1 0.8 0.6
0.229508196721311 0.229508196721311 0.229508196721311 0.229508196721311 1 1 1 0.183999999999999 0.152 0.138 0.135 60000 82 0.2 0 0.8 0.6
0.33948087431694 0.33948087431694 0.311475409836066 0.311475409836066 2 2 1 0.314 0.288 0.134 0.136 60000 82 0.213304286651922 0 0.8 0.6
0.384790528233151 0.39275956284153 0.407103825136612 0.407103825136612 3 2 1 0.433000000000001 0.278 0.133 0.129 60000 82 0.46 1 0.8 0.6
0.781420765027322 0.781420765027322 0.781420765027322 0.781420765027322 1 1 1 0.183000000000001 0.154 0.138999999999999 0.136 60000 82 0.8 1 0.8 0.6
0.769125683060109 0.769125683060109 0.769125683060109 0.769125683060109 1 1 1 0.181999999999999 0.152 0.138999999999999 0.135000000000001 60000 82 0.8 0 0.8 0.6
0.215846994535519 0.215846994535519 0.215846994535519 0.215846994535519 1 1 1 0.183 0.153 0.138 0.136 60000 82 0.2 0 0.8 0.6
0.377049180327869 0.385245901639344 0.396174863387978 0.396174863387978 3 2 1 0.442 0.283 0.135 0.132 60000 82 0.46 0 0.8 0.6
0.800546448087432 0.800546448087432 0.800546448087432 0.800546448087432 1 1 1 0.184 0.153 0.14 0.136 60000 82 0.8 1 0.8 0.6
0.804644808743169 0.804644808743169 0.804644808743169 0.804644808743169 1 1 1 0.183 0.153 0.14 0.137 60000 82 0.8 1 0.8 0.6
0.676912568306011 0.676912568306011 0.662568306010929 0.662568306010929 2 2 1 0.316 0.29 0.135 0.14 60000 82 0.719598160370308 1 0.8 0.6
0.377519644687393 0.400956284153005 0.42896174863388 0.42896174863388 4 2 1 0.582 0.289000000000001 0.133 0.138 60000 82 0.46 0 0.8 0.6
0.795081967213115 0.795081967213115 0.795081967213115 0.795081967213115 1 1 1 0.184 0.152 0.139 0.135000000000001 60000 82 0.8 0 0.8 0.6
0.751366120218579 0.751366120218579 0.751366120218579 0.751366120218579 1 1 1 0.183 0.152 0.139 0.136 60000 82 0.8 1 0.8 0.6
0.774590163934426 0.774590163934426 0.774590163934426 0.774590163934426 1 1 1 0.183 0.152 0.137 0.135 60000 82 0.8 0 0.8 0.6
0.782786885245902 0.782786885245902 0.782786885245902 0.782786885245902 1 1 1 0.188000000000001 0.159000000000001 0.144 0.141 60000 82 0.8 0 0.8 0.6
0.383879781420765 0.403005464480874 0.423497267759563 0.423497267759563 3 2 1 0.45 0.288 0.138 0.135 60000 82 0.46 1 0.8 0.6
0.377519644687393 0.405737704918033 0.426229508196721 0.426229508196721 4 2 1 0.598 0.298 0.138 0.143000000000001 60000 82 0.46 0 0.8 0.6
0.318989071038251 0.318989071038251 0.311475409836066 0.311475409836066 2 2 1 0.32 0.293 0.136 0.138999999999999 60000 82 0.2 0 0.8 0.6
0.344945355191257 0.344945355191257 0.35655737704918 0.35655737704918 2 2 1 0.322 0.296 0.138 0.141 60000 82 0.324956956940828 0 0.8 0.6
0.730874316939891 0.730874316939891 0.730874316939891 0.730874316939891 1 1 1 0.184 0.153 0.141 0.137 60000 82 0.8 1 0.8 0.6
0.373861566484517 0.366803278688525 0.360655737704918 0.360655737704918 3 2 1 0.446999999999999 0.287000000000001 0.135999999999999 0.133 60000 82 0.241075885050917 0 0.8 0.6
0.344945355191257 0.344945355191257 0.359289617486339 0.359289617486339 2 2 1 0.311 0.284 0.132 0.135 60000 82 0.321571964964791 0 0.8 0.6
0.354508196721311 0.354508196721311 0.360655737704918 0.360655737704918 2 2 1 0.313999999999999 0.288 0.133 0.136 60000 82 0.223043391105087 0 0.8 0.6
0.341530054644809 0.341530054644809 0.32103825136612 0.32103825136612 2 2 1 0.316 0.289 0.135000000000001 0.138 60000 82 0.2 1 0.8 0.6
0.299180327868852 0.299180327868852 0.299180327868852 0.299180327868852 1 1 1 0.184 0.153 0.139 0.136 60000 82 0.2 0 0.8 0.6
0.349043715846995 0.349043715846995 0.308743169398907 0.308743169398907 2 2 1 0.325 0.297 0.138 0.142 60000 82 0.2 0 0.8 0.6
0.355874316939891 0.355874316939891 0.368852459016393 0.368852459016393 2 2 1 0.312 0.289000000000001 0.133999999999999 0.138000000000001 60000 82 0.46 1 0.8 0.6
0.35792349726776 0.35792349726776 0.351092896174863 0.351092896174863 2 2 1 0.318 0.292 0.138 0.139 60000 82 0.291320026225759 0 0.8 0.6
0.30327868852459 0.30327868852459 0.30327868852459 0.30327868852459 1 1 1 0.183 0.153 0.139 0.136 60000 82 0.2 0 0.8 0.6
0.359289617486339 0.359289617486339 0.362021857923497 0.362021857923497 2 2 1 0.324 0.3 0.139 0.14 60000 82 0.46 0 0.8 0.6
0.358834244080146 0.364071038251366 0.37431693989071 0.37431693989071 3 2 1 0.442 0.284 0.136 0.133 60000 82 0.46 1 0.8 0.6
0.364298724954463 0.368169398907104 0.379781420765027 0.379781420765027 3 2 1 0.445 0.286 0.137 0.133 60000 82 0.458843871392201 0 0.8 0.6
0.306010928961749 0.306010928961749 0.306010928961749 0.306010928961749 1 1 1 0.18 0.148000000000001 0.135 0.132 60000 82 0.267217261284105 0 0.8 0.6
0.28551912568306 0.28551912568306 0.28551912568306 0.28551912568306 1 1 1 0.185 0.154 0.142 0.138 60000 82 0.2 0 0.8 0.6
0.371129326047359 0.37431693989071 0.364754098360656 0.364754098360656 3 2 1 0.449 0.288 0.138 0.133999999999999 60000 82 0.313782839510724 0 0.8 0.6
0.600273317389819 0.579234972677596 0.575136612021858 0.575136612021858 4 2 1 0.574999999999999 0.287 0.133 0.138 60000 82 0.552905848075101 1 0.8 0.6
0.553885201093323 0.390710382513661 0.360655737704918 0.360655737704918 14 2 1 1.958 0.3 0.144 0.142 60000 82 0.2 0 0.8 0.6
0.37431693989071 0.373633879781421 0.383879781420765 0.383879781420765 3 2 1 0.446 0.287 0.136 0.133 60000 82 0.46 0 0.8 0.6
0.394916643891774 0.41120218579235 0.409836065573771 0.409836065573771 5 2 1 0.724 0.291 0.14 0.14 60000 82 0.46 0 0.8 0.6
0.355191256830601 0.355191256830601 0.381147540983607 0.381147540983607 2 2 1 0.311 0.284 0.132 0.136 60000 82 0.416624195107441 0 0.8 0.6
0.401434916296549 0.405737704918033 0.412568306010929 0.412568306010929 4 2 1 0.561999999999999 0.282 0.128 0.132 60000 82 0.46 1 0.8 0.6
0.404208800218639 0.453551912568306 0.437158469945355 0.437158469945355 5 2 1 0.702000000000001 0.282 0.135 0.135000000000001 60000 82 0.46 0 0.8 0.6
0.332650273224044 0.332650273224044 0.318306010928962 0.318306010928962 2 2 1 0.318000000000001 0.290999999999999 0.136 0.138999999999999 60000 82 0.203804343784704 0 0.8 0.6
0.3683970856102 0.37568306010929 0.355191256830601 0.355191256830601 3 2 1 0.452999999999999 0.296 0.148 0.136 60000 82 0.377187842130224 0 0.8 0.6
0.378415300546448 0.394808743169399 0.39344262295082 0.39344262295082 3 2 1 0.457 0.294 0.14 0.137 60000 82 0.46 0 0.8 0.6
0.399562722055206 0.420765027322404 0.449453551912568 0.449453551912568 5 2 1 0.701 0.28 0.134 0.135000000000001 60000 82 0.46 0 0.8 0.6
0.402569007925663 0.44672131147541 0.448087431693989 0.448087431693989 5 2 1 0.627 0.246 0.117 0.12 60000 82 0.46 1 0.8 0.6
0.386612021857923 0.377732240437158 0.372950819672131 0.372950819672131 3 2 1 0.437 0.281000000000001 0.134 0.131 60000 82 0.46 0 0.8 0.6
0.323770491803279 0.323770491803279 0.326502732240437 0.326502732240437 2 2 1 0.317 0.289 0.134 0.137 60000 82 0.2 0 0.8 0.6
0.396993508711992 0.399590163934426 0.403005464480874 0.403005464480874 4 2 1 0.575 0.287 0.131 0.136 60000 82 0.46 1 0.8 0.6
0.371129326047359 0.377732240437158 0.381147540983607 0.381147540983607 3 2 1 0.457999999999999 0.294 0.138999999999999 0.137 60000 82 0.46 0 0.8 0.6
0.378870673952641 0.385245901639344 0.41120218579235 0.41120218579235 3 2 1 0.46 0.293 0.138999999999999 0.137 60000 82 0.46 0 0.8 0.6
0.36976320582878 0.370901639344262 0.37431693989071 0.37431693989071 3 2 1 0.45 0.288 0.137 0.135 60000 82 0.46 1 0.8 0.6
0.406395189942607 0.445355191256831 0.469945355191257 0.469945355191257 5 2 1 0.711 0.282999999999999 0.136 0.135 60000 82 0.46 0 0.8 0.6
0.399836020770702 0.440573770491803 0.461748633879781 0.461748633879781 5 2 1 0.695 0.278 0.133 0.133 60000 82 0.46 0 0.8 0.6
0.665300546448087 0.665300546448087 0.654371584699454 0.654371584699454 2 2 1 0.318000000000001 0.290999999999999 0.135000000000001 0.138 60000 82 0.659499074507079 1 0.8 0.6
0.623861566484517 0.609289617486339 0.644808743169399 0.644808743169399 3 2 1 0.448 0.287 0.136 0.134 60000 82 0.670576886910711 1 0.8 0.6
0.384010932695593 0.398224043715847 0.408469945355191 0.408469945355191 4 2 1 0.593999999999999 0.298 0.137 0.141 60000 82 0.46 1 0.8 0.6
0.411861164252528 0.439890710382514 0.439890710382514 0.439890710382514 5 2 1 0.699999999999999 0.281000000000001 0.133999999999999 0.134 60000 82 0.46 1 0.8 0.6
0.387427400068329 0.397540983606557 0.397540983606557 0.397540983606557 4 2 1 0.587999999999999 0.294 0.135999999999999 0.141 60000 82 0.46 0 0.8 0.6
0.404755397649631 0.433743169398907 0.431693989071038 0.431693989071038 5 2 1 0.697 0.279 0.134 0.134 60000 82 0.46 1 0.8 0.6
0.359289617486339 0.359289617486339 0.359289617486339 0.359289617486339 2 2 1 0.31 0.284 0.132000000000001 0.135999999999999 60000 82 0.327935045458658 1 0.8 0.6
0.388110693542877 0.398224043715847 0.439890710382514 0.439890710382514 4 2 1 0.593 0.297000000000001 0.138 0.141999999999999 60000 82 0.46 0 0.8 0.6
0.408581579666576 0.429644808743169 0.450819672131148 0.450819672131148 5 2 1 0.629 0.249000000000001 0.117 0.118 60000 82 0.46 1 0.8 0.6
0.350409836065574 0.350409836065574 0.372950819672131 0.372950819672131 2 2 1 0.32 0.294 0.137 0.14 60000 82 0.423656756667973 0 0.8 0.6
0.353825136612022 0.353825136612022 0.352459016393443 0.352459016393443 2 2 1 0.315 0.288 0.135 0.138 60000 82 0.428216839856981 0 0.8 0.6
0.393235394601982 0.399590163934426 0.438524590163934 0.438524590163934 4 2 1 0.585 0.292 0.134 0.141 60000 82 0.46 0 0.8 0.6
0.387769046805603 0.413251366120219 0.44672131147541 0.44672131147541 4 2 1 0.593 0.297 0.137 0.141999999999999 60000 82 0.46 0 0.8 0.6
0.599931670652545 0.573087431693989 0.554644808743169 0.554644808743169 4 2 1 0.58 0.290999999999999 0.134 0.14 60000 82 0.333950079828806 0 0.8 0.6
0.394643345176278 0.420081967213115 0.431693989071038 0.431693989071038 5 2 1 0.731 0.292000000000001 0.141999999999999 0.140000000000001 60000 82 0.46 0 0.8 0.6
0.394601981551076 0.405737704918033 0.422131147540984 0.422131147540984 4 2 1 0.583 0.291 0.134 0.140000000000001 60000 82 0.46 0 0.8 0.6
0.407488384804591 0.442622950819672 0.433060109289617 0.433060109289617 5 2 1 0.716 0.285 0.137 0.135999999999999 60000 82 0.46 0 0.8 0.6
0.416533819175586 0.469945355191257 0.484972677595628 0.484972677595628 6 2 1 0.85 0.29 0.137 0.133999999999999 60000 82 0.46 0 0.8 0.6
0.400409976084728 0.413251366120219 0.422131147540984 0.422131147540984 4 2 1 0.569 0.283 0.132 0.136 60000 82 0.46 1 0.8 0.6
0.35655737704918 0.35655737704918 0.367486338797814 0.367486338797814 2 2 1 0.322 0.297 0.137 0.141 60000 82 0.46 1 0.8 0.6
0.365209471766849 0.37431693989071 0.403005464480874 0.403005464480874 3 2 1 0.453 0.292000000000001 0.138999999999999 0.137 60000 82 0.46 1 0.8 0.6
0.391527160915613 0.425546448087432 0.457650273224044 0.457650273224044 4 2 1 0.59 0.294 0.136 0.141999999999999 60000 82 0.46 0 0.8 0.6
0.377959927140255 0.384562841530055 0.400273224043716 0.400273224043716 3 2 1 0.438000000000001 0.282 0.134 0.131 60000 82 0.46 1 0.8 0.6
0.371584699453552 0.371584699453552 0.407103825136612 0.407103825136612 3 2 1 0.435 0.28 0.135 0.131 60000 82 0.46 1 0.8 0.6
0.365664845173042 0.376366120218579 0.387978142076503 0.387978142076503 3 2 1 0.462000000000001 0.298 0.141 0.138 60000 82 0.46 1 0.8 0.6
0.39494362828835 0.394125683060109 0.394808743169399 0.394808743169399 4 2 1 0.574 0.286 0.132000000000001 0.137 60000 82 0.46 1 0.8 0.6
0.381147540983607 0.405737704918033 0.409836065573771 0.409836065573771 3 2 1 0.439 0.282999999999999 0.134 0.132 60000 82 0.46 1 0.8 0.6
0.392893747864708 0.397540983606557 0.383879781420765 0.383879781420765 4 2 1 0.574999999999999 0.289000000000001 0.133 0.137 60000 82 0.46 0 0.8 0.6
0.375227686703097 0.39207650273224 0.386612021857923 0.386612021857923 3 2 1 0.446000000000001 0.286 0.136 0.133999999999999 60000 82 0.46 0 0.8 0.6
0.404208800218639 0.441939890710383 0.439890710382514 0.439890710382514 5 2 1 0.718999999999999 0.288 0.14 0.138000000000001 60000 82 0.46 0 0.8 0.6
0.384790528233151 0.407786885245902 0.413934426229508 0.413934426229508 3 2 1 0.441000000000001 0.282 0.133999999999999 0.132000000000001 60000 82 0.46 1 0.8 0.6
0.382513661202186 0.39207650273224 0.405737704918033 0.405737704918033 3 2 1 0.442 0.284 0.136 0.132 60000 82 0.46 0 0.8 0.6
0.375227686703097 0.384562841530055 0.41120218579235 0.41120218579235 3 2 1 0.454000000000001 0.292000000000001 0.138999999999999 0.136 60000 82 0.46 1 0.8 0.6
0.375227686703097 0.377732240437158 0.39344262295082 0.39344262295082 3 2 1 0.457 0.293 0.140000000000001 0.136 60000 82 0.46 1 0.8 0.6
0.376593806921676 0.389344262295082 0.398907103825137 0.398907103825137 3 2 1 0.442 0.285 0.135 0.133 60000 82 0.46 0 0.8 0.6
0.366120218579235 0.368852459016393 0.37568306010929 0.37568306010929 3 2 1 0.454 0.291 0.139 0.135999999999999 60000 82 0.46 0 0.8 0.6
0.392893747864708 0.387978142076503 0.408469945355191 0.408469945355191 4 2 1 0.569 0.284 0.131 0.137 60000 82 0.46 1 0.8 0.6
0.387978142076503 0.396857923497268 0.422131147540984 0.422131147540984 3 2 1 0.446000000000001 0.286 0.136 0.133 60000 82 0.46 0 0.8 0.6
0.382513661202186 0.391393442622951 0.39207650273224 0.39207650273224 3 2 1 0.46 0.295999999999999 0.141 0.138 60000 82 0.46 1 0.8 0.6
0.382513661202186 0.397540983606557 0.415300546448087 0.415300546448087 3 2 1 0.449000000000001 0.289000000000001 0.137 0.133999999999999 60000 82 0.46 1 0.8 0.6
0.397649631046734 0.435109289617486 0.42896174863388 0.42896174863388 5 2 1 0.715999999999999 0.286 0.138 0.138 60000 82 0.46 1 0.8 0.6
0.398742825908718 0.437841530054645 0.434426229508197 0.434426229508197 5 2 1 0.715 0.286 0.137 0.137 60000 82 0.46 0 0.8 0.6
0.389135633754698 0.409153005464481 0.42896174863388 0.42896174863388 4 2 1 0.582 0.291 0.134 0.138999999999999 60000 82 0.46 0 0.8 0.6
0.401434916296549 0.432377049180328 0.452185792349727 0.452185792349727 4 2 1 0.569 0.282999999999999 0.131 0.135 60000 82 0.46 1 0.8 0.6
0.400068329347455 0.429644808743169 0.434426229508197 0.434426229508197 4 2 1 0.596 0.297 0.137 0.143000000000001 60000 82 0.46 0 0.8 0.6
0.386744106593782 0.395491803278689 0.383879781420765 0.383879781420765 4 2 1 0.597 0.298999999999999 0.138000000000001 0.143 60000 82 0.46 0 0.8 0.6
0.387067395264117 0.396174863387978 0.422131147540984 0.422131147540984 3 2 1 0.457 0.295 0.140000000000001 0.138 60000 82 0.46 1 0.8 0.6
0.381277758797403 0.389344262295082 0.377049180327869 0.377049180327869 4 2 1 0.577 0.288 0.133999999999999 0.138 60000 82 0.46 0 0.8 0.6
0.578237102835668 0.508879781420765 0.494535519125683 0.494535519125683 8 2 1 1.086 0.28 0.132 0.132 60000 82 0.360109165462989 0 0.8 0.6
0.390502220703792 0.398224043715847 0.398907103825137 0.398907103825137 4 2 1 0.598999999999999 0.298 0.138 0.143000000000001 60000 82 0.46 0 0.8 0.6
0.394601981551076 0.413251366120219 0.445355191256831 0.445355191256831 4 2 1 0.598 0.299 0.138 0.143 60000 82 0.46 0 0.8 0.6
0.394096747745286 0.412568306010929 0.430327868852459 0.430327868852459 5 2 1 0.715000000000001 0.286 0.138 0.138 60000 82 0.46 0 0.8 0.6
0.608909538125171 0.554644808743169 0.539617486338798 0.539617486338798 5 2 1 0.698 0.28 0.135 0.134 60000 82 0.285995588662781 0 0.8 0.6
0.407488384804591 0.431010928961749 0.452185792349727 0.452185792349727 5 2 1 0.695 0.278 0.134 0.133999999999999 60000 82 0.46 1 0.8 0.6
0.400068329347455 0.418032786885246 0.420765027322404 0.420765027322404 4 2 1 0.567 0.283 0.129 0.133999999999999 60000 82 0.46 1 0.8 0.6
0.586099180007809 0.484289617486339 0.456284153005464 0.456284153005464 7 2 1 0.908 0.268 0.123 0.124 60000 82 0.2 0 0.8 0.6
0.583010703712138 0.527322404371585 0.491803278688525 0.491803278688525 6 2 1 0.762 0.268 0.122 0.119000000000001 60000 82 0.215619089894733 1 0.8 0.6
0.410157139603735 0.455601092896175 0.454918032786885 0.454918032786885 6 2 1 0.856 0.294 0.139 0.136 60000 82 0.46 0 0.8 0.6
0.569691172451489 0.413251366120219 0.379781420765027 0.379781420765027 10 2 1 0.879 0.178 0.085 0.0840000000000005 60000 82 0.2 1 0.8 0.6
0.57340882467786 0.528688524590164 0.476775956284153 0.476775956284153 7 2 1 0.959000000000001 0.284 0.131 0.131 60000 82 0.2 0 0.8 0.6
0.562678593614114 0.423497267759563 0.387978142076503 0.387978142076503 11 2 1 1.087 0.202999999999999 0.0940000000000003 0.0969999999999995 60000 82 0.2 0 0.8 0.6
0.563268652637333 0.444672131147541 0.37568306010929 0.37568306010929 10 2 1 0.931 0.188000000000001 0.0880000000000001 0.0869999999999997 60000 82 0.2 0 0.8 0.6
0.567415730337079 0.429644808743169 0.397540983606557 0.397540983606557 9 2 1 0.792999999999999 0.178000000000001 0.0830000000000002 0.0839999999999996 60000 82 0.2 1 0.8 0.6
0.562703668663934 0.433060109289617 0.394808743169399 0.394808743169399 13 2 1 1.175 0.187 0.0859999999999994 0.0880000000000001 60000 82 0.2 0 0.8 0.6
0.564855938959116 0.435109289617486 0.407103825136612 0.407103825136612 12 2 1 1.049 0.178 0.0840000000000005 0.0819999999999999 60000 82 0.2 0 0.8 0.6
