0.862433862433862 0.862433862433862 0.830188679245283 1 189 189 53 0.728 0.682 0.004 0.00300000000000011 20000 20000 0.8 1 0.8 0
0.775075987841945 0.775075987841945 0.773584905660377 1 329 329 53 1.124 1.181 0.00300000000000011 0.00300000000000011 20000 20000 0.8 1 0.8 0
0.788590604026846 0.788590604026846 0.811320754716981 1 298 298 53 1.139 1.213 0.004 0.004 20000 20000 0.8 0 0.8 0
0.156398104265403 0.156398104265403 0.113207547169811 0 211 211 53 0.798 0.793 0.004 0.004 20000 20000 0.2 1 0.8 0
0.819672131147541 0.819672131147541 0.773584905660377 1 244 244 53 0.872 0.914 0.00599999999999978 0.00299999999999967 20000 20000 0.8 0 0.8 0
0.788590604026846 0.788590604026846 0.754716981132076 1 298 298 53 1.061 1.106 0.00300000000000011 0.00299999999999967 20000 20000 0.8 1 0.8 0
0.798561151079137 0.798561151079137 0.867924528301887 1 278 278 53 0.939 1.035 0.00299999999999967 0.00299999999999967 20000 20000 0.8 1 0.8 0
0.205574912891986 0.205574912891986 0.207547169811321 0 287 287 53 1.08 1.114 0.004 0.00300000000000011 20000 20000 0.2 1 0.8 0
0.736017897091723 0.736017897091723 0.830188679245283 1 447 447 53 1.613 1.51 0.00300000000000011 0.004 20000 20000 0.8 0 0.8 0
0.772455089820359 0.772455089820359 0.792452830188679 1 334 334 53 1.191 1.222 0.00300000000000011 0.00300000000000011 20000 20000 0.8 1 0.8 0
0.775075987841945 0.775075987841945 0.773584905660377 1 329 329 53 1.127 1.237 0.00299999999999967 0.00299999999999967 20000 20000 0.8 1 0.8 0
0.763231197771588 0.763231197771588 0.754716981132076 1 359 359 53 1.257 1.282 0.00299999999999967 0.00600000000000023 20000 20000 0.8 1 0.8 0
0.227544910179641 0.227544910179641 0.169811320754717 0 334 334 53 1.153 1.268 0.00300000000000011 0.004 20000 20000 0.2 0 0.8 0
0.229411764705882 0.229411764705882 0.207547169811321 1 340 340 53 1.349 1.404 0.004 0.004 20000 20000 0.2 0 0.8 0
0.764044943820225 0.764044943820225 0.886792452830189 1 356 356 53 1.454 1.503 0.004 0.004 20000 20000 0.8 1 0.8 0
0.707612456747405 0.696737044145873 0.716981132075472 0 578 521 53 2.194 1.896 0.00600000000000023 0.00399999999999956 20000 20000 0.8 0 0.8 0
0.339229968782518 0.335892514395393 0.339622641509434 0 961 521 53 3.387 1.885 0.00300000000000011 0.00300000000000011 20000 20000 0.284755277282403 1 0.8 0
0.836363636363636 0.836363636363636 0.849056603773585 1 220 220 53 0.773 0.761 0.00600000000000023 0.00300000000000011 20000 20000 0.8 1 0.8 0
0.691285081240768 0.694817658349328 0.773584905660377 1 677 521 53 2.546 1.941 0.00399999999999956 0.00400000000000045 20000 20000 0.8 0 0.8 0
0.344117647058824 0.337811900191939 0.245283018867925 1 1020 521 53 3.599 1.89 0.00399999999999956 0.00300000000000011 20000 20000 0.239644795090993 0 0.8 0
0.811764705882353 0.811764705882353 0.867924528301887 1 255 255 53 0.974 1.025 0.004 0.004 20000 20000 0.8 1 0.8 0
0.808429118773946 0.808429118773946 0.754716981132076 1 261 261 53 0.927 0.975 0.00300000000000011 0.004 20000 20000 0.8 0 0.8 0
0.795774647887324 0.795774647887324 0.792452830188679 1 284 284 53 0.98 1.024 0.00299999999999967 0.00300000000000011 20000 20000 0.8 1 0.8 0
0.794425087108014 0.794425087108014 0.830188679245283 1 287 287 53 0.999 1.039 0.004 0.00299999999999967 20000 20000 0.8 1 0.8 0
0.675308641975309 0.690978886756238 0.641509433962264 1 810 521 53 3.068 1.947 0.00399999999999956 0.00400000000000045 20000 20000 0.735747518620318 1 0.8 0
0.337579617834395 0.328214971209213 0.245283018867925 0 942 521 53 3.41 1.942 0.00400000000000045 0.00300000000000011 20000 20000 0.235359970753173 0 0.8 0
0.163636363636364 0.163636363636364 0.226415094339623 0 220 220 53 0.84 0.822 0.00599999999999978 0.004 20000 20000 0.2 0 0.8 0
0.733041575492341 0.733041575492341 0.716981132075472 1 457 457 53 1.755 1.655 0.00499999999999989 0.00700000000000012 20000 20000 0.8 1 0.8 0
0.366571018651363 0.420345489443378 0.415094339622642 0 1394 521 53 4.987 1.906 0.00399999999999956 0.00400000000000045 20000 20000 0.46 1 0.8 0
0.778816199376947 0.778816199376947 0.886792452830189 1 321 321 53 1.149 1.166 0.00300000000000011 0.004 20000 20000 0.8 1 0.8 0
0.650547445255474 0.654510556621881 0.735849056603774 1 1096 521 53 4.105 1.934 0.00399999999999956 0.00400000000000045 20000 20000 0.74606726226872 1 0.8 0
0.349220898258478 0.35700575815739 0.452830188679245 1 1091 521 53 4.221 2.041 0.00300000000000011 0.00300000000000011 20000 20000 0.46 0 0.8 0
0.36377245508982 0.420345489443378 0.566037735849057 1 1336 521 53 4.809 1.886 0.00399999999999956 0.00400000000000045 20000 20000 0.46 0 0.8 0
0.386880165289256 0.404990403071017 0.39622641509434 1 1936 521 53 6.795 1.855 0.00399999999999956 0.00300000000000011 20000 20000 0.46 0 0.8 0
0.664130434782609 0.637236084452975 0.584905660377358 0 920 521 53 3.109 1.73 0.00300000000000011 0.00400000000000045 20000 20000 0.489683429621728 0 0.8 0
0.298531810766721 0.305182341650672 0.226415094339623 0 613 521 53 2.247 1.851 0.00300000000000011 0.00299999999999923 20000 20000 0.223802115152539 0 0.8 0
0.341116751269036 0.366602687140115 0.490566037735849 1 985 521 53 3.344 1.824 0.00300000000000011 0.00399999999999956 20000 20000 0.46 0 0.8 0
0.380870561282932 0.403071017274472 0.433962264150943 1 1746 521 53 6.299 1.882 0.00400000000000134 0.00300000000000011 20000 20000 0.46 0 0.8 0
0.378004807692308 0.445297504798464 0.358490566037736 0 1664 521 53 6.147 2.073 0.00399999999999956 0.00400000000000134 20000 20000 0.46 0 0.8 0
0.391776937618147 0.485604606525912 0.509433962264151 1 2116 521 53 7.36 1.834 0.00400000000000134 0.00600000000000023 20000 20000 0.46 0 0.8 0
0.349726775956284 0.353166986564299 0.39622641509434 1 1098 521 53 4.139 2.031 0.00400000000000045 0.00399999999999956 20000 20000 0.46 1 0.8 0
0.647161572052402 0.570057581573896 0.528301886792453 0 1145 521 53 3.776 1.672 0.00300000000000011 0.00300000000000011 20000 20000 0.434005153609046 0 0.8 0
0.357142857142857 0.36852207293666 0.452830188679245 1 1218 521 53 4.587 2.024 0.00300000000000011 0.00300000000000011 20000 20000 0.46 0 0.8 0
0.389354361754559 0.485604606525912 0.471698113207547 1 2029 521 53 7.674 1.993 0.00399999999999956 0.00399999999999956 20000 20000 0.46 1 0.8 0
0.390184645286686 0.44721689059501 0.452830188679245 0 2058 521 53 7.758 1.995 0.00300000000000011 0.00300000000000011 20000 20000 0.46 0 0.8 0
0.390184645286686 0.401151631477927 0.377358490566038 1 2058 521 53 7.86 2.027 0.00400000000000134 0.00399999999999956 20000 20000 0.46 1 0.8 0
0.385631273111463 0.428023032629559 0.358490566037736 1 1893 521 53 7.284 2.004 0.00400000000000134 0.00299999999999834 20000 20000 0.46 0 0.8 0
0.372031662269129 0.426103646833013 0.471698113207547 0 1516 521 53 5.182 1.798 0.00400000000000045 0.00399999999999956 20000 20000 0.46 0 0.8 0
0.367563739376771 0.422264875239923 0.547169811320755 1 1412 521 53 5.502 2.065 0.00399999999999956 0.00399999999999956 20000 20000 0.46 1 0.8 0
0.390397672162949 0.435700575815739 0.584905660377358 0 2062 521 53 7.796 1.964 0.00399999999999956 0.00300000000000011 20000 20000 0.46 0 0.8 0
0.604497354497355 0.53742802303263 0.509433962264151 0 2268 521 53 8.143 1.869 0.00300000000000011 0.00299999999999834 20000 20000 0.479281425904116 1 0.8 0
0.380870561282932 0.387715930902111 0.471698113207547 0 1746 521 53 6.755 2.02 0.00399999999999956 0.00399999999999956 20000 20000 0.343623820465162 1 0.8 0
0.381519274376417 0.347408829174664 0.339622641509434 0 1764 521 53 6.749 2.031 0.00400000000000134 0.00399999999999956 20000 20000 0.46 0 0.8 0
0.620527859237537 0.531669865642994 0.30188679245283 0 1705 521 53 5.723 1.788 0.00300000000000011 0.00399999999999956 20000 20000 0.2 0 0.8 0
0.375078665827564 0.404990403071017 0.339622641509434 1 1589 521 53 5.659 1.901 0.00400000000000134 0.00399999999999956 20000 20000 0.46 1 0.8 0
0.387410440122825 0.429942418426104 0.433962264150943 1 1954 521 53 6.709 1.86 0.00300000000000011 0.00399999999999956 20000 20000 0.46 1 0.8 0
0.61875 0.518234165067178 0.339622641509434 0 1760 521 53 5.846 1.746 0.00300000000000011 0.00300000000000011 20000 20000 0.24395462616016 0 0.8 0
0.386880165289256 0.431861804222649 0.528301886792453 1 1936 521 53 6.719 1.892 0.00399999999999956 0.00300000000000011 20000 20000 0.46 1 0.8 0
0.387030365414308 0.414587332053743 0.471698113207547 0 1943 521 53 7.367 1.969 0.00300000000000011 0.00300000000000011 20000 20000 0.46 0 0.8 0
0.386763185108583 0.45873320537428 0.452830188679245 1 1934 521 53 6.908 2.009 0.00399999999999956 0.00400000000000134 20000 20000 0.46 0 0.8 0
0.805243445692884 0.805243445692884 0.716981132075472 1 267 267 53 1.026 1.079 0.004 0.004 20000 20000 0.8 1 0.8 0
0.806818181818182 0.806818181818182 0.811320754716981 1 264 264 53 1.02 1.08 0.004 0.00300000000000011 20000 20000 0.8 0 0.8 0
0.178423236514523 0.178423236514523 0.226415094339623 0 241 241 53 1.013 1.074 0.004 0.004 20000 20000 0.2 0 0.8 0
0.777089783281734 0.777089783281734 0.660377358490566 1 323 323 53 1.313 1.371 0.004 0.004 20000 20000 0.8 0 0.8 0
0.786184210526316 0.786184210526316 0.754716981132076 0 304 304 53 1.177 1.233 0.004 0.004 20000 20000 0.8 1 0.8 0
0.58215451577802 0.424184261036468 0.207547169811321 0 3676 521 53 13.245 1.818 0.00300000000000011 0.00399999999999956 20000 20000 0.2 1 0.8 0
0.764872521246459 0.764872521246459 0.792452830188679 0 353 353 53 1.364 1.404 0.00300000000000011 0.00300000000000011 20000 20000 0.8 1 0.8 0
0.791808873720137 0.791808873720137 0.811320754716981 0 293 293 53 1.142 1.182 0.004 0.00600000000000023 20000 20000 0.8 1 0.8 0
0.274590163934426 0.274590163934426 0.245283018867925 0 488 488 53 2.045 1.925 0.00399999999999956 0.00399999999999956 20000 20000 0.2 1 0.8 0
0.583333333333333 0.410748560460653 0.245283018867925 0 3576 521 53 12.728 1.823 0.00300000000000011 0.00300000000000011 20000 20000 0.2 0 0.8 0
0.838709677419355 0.838709677419355 0.830188679245283 1 217 217 53 0.938 0.916 0.00499999999999989 0.00499999999999989 20000 20000 0.8 1 0.8 0
0.831858407079646 0.831858407079646 0.830188679245283 1 226 226 53 0.982 0.995 0.00499999999999989 0.00499999999999989 20000 20000 0.8 1 0.8 0
0.646246764452114 0.606525911708253 0.60377358490566 1 1159 521 53 4.348 1.903 0.00300000000000011 0.00399999999999956 20000 20000 0.487242616949821 1 0.8 0
0.808429118773946 0.808429118773946 0.792452830188679 1 261 261 53 1.042 1.073 0.00299999999999967 0.00299999999999967 20000 20000 0.8 1 0.8 0
0.806818181818182 0.806818181818182 0.792452830188679 1 264 264 53 1.073 1.104 0.004 0.004 20000 20000 0.8 1 0.8 0
0.794425087108014 0.794425087108014 0.754716981132076 1 287 287 53 1.133 1.154 0.004 0.00300000000000011 20000 20000 0.8 1 0.8 0
0.352838427947598 0.370441458733205 0.320754716981132 0 1145 521 53 4.448 2.04 0.00400000000000045 0.00399999999999956 20000 20000 0.46 1 0.8 0
0.352838427947598 0.362763915547025 0.264150943396226 0 1145 521 53 4.58 2.089 0.00400000000000045 0.00399999999999956 20000 20000 0.322448993662092 0 0.8 0
0.783171521035599 0.783171521035599 0.679245283018868 1 309 309 53 1.221 1.249 0.00499999999999989 0.004 20000 20000 0.8 1 0.8 0
0.211409395973154 0.211409395973154 0.169811320754717 0 298 298 53 1.221 1.25 0.004 0.004 20000 20000 0.2 0 0.8 0
0.782051282051282 0.782051282051282 0.735849056603774 1 312 312 53 1.225 1.256 0.004 0.004 20000 20000 0.8 1 0.8 0
0.791808873720137 0.791808873720137 0.811320754716981 1 293 293 53 1.241 1.263 0.00499999999999989 0.00999999999999979 20000 20000 0.8 1 0.8 0
0.356788079470199 0.389635316698656 0.415094339622642 0 1208 521 53 4.69 2.041 0.00400000000000045 0.00399999999999956 20000 20000 0.46 1 0.8 0
0.776073619631902 0.776073619631902 0.773584905660377 0 326 326 53 1.389 1.406 0.00399999999999956 0.00400000000000045 20000 20000 0.8 0 0.8 0
0.235955056179775 0.235955056179775 0.245283018867925 1 356 356 53 1.45 1.479 0.00399999999999956 0.00400000000000045 20000 20000 0.21378621987429 1 0.8 0
0.363018867924528 0.395393474088292 0.39622641509434 1 1325 521 53 5.21 2.083 0.00400000000000045 0.00400000000000045 20000 20000 0.46 0 0.8 0
0.362528560548363 0.362763915547025 0.415094339622642 0 1313 521 53 5.127 2.058 0.00400000000000045 0.00399999999999956 20000 20000 0.46 1 0.8 0
0.364243323442137 0.36468330134357 0.415094339622642 0 1348 521 53 5.439 2.126 0.00399999999999956 0.00400000000000134 20000 20000 0.362314057262541 1 0.8 0
0.797153024911032 0.797153024911032 0.792452830188679 1 281 281 53 1.078 1.136 0.00300000000000011 0.00700000000000012 20000 20000 0.8 1 0.8 0
0.823529411764706 0.823529411764706 0.792452830188679 1 238 238 53 0.854 0.923 0.004 0.00300000000000011 20000 20000 0.8 1 0.8 0
0.374201787994891 0.403071017274472 0.490566037735849 1 1566 521 53 6.107 2.064 0.00400000000000134 0.00300000000000011 20000 20000 0.46 0 0.8 0
0.372291529875246 0.389635316698656 0.415094339622642 0 1523 521 53 6.105 2.102 0.00399999999999956 0.00399999999999956 20000 20000 0.46 0 0.8 0
0.618428490672696 0.525911708253359 0.320754716981132 1 1769 521 53 6.407 1.868 0.00399999999999956 0.00600000000000023 20000 20000 0.2 0 0.8 0
0.244736842105263 0.244736842105263 0.0943396226415094 0 380 380 53 1.328 1.383 0.004 0.00300000000000011 20000 20000 0.2 0 0.8 0
0.848780487804878 0.848780487804878 0.886792452830189 1 205 205 53 0.874 0.827 0.004 0.004 20000 20000 0.8 1 0.8 0
0.817813765182186 0.817813765182186 0.849056603773585 1 247 247 53 1.015 1.088 0.004 0.004 20000 20000 0.8 1 0.8 0
0.813492063492063 0.813492063492063 0.773584905660377 1 252 252 53 0.919 0.964 0.00300000000000011 0.004 20000 20000 0.8 1 0.8 0
0.821576763485477 0.821576763485477 0.849056603773585 1 241 241 53 0.96 1.023 0.004 0.004 20000 20000 0.8 1 0.8 0
0.810077519379845 0.810077519379845 0.830188679245283 1 258 258 53 0.998 1.055 0.00300000000000011 0.00300000000000011 20000 20000 0.8 1 0.8 0
0.189922480620155 0.189922480620155 0.132075471698113 0 258 258 53 1.07 1.131 0.004 0.004 20000 20000 0.2 1 0.8 0
0.263038548752834 0.263038548752834 0.226415094339623 0 441 441 53 1.686 1.751 0.004 0.004 20000 20000 0.2 0 0.8 0
0.783171521035599 0.783171521035599 0.830188679245283 0 309 309 53 1.27 1.313 0.004 0.004 20000 20000 0.8 1 0.8 0
0.384408602150538 0.443378119001919 0.490566037735849 0 1860 521 53 7.277 2.029 0.00399999999999956 0.00399999999999956 20000 20000 0.46 0 0.8 0
0.772455089820359 0.772455089820359 0.792452830188679 1 334 334 53 1.3 1.327 0.004 0.00300000000000011 20000 20000 0.8 1 0.8 0
0.314404432132964 0.301343570057582 0.188679245283019 0 722 521 53 2.935 2.117 0.00400000000000045 0.00399999999999956 20000 20000 0.2 0 0.8 0
0.811764705882353 0.811764705882353 0.830188679245283 1 255 255 53 0.938 0.98 0.00300000000000011 0.004 20000 20000 0.8 1 0.8 0
0.320876288659794 0.349328214971209 0.30188679245283 0 776 521 53 3.111 2.094 0.00399999999999956 0.00400000000000045 20000 20000 0.391420194050312 1 0.8 0
0.573481384715872 0.343570057581574 0.264150943396226 0 4593 521 53 17.694 2.029 0.00400000000000134 0.00600000000000023 20000 20000 0.2 1 0.8 0
0.319316688567674 0.303262955854127 0.358490566037736 0 761 521 53 2.7 1.869 0.00399999999999956 0.00400000000000045 20000 20000 0.46 1 0.8 0
0.388971684053651 0.426103646833013 0.490566037735849 0 2013 521 53 7.946 2.085 0.00400000000000134 0.00399999999999956 20000 20000 0.46 1 0.8 0
0.383651226158038 0.406909788867562 0.509433962264151 0 1835 521 53 7.168 2.015 0.00399999999999956 0.00400000000000134 20000 20000 0.46 0 0.8 0
0.390632544664413 0.491362763915547 0.547169811320755 0 2071 521 53 8.18 2.096 0.00399999999999956 0.00400000000000134 20000 20000 0.46 1 0.8 0
0.278656126482213 0.278656126482213 0.283018867924528 0 506 506 53 1.975 1.87 0.00400000000000045 0.00399999999999956 20000 20000 0.2 0 0.8 0
0.640861931364725 0.62763915547025 0.622641509433962 1 1253 521 53 4.706 1.969 0.00300000000000011 0.00400000000000045 20000 20000 0.735858705939059 1 0.8 0
0.652621722846442 0.600767754318618 0.566037735849057 1 1068 521 53 3.813 1.719 0.00300000000000011 0.00299999999999923 20000 20000 0.367546430783904 0 0.8 0
0.688571428571429 0.690978886756238 0.735849056603774 1 700 521 53 2.65 1.95 0.00400000000000045 0.00399999999999956 20000 20000 0.607805803836894 0 0.8 0
0.390632544664413 0.460652591170825 0.528301886792453 0 2071 521 53 8.145 2.083 0.00400000000000134 0.00399999999999956 20000 20000 0.46 0 0.8 0
0.357551020408163 0.353166986564299 0.377358490566038 0 1225 521 53 4.897 2.133 0.00499999999999901 0.00500000000000078 20000 20000 0.46 1 0.8 0
0.574082264484741 0.335892514395393 0.169811320754717 1 4522 521 53 17.796 2.1 0.00399999999999778 0.00400000000000134 20000 20000 0.2 1 0.8 0
0.635424354243542 0.596928982725528 0.452830188679245 1 1355 521 53 5.147 1.946 0.00399999999999956 0.00399999999999956 20000 20000 0.543628349883109 0 0.8 0
0.843601895734597 0.843601895734597 0.735849056603774 1 211 211 53 0.846 0.825 0.00300000000000011 0.00300000000000011 20000 20000 0.8 1 0.8 0
0.843601895734597 0.843601895734597 0.792452830188679 0 211 211 53 0.854 0.832 0.004 0.004 20000 20000 0.8 1 0.8 0
0.363018867924528 0.341650671785029 0.320754716981132 1 1325 521 53 5.336 2.124 0.00399999999999956 0.00400000000000134 20000 20000 0.262132324793205 0 0.8 0
0.838709677419355 0.838709677419355 0.867924528301887 1 217 217 53 0.888 0.866 0.00499999999999989 0.00499999999999989 20000 20000 0.8 0 0.8 0
0.368162692847125 0.385796545105566 0.339622641509434 1 1426 521 53 5.531 2.054 0.00399999999999956 0.00399999999999956 20000 20000 0.46 1 0.8 0
0.367864693446089 0.404990403071017 0.377358490566038 0 1419 521 53 5.634 2.109 0.00399999999999956 0.00400000000000134 20000 20000 0.46 0 0.8 0
0.571665285832643 0.337811900191939 0.188679245283019 0 4828 521 53 18.544 2.068 0.00400000000000134 0.00400000000000134 20000 20000 0.2 0 0.8 0
0.369684499314129 0.381957773512476 0.490566037735849 1 1458 521 53 5.828 2.108 0.00699999999999967 0.00400000000000134 20000 20000 0.397751778713495 1 0.8 0
0.800724637681159 0.800724637681159 0.830188679245283 0 276 276 53 1.079 1.106 0.004 0.00300000000000011 20000 20000 0.8 1 0.8 0
0.800724637681159 0.800724637681159 0.773584905660377 1 276 276 53 1.089 1.115 0.004 0.004 20000 20000 0.8 1 0.8 0
0.803703703703704 0.803703703703704 0.773584905660377 1 270 270 53 1.144 1.161 0.004 0.004 20000 20000 0.8 0 0.8 0
0.623091020158827 0.579654510556622 0.509433962264151 1 1637 521 53 6.193 1.943 0.00399999999999956 0.00399999999999956 20000 20000 0.440873369898966 1 0.8 0
0.798561151079137 0.798561151079137 0.811320754716981 1 278 278 53 1.193 1.217 0.004 0.004 20000 20000 0.8 0 0.8 0
0.785016286644951 0.785016286644951 0.754716981132076 1 307 307 53 1.204 1.227 0.004 0.004 20000 20000 0.8 1 0.8 0
0.789830508474576 0.789830508474576 0.867924528301887 1 295 295 53 1.255 1.289 0.004 0.004 20000 20000 0.8 0 0.8 0
0.772455089820359 0.772455089820359 0.792452830188679 1 334 334 53 1.303 1.338 0.004 0.004 20000 20000 0.8 1 0.8 0
0.561387494294843 0.362763915547025 0.490566037735849 1 6573 521 53 23.388 1.803 0.00400000000000134 0.00300000000000011 20000 20000 0.46 0 0.8 0
0.377924415116977 0.426103646833013 0.339622641509434 1 1667 521 53 6.74 2.172 0.00399999999999956 0.00399999999999956 20000 20000 0.46 1 0.8 0
0.363086232980333 0.381957773512476 0.39622641509434 1 1322 521 53 4.765 1.857 0.00399999999999956 0.00300000000000011 20000 20000 0.417305892094148 0 0.8 0
0.37150466045273 0.380038387715931 0.377358490566038 0 1502 521 53 5.832 2.083 0.00400000000000134 0.00399999999999956 20000 20000 0.46 0 0.8 0
0.381114903299204 0.44721689059501 0.679245283018868 1 1758 521 53 6.969 2.077 0.00399999999999956 0.00399999999999956 20000 20000 0.46 1 0.8 0
0.382695507487521 0.4510556621881 0.509433962264151 0 1803 521 53 7.147 2.074 0.00399999999999956 0.00399999999999956 20000 20000 0.46 0 0.8 0
0.362528560548363 0.353166986564299 0.358490566037736 0 1313 521 53 5.192 2.098 0.00399999999999956 0.00499999999999989 20000 20000 0.46 1 0.8 0
0.594006421691045 0.420345489443378 0.188679245283019 0 2803 521 53 11.468 2.103 0.00399999999999956 0.00400000000000134 20000 20000 0.2 0 0.8 0
0.384116693679092 0.410748560460653 0.433962264150943 0 1851 521 53 7.276 2.039 0.00399999999999956 0.00399999999999956 20000 20000 0.46 0 0.8 0
0.385631273111463 0.452975047984645 0.471698113207547 1 1893 521 53 7.42 2.073 0.00399999999999956 0.00400000000000134 20000 20000 0.46 1 0.8 0
0.592123287671233 0.445297504798464 0.30188679245283 0 2920 521 53 12.002 2.138 0.00399999999999956 0.00399999999999956 20000 20000 0.2 0 0.8 0
0.36875 0.391554702495202 0.509433962264151 0 1440 521 53 5.159 1.86 0.00400000000000045 0.00299999999999923 20000 20000 0.46 1 0.8 0
0.391345696623871 0.45873320537428 0.39622641509434 0 2103 521 53 8.332 2.076 0.00399999999999956 0.00399999999999956 20000 20000 0.46 1 0.8 0
0.681697612732096 0.666026871401152 0.566037735849057 1 754 521 53 2.898 1.954 0.00300000000000011 0.00300000000000011 20000 20000 0.753322390627233 1 0.8 0
0.679123711340206 0.696737044145873 0.849056603773585 1 776 521 53 2.99 1.939 0.00400000000000045 0.00399999999999956 20000 20000 0.799655038150457 0 0.8 0
0.313807531380753 0.303262955854127 0.339622641509434 0 717 521 53 2.897 2.075 0.00399999999999956 0.00400000000000045 20000 20000 0.2 0 0.8 0
0.388104838709677 0.452975047984645 0.471698113207547 1 1984 521 53 7.049 1.859 0.00399999999999956 0.00300000000000011 20000 20000 0.46 0 0.8 0
0.600904233456638 0.523992322456814 0.509433962264151 1 2433 521 53 8.993 1.88 0.00300000000000011 0.00600000000000023 20000 20000 0.228374826801366 1 0.8 0
0.673965936739659 0.662188099808061 0.566037735849057 1 822 521 53 3.156 1.991 0.00400000000000045 0.00399999999999956 20000 20000 0.725017124665696 0 0.8 0
0.395502645502646 0.474088291746641 0.452830188679245 0 2268 521 53 8.999 2.021 0.00399999999999956 0.00399999999999956 20000 20000 0.46 1 0.8 0
0.388074785245073 0.433781190019194 0.283018867924528 1 1979 521 53 7.823 2.118 0.00300000000000011 0.00399999999999956 20000 20000 0.46 0 0.8 0
0.388329979879276 0.424184261036468 0.471698113207547 1 1988 521 53 7.02 1.847 0.00399999999999956 0.00300000000000011 20000 20000 0.46 1 0.8 0
0.336909871244635 0.362763915547025 0.39622641509434 0 932 521 53 3.725 2.112 0.00399999999999956 0.00400000000000045 20000 20000 0.388136160331305 0 0.8 0
0.345524542829644 0.36468330134357 0.39622641509434 0 1039 521 53 4.092 2.106 0.00399999999999956 0.00399999999999956 20000 20000 0.46 0 0.8 0
0.383904295812942 0.408829174664108 0.584905660377358 1 1839 521 53 7.439 2.124 0.00400000000000134 0.00399999999999956 20000 20000 0.46 0 0.8 0
0.346628679962013 0.358925143953935 0.339622641509434 0 1053 521 53 4.143 2.1 0.00400000000000045 0.00299999999999923 20000 20000 0.46 0 0.8 0
0.559042927515834 0.370441458733205 0.39622641509434 0 7105 521 53 26.742 1.888 0.00399999999999778 0.00400000000000134 20000 20000 0.374042969892663 1 0.8 0
0.612328069281712 0.502879078694818 0.339622641509434 0 1963 521 53 7.932 2.123 0.00400000000000134 0.00300000000000011 20000 20000 0.2 1 0.8 0
0.35546218487395 0.355086372360845 0.415094339622642 0 1190 521 53 4.725 2.072 0.00399999999999956 0.00400000000000134 20000 20000 0.273368020503642 1 0.8 0
0.356550580431177 0.397312859884837 0.490566037735849 1 1206 521 53 4.744 2.066 0.00399999999999956 0.00400000000000134 20000 20000 0.46 1 0.8 0
0.359586316626889 0.395393474088292 0.39622641509434 0 1257 521 53 4.961 2.129 0.00399999999999956 0.00400000000000134 20000 20000 0.46 0 0.8 0
0.632022471910112 0.5489443378119 0.490566037735849 1 1424 521 53 5.322 1.899 0.00700000000000145 0.00300000000000011 20000 20000 0.449575922022476 1 0.8 0
0.607011070110701 0.466410748560461 0.283018867924528 0 2168 521 53 8.722 2.112 0.00399999999999956 0.00999999999999979 20000 20000 0.2 0 0.8 0
0.364974245768948 0.370441458733205 0.39622641509434 0 1359 521 53 5.383 2.099 0.00399999999999956 0.00400000000000134 20000 20000 0.46 0 0.8 0
0.375469336670839 0.36084452975048 0.339622641509434 0 1598 521 53 6.293 2.045 0.00399999999999956 0.00399999999999956 20000 20000 0.46 1 0.8 0
0.601929530201342 0.476007677543186 0.245283018867925 0 2384 521 53 9.816 2.121 0.00399999999999956 0.00400000000000134 20000 20000 0.2 1 0.8 0
0.377278250303767 0.418426103646833 0.39622641509434 0 1646 521 53 6.506 2.048 0.00300000000000011 0.00399999999999956 20000 20000 0.46 0 0.8 0
0.378984651711924 0.412667946257198 0.415094339622642 1 1694 521 53 6.638 2.064 0.00399999999999956 0.00399999999999956 20000 20000 0.46 1 0.8 0
0.616868798235943 0.523992322456814 0.471698113207547 0 1814 521 53 6.817 1.911 0.00399999999999956 0.00399999999999956 20000 20000 0.2 0 0.8 0
0.576996652319464 0.366602687140115 0.264150943396226 0 4182 521 53 16.792 1.995 0.00399999999999778 0.00400000000000134 20000 20000 0.2 0 0.8 0
0.381705251270469 0.435700575815739 0.622641509433962 1 1771 521 53 6.958 2.023 0.00399999999999956 0.00399999999999956 20000 20000 0.46 1 0.8 0
0.382072829131653 0.431861804222649 0.415094339622642 0 1785 521 53 7.004 2.053 0.00399999999999956 0.00399999999999956 20000 20000 0.46 1 0.8 0
0.612936344969199 0.502879078694818 0.377358490566038 0 1948 521 53 7.228 1.9 0.00399999999999956 0.00300000000000011 20000 20000 0.2 0 0.8 0
0.381940549635446 0.399232245681382 0.39622641509434 1 1783 521 53 7.211 2.104 0.00699999999999967 0.00400000000000134 20000 20000 0.46 1 0.8 0
0.382825484764543 0.404990403071017 0.471698113207547 1 1805 521 53 7.295 2.091 0.00399999999999956 0.00400000000000134 20000 20000 0.46 0 0.8 0
0.387557368689444 0.44721689059501 0.39622641509434 0 1961 521 53 7.762 2.086 0.00400000000000134 0.00399999999999956 20000 20000 0.46 0 0.8 0
0.388971684053651 0.422264875239923 0.377358490566038 0 2013 521 53 8.114 2.111 0.00399999999999956 0.00400000000000134 20000 20000 0.46 1 0.8 0
0.602191319005478 0.514395393474088 0.358490566037736 0 2373 521 53 8.772 1.838 0.00400000000000134 0.00299999999999834 20000 20000 0.44171890110681 0 0.8 0
0.579621095750128 0.335892514395393 0.207547169811321 0 3906 521 53 15.809 2.034 0.00400000000000134 0.00399999999999778 20000 20000 0.2 0 0.8 0
0.585416054101735 0.395393474088292 0.169811320754717 0 3401 521 53 13.822 2.062 0.00400000000000134 0.00400000000000134 20000 20000 0.2 0 0.8 0
0.586890243902439 0.499040307101727 0.415094339622642 0 3280 521 53 12.122 1.862 0.00399999999999956 0.00300000000000011 20000 20000 0.27030691458659 0 0.8 0
0.564064312945467 0.362763915547025 0.358490566037736 0 6033 521 53 23.49 1.843 0.00400000000000134 0.00300000000000011 20000 20000 0.277303818803603 0 0.8 0
0.571282051282051 0.339731285988484 0.150943396226415 0 4875 521 53 19.458 1.906 0.00400000000000134 0.00400000000000134 20000 20000 0.2 1 0.8 0
0.574819168173599 0.314779270633397 0.132075471698113 1 4424 521 53 17.638 1.985 0.00300000000000011 0.00400000000000134 20000 20000 0.2 0 0.8 0
0.58280342825546 0.395393474088292 0.226415094339623 0 3617 521 53 14.477 1.983 0.00600000000000023 0.00400000000000134 20000 20000 0.2 0 0.8 0
0.566870944484499 0.353166986564299 0.264150943396226 1 5548 521 53 22.076 1.932 0.00399999999999778 0.00300000000000011 20000 20000 0.237351769392238 0 0.8 0
0.56471781007097 0.362763915547025 0.320754716981132 1 5918 521 53 23.444 1.917 0.00700000000000145 0.00399999999999778 20000 20000 0.424470714064437 1 0.8 0
0.567096422734701 0.332053742802303 0.264150943396226 0 5507 521 53 21.282 1.853 0.00400000000000134 0.00600000000000023 20000 20000 0.2 1 0.8 0
0.564652261985145 0.303262955854127 0.339622641509434 0 5924 521 53 21.204 1.704 0.00400000000000134 0.00300000000000011 20000 20000 0.2 0 0.8 0
0.562401760452688 0.404990403071017 0.622641509433962 1 6362 521 53 24.53 1.843 0.00400000000000134 0.00399999999999778 20000 20000 0.46 1 0.8 0
0.559895833333333 0.370441458733205 0.358490566037736 1 6912 521 53 26.719 1.857 0.00300000000000011 0.00399999999999778 20000 20000 0.447890010185675 1 0.8 0
0.558774373259053 0.397312859884837 0.39622641509434 0 7180 521 53 25.246 1.755 0.00400000000000134 0.00599999999999667 20000 20000 0.46 0 0.8 0
0.557105263157895 0.347408829174664 0.264150943396226 0 7600 521 53 26.924 1.712 0.00399999999999778 0.00300000000000011 20000 20000 0.2 0 0.8 0
0.556322720879683 0.378119001919386 0.358490566037736 0 7821 521 53 29.383 1.799 0.00399999999999778 0.00300000000000011 20000 20000 0.46 1 0.8 0
