0.822751322751323 0.822751322751323 0.822751322751323 0.822751322751323 1 1 1 0.11 0.0820000000000001 0.069 0.0649999999999999 20000 53 0.8 1 0.8 0.6
0.304635761589404 0.304635761589404 0.256613756613757 0.256613756613757 2 2 1 0.171 0.145 0.0629999999999999 0.0640000000000001 20000 53 0.2 1 0.8 0.6
0.82010582010582 0.82010582010582 0.82010582010582 0.82010582010582 1 1 1 0.106 0.0800000000000001 0.0669999999999999 0.0640000000000001 20000 53 0.8 0 0.8 0.6
0.796296296296296 0.796296296296296 0.796296296296296 0.796296296296296 1 1 1 0.11 0.0820000000000001 0.069 0.0669999999999999 20000 53 0.8 0 0.8 0.6
0.791005291005291 0.791005291005291 0.791005291005291 0.791005291005291 1 1 1 0.111 0.083 0.0700000000000001 0.0669999999999999 20000 53 0.8 1 0.8 0.6
0.232804232804233 0.232804232804233 0.232804232804233 0.232804232804233 1 1 1 0.11 0.0820000000000001 0.069 0.0660000000000001 20000 53 0.2 1 0.8 0.6
0.772486772486772 0.772486772486772 0.772486772486772 0.772486772486772 1 1 1 0.111 0.083 0.069 0.0669999999999999 20000 53 0.8 1 0.8 0.6
0.759259259259259 0.759259259259259 0.759259259259259 0.759259259259259 1 1 1 0.111 0.0820000000000001 0.069 0.0669999999999999 20000 53 0.8 1 0.8 0.6
0.752317880794702 0.752317880794702 0.740740740740741 0.740740740740741 2 2 1 0.175 0.152 0.0660000000000001 0.0659999999999998 20000 53 0.8 1 0.8 0.6
0.772486772486772 0.772486772486772 0.772486772486772 0.772486772486772 1 1 1 0.106 0.0790000000000002 0.0660000000000001 0.0640000000000001 20000 53 0.8 1 0.8 0.6
0.817460317460317 0.817460317460317 0.817460317460317 0.817460317460317 1 1 1 0.109 0.0810000000000002 0.069 0.0660000000000001 20000 53 0.8 1 0.8 0.6
0.303311258278146 0.303311258278146 0.256613756613757 0.256613756613757 2 2 1 0.173 0.15 0.0650000000000002 0.0649999999999999 20000 53 0.2 0 0.8 0.6
0.694039735099338 0.694039735099338 0.716931216931217 0.716931216931217 2 2 1 0.174 0.151 0.0660000000000001 0.0649999999999999 20000 53 0.8 0 0.8 0.6
0.791005291005291 0.791005291005291 0.791005291005291 0.791005291005291 1 1 1 0.113 0.0840000000000001 0.071 0.0669999999999999 20000 53 0.8 1 0.8 0.6
0.82010582010582 0.82010582010582 0.82010582010582 0.82010582010582 1 1 1 0.107 0.0790000000000002 0.0680000000000001 0.0640000000000001 20000 53 0.8 1 0.8 0.6
0.567348741351391 0.336423841059603 0.293650793650794 0.293650793650794 18 2 1 1.281 0.153 0.0659999999999998 0.0660000000000003 20000 53 0.2 0 0.8 0.6
0.788359788359788 0.788359788359788 0.788359788359788 0.788359788359788 1 1 1 0.107 0.0800000000000001 0.0669999999999999 0.0649999999999999 20000 53 0.8 0 0.8 0.6
0.801587301587302 0.801587301587302 0.801587301587302 0.801587301587302 1 1 1 0.107 0.081 0.0680000000000001 0.0649999999999999 20000 53 0.8 1 0.8 0.6
0.788359788359788 0.788359788359788 0.788359788359788 0.788359788359788 1 1 1 0.108 0.0810000000000002 0.0680000000000001 0.0650000000000002 20000 53 0.8 1 0.8 0.6
0.812169312169312 0.812169312169312 0.812169312169312 0.812169312169312 1 1 1 0.105 0.0820000000000001 0.069 0.0660000000000001 20000 53 0.8 1 0.8 0.6
0.705960264900662 0.705960264900662 0.714285714285714 0.714285714285714 2 2 1 0.172 0.148 0.0640000000000001 0.0649999999999999 20000 53 0.8 0 0.8 0.6
0.691390728476821 0.691390728476821 0.685185185185185 0.685185185185185 2 2 1 0.172 0.148 0.0649999999999999 0.0649999999999999 20000 53 0.8 0 0.8 0.6
0.767195767195767 0.767195767195767 0.767195767195767 0.767195767195767 1 1 1 0.11 0.0830000000000002 0.0699999999999998 0.0660000000000001 20000 53 0.8 1 0.8 0.6
0.758940397350993 0.758940397350993 0.743386243386243 0.743386243386243 2 2 1 0.174 0.151 0.0649999999999999 0.0640000000000001 20000 53 0.8 1 0.8 0.6
0.338923212709621 0.336423841059603 0.343915343915344 0.343915343915344 3 2 1 0.229 0.144 0.0620000000000001 0.0669999999999999 20000 53 0.284755277282403 1 0.8 0.6
0.565584630672408 0.352317880794702 0.322751322751323 0.322751322751323 16 2 1 1.17 0.152 0.0710000000000002 0.0670000000000002 20000 53 0.2 0 0.8 0.6
0.666372462488967 0.67682119205298 0.687830687830688 0.687830687830688 3 2 1 0.243 0.153 0.0669999999999999 0.0710000000000002 20000 53 0.735747518620318 1 0.8 0.6
0.341571050308914 0.337748344370861 0.335978835978836 0.335978835978836 3 2 1 0.239 0.15 0.0650000000000002 0.069 20000 53 0.235359970753173 0 0.8 0.6
0.655781112091792 0.649006622516556 0.664021164021164 0.664021164021164 3 2 1 0.241 0.151 0.0649999999999999 0.0700000000000001 20000 53 0.74606726226872 1 0.8 0.6
0.326566637246249 0.329801324503311 0.341269841269841 0.341269841269841 3 2 1 0.244 0.153 0.0660000000000001 0.071 20000 53 0.223802115152539 0 0.8 0.6
0.555287882437967 0.364238410596026 0.335978835978836 0.335978835978836 22 2 1 1.508 0.15 0.0640000000000001 0.0639999999999996 20000 53 0.239644795090993 0 0.8 0.6
0.374668786433492 0.401324503311258 0.415343915343915 0.415343915343915 5 2 1 0.359 0.146 0.0640000000000001 0.0640000000000001 20000 53 0.46 0 0.8 0.6
0.670785525154457 0.670198675496689 0.642857142857143 0.642857142857143 3 2 1 0.235 0.148 0.0649999999999999 0.0680000000000001 20000 53 0.489683429621728 0 0.8 0.6
0.380498145204028 0.366887417218543 0.383597883597884 0.383597883597884 5 2 1 0.361 0.145 0.0620000000000001 0.0629999999999999 20000 53 0.46 0 0.8 0.6
0.655781112091792 0.63841059602649 0.634920634920635 0.634920634920635 3 2 1 0.23 0.146 0.0620000000000001 0.0649999999999999 20000 53 0.434005153609046 0 0.8 0.6
0.557817393399181 0.385430463576159 0.402116402116402 0.402116402116402 22 2 1 1.561 0.156 0.0669999999999997 0.069 20000 53 0.46 1 0.8 0.6
0.385267620561738 0.368211920529801 0.362433862433862 0.362433862433862 5 2 1 0.367 0.148 0.0640000000000001 0.0649999999999999 20000 53 0.46 1 0.8 0.6
0.557476340694006 0.356291390728477 0.346560846560847 0.346560846560847 21 2 1 1.474 0.149 0.069 0.0649999999999999 20000 53 0.46 0 0.8 0.6
0.364900662251656 0.385430463576159 0.380952380952381 0.380952380952381 4 2 1 0.314 0.15 0.0700000000000001 0.0659999999999998 20000 53 0.46 0 0.8 0.6
0.370429252782194 0.390728476821192 0.373015873015873 0.373015873015873 5 2 1 0.362 0.148 0.0609999999999999 0.0629999999999999 20000 53 0.46 0 0.8 0.6
0.378378378378378 0.39205298013245 0.378306878306878 0.378306878306878 5 2 1 0.376 0.153 0.0649999999999999 0.0660000000000001 20000 53 0.46 0 0.8 0.6
0.391169977924945 0.405298013245033 0.417989417989418 0.417989417989418 6 2 1 0.436 0.151 0.0649999999999999 0.069 20000 53 0.46 0 0.8 0.6
0.378908320084791 0.386754966887417 0.425925925925926 0.425925925925926 5 2 1 0.356 0.142 0.0610000000000002 0.0629999999999999 20000 53 0.46 0 0.8 0.6
0.365562913907285 0.389403973509934 0.439153439153439 0.439153439153439 4 2 1 0.318 0.151 0.0720000000000001 0.0669999999999999 20000 53 0.46 1 0.8 0.6
0.793650793650794 0.793650793650794 0.793650793650794 0.793650793650794 1 1 1 0.109 0.0810000000000002 0.069 0.0649999999999999 20000 53 0.8 1 0.8 0.6
0.393377483443709 0.456953642384106 0.484126984126984 0.484126984126984 6 2 1 0.434 0.146 0.0649999999999999 0.0660000000000001 20000 53 0.46 0 0.8 0.6
0.812169312169312 0.812169312169312 0.812169312169312 0.812169312169312 1 1 1 0.11 0.0830000000000002 0.071 0.0660000000000001 20000 53 0.8 0 0.8 0.6
0.381456953642384 0.460927152317881 0.492063492063492 0.492063492063492 6 2 1 0.431 0.147 0.0649999999999999 0.0679999999999998 20000 53 0.46 1 0.8 0.6
0.796296296296296 0.796296296296296 0.796296296296296 0.796296296296296 1 1 1 0.11 0.0820000000000001 0.069 0.0660000000000001 20000 53 0.8 0 0.8 0.6
0.309933774834437 0.309933774834437 0.267195767195767 0.267195767195767 2 2 1 0.18 0.155 0.0669999999999999 0.0669999999999999 20000 53 0.2 0 0.8 0.6
0.394701986754967 0.40794701986755 0.396825396825397 0.396825396825397 6 2 1 0.428 0.147 0.0640000000000001 0.0669999999999999 20000 53 0.46 1 0.8 0.6
0.389845474613687 0.43841059602649 0.441798941798942 0.441798941798942 6 2 1 0.426 0.147 0.0629999999999999 0.0669999999999999 20000 53 0.46 0 0.8 0.6
0.377848436671966 0.429139072847682 0.46031746031746 0.46031746031746 5 2 1 0.377 0.152 0.0669999999999999 0.0660000000000001 20000 53 0.46 0 0.8 0.6
0.798941798941799 0.798941798941799 0.798941798941799 0.798941798941799 1 1 1 0.124 0.0830000000000002 0.0699999999999998 0.0660000000000001 20000 53 0.8 1 0.8 0.6
0.390286975717439 0.396026490066225 0.351851851851852 0.351851851851852 6 2 1 0.433 0.148 0.0649999999999999 0.0680000000000001 20000 53 0.343623820465162 1 0.8 0.6
0.761904761904762 0.761904761904762 0.761904761904762 0.761904761904762 1 1 1 0.125 0.0840000000000001 0.071 0.0669999999999999 20000 53 0.8 1 0.8 0.6
0.791005291005291 0.791005291005291 0.791005291005291 0.791005291005291 1 1 1 0.123 0.0819999999999999 0.0690000000000002 0.0660000000000001 20000 53 0.8 1 0.8 0.6
0.62586115527292 0.56158940397351 0.542328042328042 0.542328042328042 5 2 1 0.372 0.151 0.0660000000000001 0.0649999999999999 20000 53 0.24395462616016 0 0.8 0.6
0.375198728139905 0.377483443708609 0.383597883597884 0.383597883597884 5 2 1 0.395 0.155 0.0669999999999999 0.0669999999999999 20000 53 0.46 1 0.8 0.6
0.627980922098569 0.572185430463576 0.544973544973545 0.544973544973545 5 2 1 0.391 0.158 0.0680000000000001 0.069 20000 53 0.2 0 0.8 0.6
0.382087970323264 0.40794701986755 0.428571428571429 0.428571428571429 5 2 1 0.355 0.144 0.0620000000000001 0.0630000000000002 20000 53 0.46 1 0.8 0.6
0.605298013245033 0.570860927152318 0.544973544973545 0.544973544973545 6 2 1 0.446 0.152 0.0660000000000001 0.069 20000 53 0.479281425904116 1 0.8 0.6
0.393818984547461 0.417218543046358 0.420634920634921 0.420634920634921 6 2 1 0.428 0.147 0.0629999999999999 0.0670000000000002 20000 53 0.46 0 0.8 0.6
0.550550346514472 0.393377483443709 0.452380952380952 0.452380952380952 26 2 1 1.756 0.149 0.0640000000000001 0.0699999999999998 20000 53 0.46 0 0.8 0.6
0.551182647953676 0.402649006622517 0.428571428571429 0.428571428571429 27 2 1 1.755 0.141 0.0680000000000001 0.0600000000000001 20000 53 0.46 1 0.8 0.6
0.82010582010582 0.82010582010582 0.82010582010582 0.82010582010582 1 1 1 0.111 0.0830000000000002 0.0699999999999998 0.0670000000000002 20000 53 0.8 1 0.8 0.6
0.793650793650794 0.793650793650794 0.793650793650794 0.793650793650794 1 1 1 0.113 0.0840000000000001 0.0720000000000001 0.0679999999999998 20000 53 0.8 1 0.8 0.6
0.798941798941799 0.798941798941799 0.798941798941799 0.798941798941799 1 1 1 0.11 0.0830000000000002 0.071 0.0660000000000001 20000 53 0.8 1 0.8 0.6
0.785714285714286 0.785714285714286 0.785714285714286 0.785714285714286 1 1 1 0.113 0.0840000000000001 0.0719999999999998 0.0680000000000001 20000 53 0.8 1 0.8 0.6
0.390286975717439 0.406622516556291 0.441798941798942 0.441798941798942 6 2 1 0.455 0.159 0.0680000000000001 0.071 20000 53 0.46 0 0.8 0.6
0.775132275132275 0.775132275132275 0.775132275132275 0.775132275132275 1 1 1 0.109 0.083 0.0700000000000001 0.0660000000000001 20000 53 0.8 1 0.8 0.6
0.804232804232804 0.804232804232804 0.804232804232804 0.804232804232804 1 1 1 0.111 0.0820000000000001 0.0700000000000001 0.0660000000000001 20000 53 0.8 1 0.8 0.6
0.235449735449735 0.235449735449735 0.235449735449735 0.235449735449735 1 1 1 0.11 0.0820000000000001 0.069 0.0650000000000002 20000 53 0.2 0 0.8 0.6
0.777777777777778 0.777777777777778 0.777777777777778 0.777777777777778 1 1 1 0.112 0.083 0.0700000000000001 0.0669999999999999 20000 53 0.8 1 0.8 0.6
0.812169312169312 0.812169312169312 0.812169312169312 0.812169312169312 1 1 1 0.113 0.0840000000000001 0.0720000000000001 0.0680000000000001 20000 53 0.8 1 0.8 0.6
0.801587301587302 0.801587301587302 0.801587301587302 0.801587301587302 1 1 1 0.112 0.0840000000000001 0.071 0.0670000000000002 20000 53 0.8 0 0.8 0.6
0.785714285714286 0.785714285714286 0.785714285714286 0.785714285714286 1 1 1 0.109 0.0820000000000001 0.069 0.0660000000000001 20000 53 0.8 1 0.8 0.6
0.817460317460317 0.817460317460317 0.817460317460317 0.817460317460317 1 1 1 0.109 0.0820000000000001 0.0679999999999998 0.0649999999999999 20000 53 0.8 1 0.8 0.6
0.825396825396825 0.825396825396825 0.825396825396825 0.825396825396825 1 1 1 0.109 0.0820000000000001 0.069 0.0660000000000001 20000 53 0.8 1 0.8 0.6
0.80952380952381 0.80952380952381 0.80952380952381 0.80952380952381 1 1 1 0.11 0.0820000000000001 0.069 0.0660000000000001 20000 53 0.8 1 0.8 0.6
0.28476821192053 0.28476821192053 0.275132275132275 0.275132275132275 2 2 1 0.178 0.154 0.0669999999999999 0.0670000000000002 20000 53 0.21378621987429 1 0.8 0.6
0.767195767195767 0.767195767195767 0.767195767195767 0.767195767195767 1 1 1 0.107 0.0800000000000001 0.0669999999999999 0.0640000000000001 20000 53 0.8 1 0.8 0.6
0.822751322751323 0.822751322751323 0.822751322751323 0.822751322751323 1 1 1 0.113 0.0840000000000001 0.0720000000000001 0.0680000000000001 20000 53 0.8 1 0.8 0.6
0.841269841269841 0.841269841269841 0.841269841269841 0.841269841269841 1 1 1 0.111 0.0820000000000001 0.0699999999999998 0.0660000000000001 20000 53 0.8 1 0.8 0.6
0.222222222222222 0.222222222222222 0.222222222222222 0.222222222222222 1 1 1 0.109 0.0820000000000001 0.069 0.0660000000000001 20000 53 0.2 1 0.8 0.6
0.300662251655629 0.300662251655629 0.28042328042328 0.28042328042328 2 2 1 0.17 0.147 0.0640000000000001 0.0640000000000001 20000 53 0.2 0 0.8 0.6
0.772486772486772 0.772486772486772 0.772486772486772 0.772486772486772 1 1 1 0.109 0.0820000000000001 0.0680000000000001 0.0650000000000002 20000 53 0.8 1 0.8 0.6
0.798941798941799 0.798941798941799 0.798941798941799 0.798941798941799 1 1 1 0.109 0.0820000000000001 0.069 0.0660000000000001 20000 53 0.8 1 0.8 0.6
0.801587301587302 0.801587301587302 0.801587301587302 0.801587301587302 1 1 1 0.107 0.079 0.0669999999999999 0.0640000000000001 20000 53 0.8 1 0.8 0.6
0.559621451104101 0.366887417218543 0.343915343915344 0.343915343915344 21 2 1 1.463 0.149 0.0690000000000004 0.0649999999999999 20000 53 0.46 0 0.8 0.6
0.295364238410596 0.295364238410596 0.28042328042328 0.28042328042328 2 2 1 0.178 0.154 0.0660000000000001 0.0669999999999999 20000 53 0.2 0 0.8 0.6
0.653133274492498 0.63841059602649 0.613756613756614 0.613756613756614 3 2 1 0.246 0.155 0.0670000000000002 0.071 20000 53 0.487242616949821 1 0.8 0.6
0.351279788172992 0.356291390728477 0.346560846560847 0.346560846560847 3 2 1 0.239 0.151 0.0649999999999999 0.0680000000000001 20000 53 0.322448993662092 0 0.8 0.6
0.394701986754967 0.362913907284768 0.341269841269841 0.341269841269841 6 2 1 0.439 0.15 0.0660000000000001 0.069 20000 53 0.46 1 0.8 0.6
0.364238410596026 0.36953642384106 0.388888888888889 0.388888888888889 4 2 1 0.306 0.145 0.0680000000000001 0.0640000000000001 20000 53 0.46 1 0.8 0.6
0.383147853736089 0.365562913907285 0.373015873015873 0.373015873015873 5 2 1 0.372 0.15 0.0640000000000001 0.0649999999999999 20000 53 0.46 0 0.8 0.6
0.801587301587302 0.801587301587302 0.801587301587302 0.801587301587302 1 1 1 0.113 0.0860000000000001 0.071 0.0680000000000001 20000 53 0.8 1 0.8 0.6
0.806878306878307 0.806878306878307 0.806878306878307 0.806878306878307 1 1 1 0.11 0.0820000000000001 0.0699999999999998 0.0670000000000002 20000 53 0.8 1 0.8 0.6
0.817460317460317 0.817460317460317 0.817460317460317 0.817460317460317 1 1 1 0.114 0.085 0.071 0.0680000000000001 20000 53 0.8 0 0.8 0.6
0.313907284768212 0.313907284768212 0.341269841269841 0.341269841269841 2 2 1 0.167 0.144 0.0620000000000001 0.0620000000000001 20000 53 0.46 1 0.8 0.6
0.329214474845543 0.319205298013245 0.298941798941799 0.298941798941799 3 2 1 0.245 0.154 0.0670000000000002 0.0699999999999998 20000 53 0.2 0 0.8 0.6
0.344218887908208 0.321854304635762 0.338624338624339 0.338624338624339 3 2 1 0.237 0.149 0.0649999999999999 0.0680000000000001 20000 53 0.391420194050312 1 0.8 0.6
0.366225165562914 0.358940397350993 0.380952380952381 0.380952380952381 4 2 1 0.317 0.151 0.071 0.0680000000000001 20000 53 0.362314057262541 1 0.8 0.6
0.785714285714286 0.785714285714286 0.785714285714286 0.785714285714286 1 1 1 0.108 0.0810000000000002 0.069 0.0649999999999999 20000 53 0.8 1 0.8 0.6
0.812169312169312 0.812169312169312 0.812169312169312 0.812169312169312 1 1 1 0.108 0.081 0.0680000000000001 0.0649999999999999 20000 53 0.8 1 0.8 0.6
0.791005291005291 0.791005291005291 0.791005291005291 0.791005291005291 1 1 1 0.109 0.081 0.069 0.0649999999999999 20000 53 0.8 0 0.8 0.6
0.80952380952381 0.80952380952381 0.80952380952381 0.80952380952381 1 1 1 0.108 0.081 0.069 0.0660000000000001 20000 53 0.8 1 0.8 0.6
0.586115527291998 0.48476821192053 0.436507936507937 0.436507936507937 10 2 1 0.55 0.108 0.075 0.0510000000000002 20000 53 0.2 1 0.8 0.6
0.796296296296296 0.796296296296296 0.796296296296296 0.796296296296296 1 1 1 0.114 0.085 0.075 0.0699999999999998 20000 53 0.8 0 0.8 0.6
0.363576158940397 0.390728476821192 0.420634920634921 0.420634920634921 4 2 1 0.303 0.145 0.0680000000000001 0.0640000000000001 20000 53 0.46 0 0.8 0.6
0.772486772486772 0.772486772486772 0.772486772486772 0.772486772486772 1 1 1 0.111 0.0830000000000002 0.071 0.0660000000000001 20000 53 0.8 0 0.8 0.6
0.772486772486772 0.772486772486772 0.772486772486772 0.772486772486772 1 1 1 0.109 0.0820000000000001 0.069 0.0660000000000001 20000 53 0.8 1 0.8 0.6
0.692850838481906 0.67682119205298 0.69047619047619 0.69047619047619 3 2 1 0.24 0.152 0.0649999999999999 0.0700000000000001 20000 53 0.607805803836894 0 0.8 0.6
0.628510863804981 0.549668874172185 0.502645502645503 0.502645502645503 5 2 1 0.365 0.147 0.0640000000000001 0.0640000000000001 20000 53 0.2 0 0.8 0.6
0.657546337157988 0.621192052980132 0.613756613756614 0.613756613756614 3 2 1 0.227 0.144 0.0630000000000002 0.0649999999999999 20000 53 0.367546430783904 0 0.8 0.6
0.553715358286408 0.373509933774834 0.378306878306878 0.378306878306878 24 2 1 1.636 0.149 0.0649999999999999 0.0680000000000001 20000 53 0.46 1 0.8 0.6
0.381558028616852 0.394701986754967 0.404761904761905 0.404761904761905 5 2 1 0.373 0.151 0.0660000000000001 0.0649999999999999 20000 53 0.46 0 0.8 0.6
0.55207908683245 0.389403973509934 0.396825396825397 0.396825396825397 26 2 1 1.869 0.158 0.0690000000000004 0.0739999999999998 20000 53 0.46 0 0.8 0.6
0.637748344370861 0.614569536423841 0.62962962962963 0.62962962962963 4 2 1 0.307 0.146 0.069 0.0640000000000001 20000 53 0.735858705939059 1 0.8 0.6
0.588765235824059 0.443708609271523 0.383597883597884 0.383597883597884 10 2 1 0.489 0.1 0.073 0.046 20000 53 0.2 0 0.8 0.6
0.377318494965554 0.352317880794702 0.354497354497354 0.354497354497354 5 2 1 0.381 0.153 0.0669999999999999 0.0660000000000001 20000 53 0.46 1 0.8 0.6
0.566084788029925 0.352317880794702 0.304232804232804 0.304232804232804 17 2 1 1.228 0.155 0.0670000000000002 0.0680000000000001 20000 53 0.2 1 0.8 0.6
0.639072847682119 0.621192052980132 0.574074074074074 0.574074074074074 4 2 1 0.33 0.153 0.071 0.0679999999999998 20000 53 0.543628349883109 0 0.8 0.6
0.562638009715884 0.356291390728477 0.312169312169312 0.312169312169312 18 2 1 1.277 0.153 0.0659999999999998 0.0670000000000002 20000 53 0.2 0 0.8 0.6
0.393818984547461 0.396026490066225 0.375661375661376 0.375661375661376 6 2 1 0.426 0.147 0.0629999999999999 0.0669999999999999 20000 53 0.46 0 0.8 0.6
0.383147853736089 0.35364238410596 0.32010582010582 0.32010582010582 5 2 1 0.374 0.15 0.0649999999999999 0.0640000000000001 20000 53 0.262132324793205 0 0.8 0.6
0.378378378378378 0.381456953642384 0.431216931216931 0.431216931216931 5 2 1 0.367 0.148 0.0640000000000001 0.0629999999999999 20000 53 0.46 1 0.8 0.6
0.393377483443709 0.422516556291391 0.425925925925926 0.425925925925926 6 2 1 0.431 0.148 0.0640000000000001 0.0680000000000001 20000 53 0.46 1 0.8 0.6
0.380498145204028 0.384105960264901 0.391534391534392 0.391534391534392 5 2 1 0.367 0.148 0.0630000000000002 0.0640000000000001 20000 53 0.397751778713495 1 0.8 0.6
0.393818984547461 0.449006622516556 0.476190476190476 0.476190476190476 6 2 1 0.446 0.152 0.0660000000000001 0.069 20000 53 0.46 1 0.8 0.6
0.6954986760812 0.666225165562914 0.687830687830688 0.687830687830688 3 2 1 0.237 0.148 0.0640000000000001 0.0669999999999999 20000 53 0.753322390627233 1 0.8 0.6
0.381558028616852 0.372185430463576 0.362433862433862 0.362433862433862 5 2 1 0.364 0.147 0.0640000000000001 0.0640000000000001 20000 53 0.417305892094148 0 0.8 0.6
0.633280339162692 0.60794701986755 0.605820105820106 0.605820105820106 5 2 1 0.379 0.154 0.0669999999999999 0.0660000000000001 20000 53 0.440873369898966 1 0.8 0.6
0.366887417218543 0.36953642384106 0.367724867724868 0.367724867724868 4 2 1 0.308 0.147 0.0679999999999998 0.0649999999999999 20000 53 0.46 1 0.8 0.6
0.690066225165563 0.690066225165563 0.671957671957672 0.671957671957672 2 2 1 0.175 0.15 0.0649999999999999 0.0649999999999999 20000 53 0.725017124665696 0 0.8 0.6
0.559088500264971 0.403973509933775 0.412698412698413 0.412698412698413 20 2 1 1.45 0.156 0.0680000000000001 0.0710000000000002 20000 53 0.46 0 0.8 0.6
0.384737678855326 0.372185430463576 0.402116402116402 0.402116402116402 5 2 1 0.369 0.149 0.0649999999999999 0.0649999999999999 20000 53 0.46 0 0.8 0.6
0.393262679788039 0.450331125827815 0.455026455026455 0.455026455026455 7 2 1 0.501 0.15 0.0680000000000001 0.0649999999999999 20000 53 0.46 0 0.8 0.6
0.661959399823478 0.651655629139073 0.674603174603175 0.674603174603175 3 2 1 0.24 0.151 0.0660000000000001 0.069 20000 53 0.799655038150457 0 0.8 0.6
0.372549019607843 0.394701986754967 0.378306878306878 0.378306878306878 5 2 1 0.375 0.153 0.069 0.0660000000000001 20000 53 0.46 1 0.8 0.6
0.382087970323264 0.435761589403974 0.46031746031746 0.46031746031746 5 2 1 0.37 0.148 0.0639999999999998 0.0650000000000002 20000 53 0.46 0 0.8 0.6
0.382087970323264 0.405298013245033 0.391534391534392 0.391534391534392 5 2 1 0.364 0.147 0.0640000000000001 0.0639999999999998 20000 53 0.46 0 0.8 0.6
0.368211920529801 0.340397350993377 0.35978835978836 0.35978835978836 4 2 1 0.308 0.147 0.0680000000000001 0.0649999999999999 20000 53 0.388136160331305 0 0.8 0.6
0.384737678855326 0.443708609271523 0.46031746031746 0.46031746031746 5 2 1 0.367 0.148 0.0640000000000001 0.0639999999999998 20000 53 0.46 1 0.8 0.6
0.394260485651214 0.373509933774834 0.391534391534392 0.391534391534392 6 2 1 0.437 0.15 0.0660000000000001 0.0680000000000001 20000 53 0.46 0 0.8 0.6
0.572564207093355 0.36158940397351 0.330687830687831 0.330687830687831 13 2 1 0.955 0.167 0.069 0.0680000000000001 20000 53 0.2 0 0.8 0.6
0.393818984547461 0.36158940397351 0.388888888888889 0.388888888888889 6 2 1 0.433 0.148 0.0639999999999998 0.0670000000000002 20000 53 0.273368020503642 1 0.8 0.6
0.382617912029677 0.386754966887417 0.412698412698413 0.412698412698413 5 2 1 0.374 0.149 0.0650000000000002 0.0649999999999999 20000 53 0.46 1 0.8 0.6
0.388520971302428 0.429139072847682 0.428571428571429 0.428571428571429 6 2 1 0.422 0.148 0.0640000000000001 0.0660000000000001 20000 53 0.46 0 0.8 0.6
0.39205298013245 0.401324503311258 0.439153439153439 0.439153439153439 6 2 1 0.426 0.149 0.0649999999999999 0.0669999999999999 20000 53 0.46 1 0.8 0.6
0.636423841059603 0.585430463576159 0.563492063492063 0.563492063492063 4 2 1 0.299 0.142 0.0660000000000001 0.0629999999999999 20000 53 0.449575922022476 1 0.8 0.6
0.391611479028698 0.377483443708609 0.383597883597884 0.383597883597884 6 2 1 0.448 0.154 0.0669999999999999 0.071 20000 53 0.46 0 0.8 0.6
0.552681789272843 0.402649006622517 0.462962962962963 0.462962962962963 25 2 1 1.743 0.153 0.0690000000000004 0.0659999999999998 20000 53 0.46 1 0.8 0.6
0.391169977924945 0.417218543046358 0.399470899470899 0.399470899470899 6 2 1 0.449 0.152 0.0669999999999999 0.071 20000 53 0.46 0 0.8 0.6
0.399318697956094 0.409271523178808 0.423280423280423 0.423280423280423 7 2 1 0.509 0.152 0.0700000000000001 0.0660000000000001 20000 53 0.46 1 0.8 0.6
0.568890274314214 0.368211920529801 0.343915343915344 0.343915343915344 17 2 1 1.22 0.154 0.0659999999999998 0.0659999999999998 20000 53 0.46 0 0.8 0.6
0.48425 0.386754966887417 0.375661375661376 0.375661375661376 53 2 1 3.522 0.146 0.0640000000000001 0.0629999999999997 20000 53 0.46 1 0.8 0.6
0.402725208175625 0.374834437086093 0.357142857142857 0.357142857142857 7 2 1 0.5 0.149 0.069 0.0640000000000001 20000 53 0.46 0 0.8 0.6
0.392494481236203 0.439735099337748 0.468253968253968 0.468253968253968 6 2 1 0.438 0.15 0.0649999999999999 0.069 20000 53 0.46 1 0.8 0.6
0.604504802914873 0.494039735099338 0.476190476190476 0.476190476190476 8 2 1 0.581 0.153 0.0680000000000001 0.0679999999999998 20000 53 0.2 0 0.8 0.6
0.606622516556291 0.544370860927152 0.526455026455027 0.526455026455027 6 2 1 0.433 0.148 0.0640000000000001 0.0679999999999998 20000 53 0.228374826801366 1 0.8 0.6
0.626048565121413 0.550993377483444 0.502645502645503 0.502645502645503 6 2 1 0.429 0.146 0.0640000000000001 0.0679999999999998 20000 53 0.2 1 0.8 0.6
0.373608903020668 0.385430463576159 0.391534391534392 0.391534391534392 5 2 1 0.364 0.148 0.0650000000000002 0.0639999999999998 20000 53 0.46 1 0.8 0.6
0.591255382577012 0.491390728476821 0.441798941798942 0.441798941798942 8 2 1 0.581 0.152 0.0669999999999999 0.0660000000000001 20000 53 0.2 0 0.8 0.6
0.371489136195019 0.389403973509934 0.444444444444444 0.444444444444444 5 2 1 0.368 0.148 0.0650000000000002 0.0649999999999999 20000 53 0.46 0 0.8 0.6
0.577456176110885 0.39205298013245 0.365079365079365 0.365079365079365 13 2 1 0.872 0.141 0.0699999999999998 0.0659999999999998 20000 53 0.2 1 0.8 0.6
0.615894039735099 0.525827814569536 0.447089947089947 0.447089947089947 6 2 1 0.429 0.147 0.0639999999999998 0.0670000000000002 20000 53 0.2 0 0.8 0.6
0.382087970323264 0.398675496688742 0.404761904761905 0.404761904761905 5 2 1 0.373 0.15 0.0649999999999999 0.0660000000000001 20000 53 0.46 1 0.8 0.6
0.399697199091597 0.393377483443709 0.399470899470899 0.399470899470899 7 2 1 0.49 0.147 0.0669999999999999 0.0640000000000001 20000 53 0.46 1 0.8 0.6
0.626391096979332 0.564238410596027 0.537037037037037 0.537037037037037 5 2 1 0.381 0.154 0.0669999999999999 0.0670000000000002 20000 53 0.2 0 0.8 0.6
0.562761506276151 0.409271523178808 0.423280423280423 0.423280423280423 19 2 1 1.364 0.153 0.0660000000000003 0.0659999999999998 20000 53 0.46 0 0.8 0.6
0.574298962243321 0.380132450331126 0.341269841269841 0.341269841269841 12 2 1 0.811 0.178 0.0630000000000002 0.0739999999999998 20000 53 0.2 1 0.8 0.6
0.617382087970323 0.570860927152318 0.523809523809524 0.523809523809524 5 2 1 0.375 0.152 0.0660000000000001 0.0660000000000001 20000 53 0.2 0 0.8 0.6
0.39780469341408 0.378807947019868 0.407407407407407 0.407407407407407 7 2 1 0.515 0.154 0.071 0.0669999999999999 20000 53 0.46 1 0.8 0.6
0.390286975717439 0.403973509933775 0.423280423280423 0.423280423280423 6 2 1 0.442 0.152 0.0660000000000001 0.069 20000 53 0.46 0 0.8 0.6
0.607064017660044 0.501986754966887 0.489417989417989 0.489417989417989 6 2 1 0.43 0.148 0.0649999999999999 0.0680000000000001 20000 53 0.2 1 0.8 0.6
0.383222958057395 0.427814569536424 0.457671957671958 0.457671957671958 6 2 1 0.451 0.155 0.0669999999999999 0.071 20000 53 0.46 0 0.8 0.6
0.384105960264901 0.406622516556291 0.402116402116402 0.402116402116402 6 2 1 0.446 0.151 0.0660000000000001 0.069 20000 53 0.46 1 0.8 0.6
0.574375473126419 0.368211920529801 0.354497354497354 0.354497354497354 14 2 1 0.954 0.159 0.0630000000000002 0.0649999999999999 20000 53 0.2 0 0.8 0.6
0.60219530658592 0.556291390728477 0.513227513227513 0.513227513227513 7 2 1 0.486 0.145 0.0660000000000001 0.0629999999999999 20000 53 0.44171890110681 0 0.8 0.6
0.562761506276151 0.402649006622517 0.391534391534392 0.391534391534392 19 2 1 0.904 0.099 0.044 0.0430000000000001 20000 53 0.46 0 0.8 0.6
0.586123825584197 0.427814569536424 0.362433862433862 0.362433862433862 11 2 1 0.732 0.174 0.0639999999999998 0.0620000000000003 20000 53 0.2 0 0.8 0.6
0.601483836777954 0.423841059602649 0.394179894179894 0.394179894179894 10 2 1 0.711 0.151 0.1 0.0669999999999997 20000 53 0.2 0 0.8 0.6
0.593759199293494 0.512582781456954 0.497354497354497 0.497354497354497 9 2 1 0.621 0.147 0.0640000000000001 0.0980000000000001 20000 53 0.27030691458659 0 0.8 0.6
0.583955673331727 0.410596026490066 0.362433862433862 0.362433862433862 11 2 1 0.739 0.178 0.069 0.069 20000 53 0.2 0 0.8 0.6
0.556034006845534 0.431788079470199 0.436507936507937 0.436507936507937 24 2 1 1.628 0.148 0.0640000000000001 0.0669999999999997 20000 53 0.46 1 0.8 0.6
0.559621451104101 0.377483443708609 0.367724867724868 0.367724867724868 21 2 1 1.259 0.123 0.056 0.0529999999999999 20000 53 0.374042969892663 1 0.8 0.6
0.589295177530472 0.451655629139073 0.404761904761905 0.404761904761905 10 2 1 0.683 0.148 0.093 0.0639999999999998 20000 53 0.2 0 0.8 0.6
0.573996971990916 0.390728476821192 0.343915343915344 0.343915343915344 14 2 1 0.838 0.123 0.0539999999999998 0.0540000000000003 20000 53 0.2 1 0.8 0.6
0.581143740340031 0.380132450331126 0.322751322751323 0.322751322751323 12 2 1 0.775 0.168 0.0589999999999999 0.0630000000000002 20000 53 0.2 0 0.8 0.6
0.56748753117207 0.376158940397351 0.35978835978836 0.35978835978836 17 2 1 0.789 0.0950000000000002 0.0409999999999999 0.0409999999999999 20000 53 0.277303818803603 0 0.8 0.6
0.571878105332892 0.36953642384106 0.375661375661376 0.375661375661376 16 2 1 1.053 0.148 0.0659999999999998 0.0640000000000001 20000 53 0.237351769392238 0 0.8 0.6
0.570747217806041 0.39205298013245 0.375661375661376 0.375661375661376 15 2 1 0.78 0.111 0.0489999999999999 0.05 20000 53 0.2 1 0.8 0.6
0.567643391521197 0.360264900662252 0.314814814814815 0.314814814814815 17 2 1 0.972 0.114 0.0489999999999999 0.0499999999999998 20000 53 0.2 0 0.8 0.6
0.570293017456359 0.384105960264901 0.341269841269841 0.341269841269841 17 2 1 1.138 0.143 0.0630000000000002 0.0619999999999998 20000 53 0.424470714064437 1 0.8 0.6
0.564698954806418 0.418543046357616 0.415343915343915 0.415343915343915 18 2 1 1.181 0.134 0.0569999999999999 0.0579999999999998 20000 53 0.46 1 0.8 0.6
0.560148383677795 0.4 0.420634920634921 0.420634920634921 20 2 1 1.084 0.114 0.0489999999999999 0.0510000000000002 20000 53 0.46 0 0.8 0.6
0.559883412824589 0.36953642384106 0.354497354497354 0.354497354497354 20 2 1 1.237 0.135 0.0630000000000002 0.0579999999999998 20000 53 0.447890010185675 1 0.8 0.6
0.55426267281106 0.364238410596026 0.335978835978836 0.335978835978836 23 2 1 1.167 0.119 0.056 0.0489999999999999 20000 53 0.2 0 0.8 0.6
0.558419657913756 0.390728476821192 0.37037037037037 0.37037037037037 22 2 1 1.006 0.0949999999999998 0.0410000000000004 0.0419999999999998 20000 53 0.46 1 0.8 0.6
