0.859375 0.859375 0.857142857142857 0.875 24 24 7 0.173 0.14 0.005 0.005 20000 2500 0.8 1 0.8 0.2
0.172413793103448 0.172413793103448 0.125 0.125 29 29 7 0.196 0.168 0.005 0.00600000000000001 20000 2500 0.2 1 0.8 0.2
0.782051282051282 0.782051282051282 0.821428571428571 0.75 39 39 7 0.249 0.216 0.00500000000000012 0.004 20000 2500 0.8 0 0.8 0.2
0.81640625 0.81640625 0.75 0.875 32 32 7 0.206 0.181 0.004 0.004 20000 2500 0.8 0 0.8 0.2
0.776162790697674 0.776162790697674 0.785714285714286 0.5 43 43 7 0.278 0.231 0.00499999999999989 0.00600000000000001 20000 2500 0.8 1 0.8 0.2
0.191176470588235 0.191176470588235 0.232142857142857 0.125 34 34 7 0.227 0.201 0.00499999999999989 0.00500000000000012 20000 2500 0.2 1 0.8 0.2
0.790540540540541 0.790540540540541 0.839285714285714 1 37 37 7 0.241 0.207 0.00500000000000012 0.00499999999999989 20000 2500 0.8 1 0.8 0.2
0.777439024390244 0.777439024390244 0.803571428571429 0.75 41 41 7 0.264 0.217 0.00499999999999989 0.00500000000000012 20000 2500 0.8 1 0.8 0.2
0.786184210526316 0.786184210526316 0.803571428571429 0.875 38 38 7 0.242 0.211 0.00499999999999989 0.00500000000000012 20000 2500 0.8 1 0.8 0.2
0.780487804878049 0.780487804878049 0.767857142857143 0.875 41 41 7 0.266 0.218 0.00500000000000012 0.00499999999999989 20000 2500 0.8 1 0.8 0.2
0.219512195121951 0.219512195121951 0.232142857142857 0 41 41 7 0.273 0.226 0.00499999999999989 0.00500000000000012 20000 2500 0.2 0 0.8 0.2
0.763586956521739 0.763586956521739 0.75 0.875 46 46 7 0.277 0.239 0.00499999999999989 0.00500000000000012 20000 2500 0.8 1 0.8 0.2
0.734913793103448 0.734913793103448 0.839285714285714 0.875 58 58 7 0.341 0.301 0.00900000000000012 0.00499999999999989 20000 2500 0.8 0 0.8 0.2
0.233333333333333 0.233333333333333 0.196428571428571 0.25 45 45 7 0.293 0.252 0.00600000000000001 0.00500000000000012 20000 2500 0.2 0 0.8 0.2
0.782051282051282 0.782051282051282 0.875 1 39 39 7 0.265 0.229 0.00600000000000001 0.00499999999999989 20000 2500 0.8 1 0.8 0.2
0.842592592592593 0.842592592592593 0.839285714285714 0.875 27 27 7 0.182 0.151 0.005 0.005 20000 2500 0.8 1 0.8 0.2
0.803571428571429 0.803571428571429 0.875 0.75 35 35 7 0.225 0.196 0.00499999999999989 0.00500000000000012 20000 2500 0.8 1 0.8 0.2
0.8125 0.8125 0.75 0.75 32 32 7 0.206 0.181 0.004 0.004 20000 2500 0.8 0 0.8 0.2
0.8 0.8 0.839285714285714 0.75 35 35 7 0.224 0.196 0.004 0.00400000000000011 20000 2500 0.8 1 0.8 0.2
0.790540540540541 0.790540540540541 0.785714285714286 0.5 37 37 7 0.232 0.204 0.00500000000000012 0.00499999999999989 20000 2500 0.8 1 0.8 0.2
0.705 0.696969696969697 0.678571428571429 0.625 75 66 7 0.432 0.333 0.00499999999999989 0.00900000000000012 20000 2500 0.8 0 0.8 0.2
0.18359375 0.18359375 0.214285714285714 0.125 32 32 7 0.212 0.187 0.005 0.005 20000 2500 0.2 0 0.8 0.2
0.686797752808989 0.695075757575758 0.75 0.875 89 66 7 0.496 0.333 0.00500000000000012 0.00499999999999989 20000 2500 0.8 0 0.8 0.2
0.738636363636364 0.738636363636364 0.732142857142857 0.75 55 55 7 0.331 0.287 0.00499999999999989 0.00500000000000012 20000 2500 0.8 1 0.8 0.2
0.344230769230769 0.335227272727273 0.303571428571429 0.25 130 66 7 0.699 0.338 0.00500000000000012 0.00499999999999989 20000 2500 0.284755277282403 1 0.8 0.2
0.773809523809524 0.773809523809524 0.857142857142857 1 42 42 7 0.259 0.216 0.00500000000000012 0.00499999999999989 20000 2500 0.8 1 0.8 0.2
0.344961240310078 0.333333333333333 0.303571428571429 0.375 129 66 7 0.699 0.34 0.00500000000000012 0.00499999999999989 20000 2500 0.239644795090993 0 0.8 0.2
0.668577981651376 0.691287878787879 0.660714285714286 0.5 109 66 7 0.604 0.339 0.00500000000000012 0.00499999999999989 20000 2500 0.735747518620318 1 0.8 0.2
0.335470085470085 0.329545454545455 0.267857142857143 0 117 66 7 0.644 0.344 0.00499999999999989 0.00500000000000012 20000 2500 0.235359970753173 0 0.8 0.2
0.651268115942029 0.653409090909091 0.732142857142857 0.875 138 66 7 0.734 0.337 0.00499999999999989 0.00500000000000012 20000 2500 0.74606726226872 1 0.8 0.2
0.345419847328244 0.357954545454545 0.446428571428571 0.375 131 66 7 0.724 0.348 0.00499999999999989 0.00500000000000012 20000 2500 0.46 0 0.8 0.2
0.375618811881188 0.412878787878788 0.428571428571429 0.375 202 66 7 1.107 0.353 0.00499999999999989 0.00499999999999989 20000 2500 0.46 1 0.8 0.2
0.310344827586207 0.301136363636364 0.25 0.125 87 66 7 0.495 0.341 0.00499999999999989 0.00499999999999989 20000 2500 0.223802115152539 0 0.8 0.2
0.362121212121212 0.420454545454545 0.589285714285714 0.75 165 66 7 0.865 0.338 0.00499999999999989 0.00500000000000012 20000 2500 0.46 0 0.8 0.2
0.663793103448276 0.628787878787879 0.571428571428571 0.5 116 66 7 0.617 0.331 0.00500000000000012 0.00499999999999989 20000 2500 0.489683429621728 0 0.8 0.2
0.339876033057851 0.350378787878788 0.535714285714286 0.5 121 66 7 0.663 0.338 0.00500000000000012 0.004 20000 2500 0.46 0 0.8 0.2
0.646551724137931 0.581439393939394 0.5 0.625 145 66 7 0.749 0.325 0.00499999999999989 0.00500000000000012 20000 2500 0.434005153609046 0 0.8 0.2
0.359276729559748 0.354166666666667 0.464285714285714 0.25 159 66 7 0.872 0.351 0.00600000000000001 0.00500000000000012 20000 2500 0.46 1 0.8 0.2
0.355960264900662 0.373106060606061 0.464285714285714 0.5 151 66 7 0.84 0.348 0.00500000000000012 0.00500000000000012 20000 2500 0.46 0 0.8 0.2
0.38412017167382 0.409090909090909 0.339285714285714 0.25 233 66 7 1.2 0.338 0.00500000000000034 0.00699999999999967 20000 2500 0.46 0 0.8 0.2
0.380681818181818 0.40719696969697 0.446428571428571 0.375 220 66 7 1.154 0.343 0.00499999999999989 0.00499999999999989 20000 2500 0.46 0 0.8 0.2
0.378571428571429 0.4375 0.357142857142857 0.25 210 66 7 1.112 0.345 0.00499999999999989 0.00499999999999989 20000 2500 0.46 0 0.8 0.2
0.392322097378277 0.486742424242424 0.5 0.25 267 66 7 1.364 0.358 0.00500000000000034 0.00499999999999989 20000 2500 0.46 0 0.8 0.2
0.366379310344828 0.420454545454545 0.607142857142857 0.625 174 66 7 0.951 0.346 0.00499999999999989 0.00500000000000012 20000 2500 0.46 1 0.8 0.2
0.375 0.433712121212121 0.410714285714286 0.5 201 66 7 1.037 0.328 0.00499999999999989 0.00500000000000012 20000 2500 0.46 0 0.8 0.2
0.391385767790262 0.492424242424242 0.464285714285714 0.75 267 66 7 1.379 0.364 0.00499999999999989 0.00499999999999989 20000 2500 0.46 1 0.8 0.2
0.389846743295019 0.450757575757576 0.428571428571429 0.375 261 66 7 1.346 0.363 0.00499999999999989 0.00499999999999989 20000 2500 0.46 0 0.8 0.2
0.390684410646388 0.414772727272727 0.339285714285714 0.625 263 66 7 1.358 0.362 0.00499999999999989 0.00499999999999989 20000 2500 0.46 1 0.8 0.2
0.387651821862348 0.420454545454545 0.392857142857143 0.5 247 66 7 1.312 0.371 0.00500000000000034 0.00499999999999989 20000 2500 0.46 0 0.8 0.2
0.389271653543307 0.435606060606061 0.589285714285714 0.875 254 66 7 1.329 0.363 0.00500000000000034 0.00499999999999989 20000 2500 0.46 0 0.8 0.2
0.376802884615385 0.397727272727273 0.482142857142857 0.25 208 66 7 1.095 0.344 0.00499999999999989 0.004 20000 2500 0.343623820465162 1 0.8 0.2
0.806818181818182 0.806818181818182 0.732142857142857 0.875 33 33 7 0.219 0.193 0.005 0.005 20000 2500 0.8 1 0.8 0.2
0.806818181818182 0.806818181818182 0.821428571428571 0.625 33 33 7 0.233 0.198 0.005 0.00500000000000012 20000 2500 0.8 0 0.8 0.2
0.384656652360515 0.352272727272727 0.375 0.625 233 66 7 1.238 0.358 0.00600000000000023 0.00499999999999989 20000 2500 0.46 0 0.8 0.2
0.602348993288591 0.551136363636364 0.5 0.375 298 66 7 1.509 0.36 0.00499999999999989 0.00499999999999989 20000 2500 0.479281425904116 1 0.8 0.2
0.373724489795918 0.40530303030303 0.392857142857143 0.75 196 66 7 1.093 0.358 0.00599999999999978 0.00499999999999989 20000 2500 0.46 1 0.8 0.2
0.181451612903226 0.181451612903226 0.178571428571429 0.25 31 31 7 0.234 0.385 0.0069999999999999 0.01 20000 2500 0.2 0 0.8 0.2
0.618834080717489 0.522727272727273 0.321428571428571 0.25 223 66 7 1.162 0.337 0.00499999999999989 0.00500000000000034 20000 2500 0.24395462616016 0 0.8 0.2
0.62037037037037 0.517045454545455 0.285714285714286 0.5 216 66 7 1.18 0.352 0.00500000000000034 0.00499999999999989 20000 2500 0.2 0 0.8 0.2
0.767045454545455 0.767045454545455 0.678571428571429 0.625 44 44 7 0.285 0.239 0.00499999999999989 0.00600000000000001 20000 2500 0.8 0 0.8 0.2
0.384159482758621 0.4375 0.482142857142857 0.5 232 66 7 1.213 0.35 0.00600000000000023 0.00499999999999989 20000 2500 0.46 1 0.8 0.2
0.38894422310757 0.429924242424242 0.428571428571429 0.375 251 66 7 1.278 0.341 0.00599999999999978 0.00600000000000023 20000 2500 0.46 1 0.8 0.2
0.789473684210526 0.789473684210526 0.714285714285714 0.875 38 38 7 0.251 0.218 0.00500000000000012 0.00500000000000012 20000 2500 0.8 1 0.8 0.2
0.385548523206751 0.40719696969697 0.446428571428571 0.625 237 66 7 1.238 0.354 0.00600000000000023 0.00599999999999978 20000 2500 0.46 0 0.8 0.2
0.766666666666667 0.766666666666667 0.803571428571429 0.625 45 45 7 0.298 0.253 0.00900000000000012 0.0069999999999999 20000 2500 0.8 1 0.8 0.2
0.793918918918919 0.793918918918919 0.803571428571429 0.625 37 37 7 0.249 0.213 0.00499999999999989 0.00500000000000012 20000 2500 0.8 1 0.8 0.2
0.385460251046025 0.460227272727273 0.446428571428571 0.5 239 66 7 1.357 0.366 0.00499999999999989 0.00500000000000034 20000 2500 0.46 0 0.8 0.2
0.818548387096774 0.818548387096774 0.767857142857143 0.75 31 31 7 0.22 0.187 0.00600000000000001 0.0089999999999999 20000 2500 0.8 1 0.8 0.2
0.827586206896552 0.827586206896552 0.875 1 29 29 7 0.207 0.176 0.00600000000000001 0.00600000000000001 20000 2500 0.8 1 0.8 0.2
0.795138888888889 0.795138888888889 0.767857142857143 0.625 36 36 7 0.248 0.212 0.00500000000000012 0.00499999999999989 20000 2500 0.8 1 0.8 0.2
0.793918918918919 0.793918918918919 0.75 0.75 37 37 7 0.248 0.217 0.00499999999999989 0.00500000000000012 20000 2500 0.8 1 0.8 0.2
0.790540540540541 0.790540540540541 0.767857142857143 1 37 37 7 0.243 0.212 0.00499999999999989 0.004 20000 2500 0.8 1 0.8 0.2
0.78525641025641 0.78525641025641 0.714285714285714 0.75 39 39 7 0.264 0.225 0.00500000000000012 0.00500000000000012 20000 2500 0.8 1 0.8 0.2
0.196428571428571 0.196428571428571 0.142857142857143 0.125 35 35 7 0.24 0.21 0.00600000000000001 0.00500000000000012 20000 2500 0.2 0 0.8 0.2
0.805147058823529 0.805147058823529 0.767857142857143 0.75 34 34 7 0.235 0.206 0.00499999999999989 0.00499999999999989 20000 2500 0.8 1 0.8 0.2
0.786184210526316 0.786184210526316 0.696428571428571 0.5 38 38 7 0.259 0.222 0.00499999999999989 0.00499999999999989 20000 2500 0.8 1 0.8 0.2
0.766666666666667 0.766666666666667 0.785714285714286 0.375 45 45 7 0.307 0.262 0.00499999999999989 0.00600000000000001 20000 2500 0.8 0 0.8 0.2
0.239130434782609 0.239130434782609 0.267857142857143 0.25 46 46 7 0.306 0.265 0.00600000000000001 0.00500000000000012 20000 2500 0.21378621987429 1 0.8 0.2
0.798611111111111 0.798611111111111 0.785714285714286 1 36 36 7 0.23 0.201 0.00500000000000012 0.00499999999999989 20000 2500 0.8 1 0.8 0.2
0.825 0.825 0.785714285714286 0.875 30 30 7 0.2 0.171 0.00600000000000001 0.00499999999999989 20000 2500 0.8 1 0.8 0.2
0.850961538461538 0.850961538461538 0.857142857142857 0.875 26 26 7 0.192 0.158 0.00600000000000001 0.00600000000000001 20000 2500 0.8 1 0.8 0.2
0.825 0.825 0.821428571428571 0.875 30 30 7 0.206 0.177 0.00600000000000001 0.00600000000000001 20000 2500 0.8 1 0.8 0.2
0.786184210526316 0.786184210526316 0.75 0.875 38 38 7 0.237 0.204 0.00499999999999989 0.004 20000 2500 0.8 1 0.8 0.2
0.839285714285714 0.839285714285714 0.857142857142857 0.875 28 28 7 0.2 0.169 0.00600000000000001 0.005 20000 2500 0.8 1 0.8 0.2
0.232954545454545 0.232954545454545 0.142857142857143 0 44 44 7 0.277 0.234 0.00499999999999989 0.00600000000000001 20000 2500 0.2 0 0.8 0.2
0.810606060606061 0.810606060606061 0.857142857142857 1 33 33 7 0.225 0.193 0.005 0.005 20000 2500 0.8 1 0.8 0.2
0.645134228187919 0.607954545454545 0.553571428571429 0.625 149 66 7 0.805 0.338 0.00499999999999989 0.00500000000000012 20000 2500 0.487242616949821 1 0.8 0.2
0.2 0.2 0.160714285714286 0.25 35 35 7 0.239 0.21 0.00499999999999989 0.00500000000000012 20000 2500 0.2 1 0.8 0.2
0.563805483028721 0.289772727272727 0.214285714285714 0.25 766 66 7 4.163 0.355 0.00600000000000023 0.00499999999999989 20000 2500 0.2 1 0.8 0.2
0.352112676056338 0.371212121212121 0.25 0 142 66 7 0.783 0.349 0.00499999999999989 0.00499999999999989 20000 2500 0.322448993662092 0 0.8 0.2
0.352272727272727 0.371212121212121 0.392857142857143 0.125 143 66 7 0.8 0.353 0.00500000000000012 0.00499999999999989 20000 2500 0.46 1 0.8 0.2
0.790540540540541 0.790540540540541 0.821428571428571 0.75 37 37 7 0.25 0.215 0.00500000000000012 0.00499999999999989 20000 2500 0.8 1 0.8 0.2
0.81640625 0.81640625 0.857142857142857 0.875 32 32 7 0.211 0.185 0.005 0.005 20000 2500 0.8 1 0.8 0.2
0.353741496598639 0.392045454545455 0.446428571428571 0.375 147 66 7 0.81 0.343 0.00600000000000001 0.00499999999999989 20000 2500 0.46 1 0.8 0.2
0.780487804878049 0.780487804878049 0.785714285714286 0.875 41 41 7 0.26 0.216 0.00499999999999989 0.00500000000000012 20000 2500 0.8 1 0.8 0.2
0.254807692307692 0.254807692307692 0.232142857142857 0.25 52 52 7 0.332 0.291 0.00499999999999989 0.00500000000000012 20000 2500 0.2 0 0.8 0.2
0.580805439330544 0.420454545454545 0.196428571428571 0.125 478 66 7 2.436 0.323 0.004 0.00499999999999989 20000 2500 0.2 1 0.8 0.2
0.363905325443787 0.365530303030303 0.410714285714286 0.125 169 66 7 0.914 0.346 0.00499999999999989 0.00500000000000012 20000 2500 0.46 1 0.8 0.2
0.362878787878788 0.388257575757576 0.410714285714286 0.5 165 66 7 0.913 0.354 0.00499999999999989 0.00500000000000012 20000 2500 0.46 0 0.8 0.2
0.367275280898876 0.367424242424242 0.392857142857143 0.25 178 66 7 0.981 0.351 0.00500000000000012 0.00499999999999989 20000 2500 0.362314057262541 1 0.8 0.2
0.3225 0.304924242424242 0.267857142857143 0.25 100 66 7 0.584 0.352 0.00499999999999989 0.00500000000000012 20000 2500 0.2 0 0.8 0.2
0.239130434782609 0.239130434782609 0.267857142857143 0.125 46 46 7 0.295 0.254 0.00499999999999989 0.00500000000000012 20000 2500 0.2 0 0.8 0.2
0.3203125 0.34469696969697 0.321428571428571 0.25 96 66 7 0.556 0.345 0.00499999999999989 0.00500000000000012 20000 2500 0.391420194050312 1 0.8 0.2
0.311797752808989 0.303030303030303 0.321428571428571 0.25 89 66 7 0.494 0.337 0.00500000000000012 0.004 20000 2500 0.46 1 0.8 0.2
0.373076923076923 0.40719696969697 0.428571428571429 0.625 195 66 7 1.064 0.348 0.00600000000000001 0.00500000000000012 20000 2500 0.46 0 0.8 0.2
0.372422680412371 0.388257575757576 0.410714285714286 0.625 194 66 7 1.088 0.358 0.00599999999999978 0.00499999999999989 20000 2500 0.46 0 0.8 0.2
0.846153846153846 0.846153846153846 0.785714285714286 0.625 26 26 7 0.193 0.163 0.00600000000000001 0.00600000000000001 20000 2500 0.8 1 0.8 0.2
0.834821428571429 0.834821428571429 0.767857142857143 0.75 28 28 7 0.2 0.175 0.00600000000000001 0.005 20000 2500 0.8 1 0.8 0.2
0.834821428571429 0.834821428571429 0.892857142857143 0.875 28 28 7 0.203 0.169 0.00600000000000001 0.00600000000000001 20000 2500 0.8 0 0.8 0.2
0.619292237442922 0.53030303030303 0.375 0.25 219 66 7 1.122 0.335 0.004 0.004 20000 2500 0.2 0 0.8 0.2
0.798611111111111 0.798611111111111 0.839285714285714 0.75 36 36 7 0.236 0.205 0.00500000000000012 0.00500000000000012 20000 2500 0.8 1 0.8 0.2
0.806818181818182 0.806818181818182 0.767857142857143 0.625 33 33 7 0.219 0.193 0.005 0.005 20000 2500 0.8 1 0.8 0.2
0.583425720620843 0.414772727272727 0.267857142857143 0.25 451 66 7 2.209 0.361 0.00500000000000034 0.00499999999999989 20000 2500 0.2 0 0.8 0.2
0.806818181818182 0.806818181818182 0.767857142857143 0.75 33 33 7 0.227 0.198 0.00499999999999989 0.00600000000000001 20000 2500 0.8 0 0.8 0.2
0.688920454545455 0.6875 0.696428571428571 0.875 88 66 7 0.503 0.341 0.00499999999999989 0.004 20000 2500 0.607805803836894 0 0.8 0.2
0.789473684210526 0.789473684210526 0.767857142857143 1 38 38 7 0.249 0.217 0.00499999999999989 0.00499999999999989 20000 2500 0.8 1 0.8 0.2
0.789473684210526 0.789473684210526 0.821428571428571 0.875 38 38 7 0.27 0.238 0.00600000000000001 0.00499999999999989 20000 2500 0.8 0 0.8 0.2
0.384081196581197 0.435606060606061 0.446428571428571 0.5 234 66 7 1.255 0.362 0.00500000000000034 0.00599999999999978 20000 2500 0.46 0 0.8 0.2
0.789473684210526 0.789473684210526 0.875 0.75 38 38 7 0.263 0.228 0.00500000000000012 0.00500000000000012 20000 2500 0.8 0 0.8 0.2
0.772727272727273 0.772727272727273 0.785714285714286 0.75 44 44 7 0.291 0.237 0.00500000000000012 0.00500000000000012 20000 2500 0.8 1 0.8 0.2
0.653409090909091 0.606060606060606 0.535714285714286 0.375 132 66 7 0.693 0.328 0.00499999999999989 0.004 20000 2500 0.367546430783904 0 0.8 0.2
0.638036809815951 0.628787878787879 0.589285714285714 0.5 163 66 7 0.863 0.335 0.00500000000000012 0.00499999999999989 20000 2500 0.735858705939059 1 0.8 0.2
0.382222222222222 0.40530303030303 0.464285714285714 0.5 225 66 7 1.175 0.336 0.00499999999999989 0.00500000000000034 20000 2500 0.46 0 0.8 0.2
0.360248447204969 0.346590909090909 0.392857142857143 0.125 161 66 7 0.899 0.359 0.00500000000000012 0.00499999999999989 20000 2500 0.46 1 0.8 0.2
0.635294117647059 0.598484848484849 0.464285714285714 0.75 170 66 7 0.911 0.344 0.00499999999999989 0.00500000000000012 20000 2500 0.543628349883109 0 0.8 0.2
0.388725490196078 0.420454545454545 0.517857142857143 0.625 255 66 7 1.34 0.362 0.00599999999999978 0.0110000000000001 20000 2500 0.46 1 0.8 0.2
0.35996835443038 0.346590909090909 0.303571428571429 0.25 158 66 7 0.876 0.35 0.00500000000000012 0.00499999999999989 20000 2500 0.262132324793205 0 0.8 0.2
0.39185393258427 0.490530303030303 0.553571428571429 0.25 267 66 7 1.435 0.377 0.00499999999999989 0.00500000000000034 20000 2500 0.46 1 0.8 0.2
0.367275280898876 0.388257575757576 0.357142857142857 0.25 178 66 7 0.978 0.35 0.00500000000000012 0.00499999999999989 20000 2500 0.46 1 0.8 0.2
0.363165680473373 0.395833333333333 0.446428571428571 0 169 66 7 0.953 0.361 0.00500000000000012 0.00600000000000001 20000 2500 0.46 0 0.8 0.2
0.370967741935484 0.375 0.464285714285714 0.25 186 66 7 1.005 0.347 0.00499999999999989 0.004 20000 2500 0.397751778713495 1 0.8 0.2
0.390384615384615 0.464015151515151 0.571428571428571 0.875 260 66 7 1.386 0.371 0.00500000000000034 0.00499999999999989 20000 2500 0.46 0 0.8 0.2
0.623798076923077 0.589015151515151 0.464285714285714 0.375 208 66 7 1.096 0.341 0.00500000000000034 0.00499999999999989 20000 2500 0.440873369898966 1 0.8 0.2
0.362951807228916 0.380681818181818 0.410714285714286 0.5 166 66 7 0.884 0.341 0.00499999999999989 0.004 20000 2500 0.417305892094148 0 0.8 0.2
0.364644970414201 0.356060606060606 0.357142857142857 0 169 66 7 0.921 0.349 0.00500000000000012 0.00500000000000012 20000 2500 0.46 1 0.8 0.2
0.68218085106383 0.668560606060606 0.642857142857143 0.375 94 66 7 0.53 0.331 0.00500000000000012 0.00499999999999989 20000 2500 0.753322390627233 1 0.8 0.2
0.369623655913978 0.380681818181818 0.392857142857143 0.625 186 66 7 1.016 0.352 0.00500000000000012 0.00500000000000012 20000 2500 0.46 0 0.8 0.2
0.317204301075269 0.306818181818182 0.357142857142857 0.5 93 66 7 0.555 0.358 0.00499999999999989 0.00600000000000001 20000 2500 0.2 0 0.8 0.2
0.378004807692308 0.426136363636364 0.339285714285714 0.625 208 66 7 1.141 0.358 0.00499999999999989 0.00499999999999989 20000 2500 0.46 1 0.8 0.2
0.678030303030303 0.664772727272727 0.571428571428571 0.875 99 66 7 0.569 0.335 0.00500000000000012 0.00499999999999989 20000 2500 0.725017124665696 0 0.8 0.2
0.37240932642487 0.445075757575758 0.642857142857143 0.625 193 66 7 1.051 0.353 0.00500000000000012 0.00600000000000001 20000 2500 0.46 1 0.8 0.2
0.68218085106383 0.691287878787879 0.821428571428571 1 94 66 7 0.538 0.332 0.00500000000000012 0.00499999999999989 20000 2500 0.799655038150457 0 0.8 0.2
0.381696428571429 0.450757575757576 0.517857142857143 0.125 224 66 7 1.206 0.346 0.00499999999999989 0.00800000000000001 20000 2500 0.46 0 0.8 0.2
0.370967741935484 0.392045454545455 0.571428571428571 0.5 186 66 7 0.995 0.346 0.00499999999999989 0.00500000000000012 20000 2500 0.46 1 0.8 0.2
0.385021097046414 0.414772727272727 0.357142857142857 0.25 237 66 7 1.247 0.35 0.00599999999999978 0.00600000000000023 20000 2500 0.46 0 0.8 0.2
0.385063559322034 0.445075757575758 0.5 0.625 236 66 7 1.25 0.348 0.00599999999999978 0.00600000000000023 20000 2500 0.46 1 0.8 0.2
0.337923728813559 0.352272727272727 0.428571428571429 0.5 118 66 7 0.666 0.353 0.00500000000000012 0.00500000000000012 20000 2500 0.388136160331305 0 0.8 0.2
0.34375 0.375 0.428571428571429 0.5 128 66 7 0.728 0.351 0.00900000000000012 0.00500000000000012 20000 2500 0.46 0 0.8 0.2
0.346804511278196 0.359848484848485 0.339285714285714 0.5 133 66 7 0.739 0.349 0.00499999999999989 0.00500000000000012 20000 2500 0.46 0 0.8 0.2
0.387244897959184 0.450757575757576 0.5 0.625 245 66 7 1.264 0.353 0.00600000000000023 0.00499999999999989 20000 2500 0.46 0 0.8 0.2
0.573350694444444 0.34280303030303 0.214285714285714 0.125 576 66 7 3.073 0.353 0.00499999999999989 0.00499999999999989 20000 2500 0.2 1 0.8 0.2
0.392463235294118 0.446969696969697 0.392857142857143 0.375 272 66 7 1.45 0.38 0.00499999999999989 0.00500000000000034 20000 2500 0.46 1 0.8 0.2
0.388052208835341 0.422348484848485 0.446428571428571 0.25 249 66 7 1.293 0.349 0.00599999999999978 0.00500000000000034 20000 2500 0.46 1 0.8 0.2
0.355704697986577 0.365530303030303 0.392857142857143 0.125 149 66 7 0.818 0.345 0.00499999999999989 0.00500000000000012 20000 2500 0.273368020503642 1 0.8 0.2
0.595289855072464 0.4375 0.232142857142857 0.375 345 66 7 1.846 0.354 0.00499999999999989 0.00600000000000023 20000 2500 0.2 0 0.8 0.2
0.357954545454545 0.397727272727273 0.464285714285714 0.5 154 66 7 0.854 0.352 0.00900000000000012 0.00600000000000001 20000 2500 0.46 1 0.8 0.2
0.387948207171315 0.426136363636364 0.285714285714286 0.375 251 66 7 1.355 0.376 0.00499999999999989 0.00499999999999989 20000 2500 0.46 0 0.8 0.2
0.373737373737374 0.40530303030303 0.553571428571429 0.625 198 66 7 1.092 0.356 0.00599999999999978 0.00499999999999989 20000 2500 0.46 0 0.8 0.2
0.392988929889299 0.479166666666667 0.446428571428571 0.5 271 66 7 1.44 0.371 0.00499999999999989 0.00499999999999989 20000 2500 0.46 1 0.8 0.2
0.358173076923077 0.397727272727273 0.410714285714286 0.25 156 66 7 0.886 0.36 0.00600000000000001 0.00500000000000012 20000 2500 0.46 0 0.8 0.2
0.600243506493506 0.528409090909091 0.482142857142857 0.625 308 66 7 1.562 0.359 0.004 0.004 20000 2500 0.228374826801366 1 0.8 0.2
0.631906077348066 0.547348484848485 0.446428571428571 0.75 181 66 7 0.943 0.333 0.00500000000000012 0.00499999999999989 20000 2500 0.449575922022476 1 0.8 0.2
0.59375 0.439393939393939 0.285714285714286 0.25 356 66 7 1.898 0.349 0.00499999999999989 0.0089999999999999 20000 2500 0.2 0 0.8 0.2
0.361024844720497 0.363636363636364 0.410714285714286 0.5 161 66 7 0.889 0.352 0.00499999999999989 0.00500000000000012 20000 2500 0.46 0 0.8 0.2
0.574778761061947 0.323863636363636 0.196428571428571 0.125 565 66 7 2.958 0.344 0.00499999999999989 0.00800000000000001 20000 2500 0.2 1 0.8 0.2
0.612399193548387 0.501893939393939 0.375 0.25 248 66 7 1.304 0.367 0.00599999999999978 0.00600000000000023 20000 2500 0.2 1 0.8 0.2
0.375621890547264 0.369318181818182 0.410714285714286 0.25 201 66 7 1.07 0.341 0.00499999999999989 0.00500000000000012 20000 2500 0.46 1 0.8 0.2
0.57166392092257 0.34469696969697 0.196428571428571 0.375 607 66 7 3.121 0.337 0.00499999999999989 0.00500000000000078 20000 2500 0.2 0 0.8 0.2
0.376219512195122 0.412878787878788 0.428571428571429 0.375 205 66 7 1.078 0.339 0.00800000000000001 0.00499999999999989 20000 2500 0.46 0 0.8 0.2
0.608552631578947 0.465909090909091 0.339285714285714 0.125 266 66 7 1.406 0.37 0.00500000000000034 0.00499999999999989 20000 2500 0.2 0 0.8 0.2
0.379672897196262 0.420454545454545 0.482142857142857 0.375 214 66 7 1.165 0.352 0.00499999999999989 0.00499999999999989 20000 2500 0.46 1 0.8 0.2
0.379088785046729 0.435606060606061 0.607142857142857 0.75 214 66 7 1.138 0.345 0.00499999999999989 0.00499999999999989 20000 2500 0.46 1 0.8 0.2
0.615840517241379 0.513257575757576 0.464285714285714 0.25 232 66 7 1.215 0.343 0.00700000000000012 0.00600000000000023 20000 2500 0.2 0 0.8 0.2
0.380630630630631 0.403409090909091 0.446428571428571 0.625 222 66 7 1.195 0.351 0.00599999999999978 0.00499999999999989 20000 2500 0.46 1 0.8 0.2
0.612449799196787 0.5 0.285714285714286 0.25 249 66 7 1.295 0.351 0.00600000000000023 0.00499999999999989 20000 2500 0.2 0 0.8 0.2
0.381696428571429 0.401515151515151 0.464285714285714 0.375 224 66 7 1.202 0.353 0.00600000000000023 0.00599999999999978 20000 2500 0.46 0 0.8 0.2
0.602815699658703 0.46969696969697 0.196428571428571 0.25 293 66 7 1.54 0.369 0.00499999999999989 0.00499999999999989 20000 2500 0.2 1 0.8 0.2
0.3859375 0.441287878787879 0.428571428571429 0.5 240 66 7 1.286 0.369 0.00600000000000023 0.00599999999999978 20000 2500 0.46 0 0.8 0.2
0.387295081967213 0.426136363636364 0.392857142857143 0.375 244 66 7 1.304 0.373 0.00499999999999989 0.00500000000000034 20000 2500 0.46 1 0.8 0.2
0.560928143712575 0.361742424242424 0.5 0.5 835 66 7 3.629 0.313 0.00499999999999989 0.00400000000000045 20000 2500 0.46 0 0.8 0.2
0.605193661971831 0.509469696969697 0.321428571428571 0.25 284 66 7 1.426 0.353 0.00499999999999989 0.00500000000000034 20000 2500 0.44171890110681 0 0.8 0.2
0.554907677356657 0.433712121212121 0.517857142857143 0.5 1029 66 7 5.339 0.34 0.00499999999999989 0.00500000000000078 20000 2500 0.46 1 0.8 0.2
0.57725527831094 0.365530303030303 0.267857142857143 0.375 521 66 7 2.717 0.347 0.00500000000000034 0.00499999999999989 20000 2500 0.2 0 0.8 0.2
0.585069444444444 0.393939393939394 0.160714285714286 0 432 66 7 2.287 0.392 0.00600000000000023 0.00800000000000001 20000 2500 0.2 0 0.8 0.2
0.579918032786885 0.34280303030303 0.232142857142857 0.25 488 66 7 2.593 0.352 0.00500000000000034 0.00499999999999989 20000 2500 0.2 0 0.8 0.2
0.587713936430318 0.488636363636364 0.428571428571429 0.375 409 66 7 2.031 0.366 0.004 0.004 20000 2500 0.27030691458659 0 0.8 0.2
0.558619733924612 0.371212121212121 0.410714285714286 0.5 902 66 7 4.372 0.317 0.00499999999999989 0.00399999999999956 20000 2500 0.374042969892663 1 0.8 0.2
0.583333333333333 0.388257575757576 0.25 0.125 453 66 7 2.338 0.389 0.004 0.00499999999999989 20000 2500 0.2 0 0.8 0.2
0.572259136212625 0.331439393939394 0.160714285714286 0.125 602 66 7 3.082 0.341 0.00500000000000034 0.00499999999999989 20000 2500 0.2 1 0.8 0.2
0.575227272727273 0.320075757575758 0.178571428571429 0.25 550 66 7 2.904 0.35 0.00499999999999989 0.00499999999999989 20000 2500 0.2 0 0.8 0.2
0.564247669773635 0.369318181818182 0.339285714285714 0.625 751 66 7 3.808 0.292 0.00399999999999956 0.00400000000000045 20000 2500 0.277303818803603 0 0.8 0.2
0.566822766570605 0.346590909090909 0.285714285714286 0.5 694 66 7 3.612 0.362 0.00499999999999989 0.00800000000000001 20000 2500 0.237351769392238 0 0.8 0.2
0.566919191919192 0.333333333333333 0.285714285714286 0.125 693 66 7 3.407 0.354 0.00499999999999989 0.00399999999999956 20000 2500 0.2 1 0.8 0.2
0.564952638700947 0.299242424242424 0.357142857142857 0.25 739 66 7 3.515 0.340000000000001 0.00499999999999989 0.00499999999999989 20000 2500 0.2 0 0.8 0.2
0.565033783783784 0.359848484848485 0.357142857142857 0.375 740 66 7 3.878 0.339 0.00499999999999989 0.00499999999999989 20000 2500 0.424470714064437 1 0.8 0.2
0.5625 0.397727272727273 0.589285714285714 0.5 798 66 7 3.981 0.319 0.00499999999999989 0.00400000000000045 20000 2500 0.46 1 0.8 0.2
0.559971098265896 0.363636363636364 0.392857142857143 0.5 865 66 7 4.202 0.319000000000001 0.00499999999999989 0.00499999999999989 20000 2500 0.447890010185675 1 0.8 0.2
0.558554817275748 0.397727272727273 0.446428571428571 0.375 903 66 7 4.096 0.302 0.00499999999999989 0.00399999999999956 20000 2500 0.46 0 0.8 0.2
0.557286166842661 0.348484848484849 0.303571428571429 0.125 947 66 7 4.179 0.305 0.00400000000000045 0.00399999999999956 20000 2500 0.2 0 0.8 0.2
0.556414807302231 0.373106060606061 0.339285714285714 0.25 986 66 7 4.76 0.332000000000001 0.00499999999999989 0.00399999999999956 20000 2500 0.46 1 0.8 0.2
