0.7592 0.7592 0.7592 0.7592 1 1 1 0.466 0.432 0.423 0.419 20000 8 0.8 1 0.8 0.8
0.7628 0.7628 0.7628 0.7628 1 1 1 0.456 0.422 0.413 0.412 20000 8 0.8 0 0.8 0.8
0.7556 0.7556 0.7556 0.7556 1 1 1 0.475 0.441 0.431 0.43 20000 8 0.8 0 0.8 0.8
0.736 0.736 0.736 0.736 1 1 1 0.48 0.444000000000001 0.438 0.432 20000 8 0.8 1 0.8 0.8
0.7208 0.7208 0.7208 0.7208 1 1 1 0.468 0.433 0.428 0.429 20000 8 0.8 1 0.8 0.8
0.7084 0.7084 0.7084 0.7084 1 1 1 0.474 0.441 0.429 0.428 20000 8 0.8 1 0.8 0.8
0.7364 0.7364 0.7364 0.7364 1 1 1 0.459 0.425000000000001 0.415 0.415 20000 8 0.8 1 0.8 0.8
0.7312 0.7312 0.7312 0.7312 1 1 1 0.471 0.438000000000001 0.428999999999999 0.427 20000 8 0.8 1 0.8 0.8
0.7592 0.7592 0.7592 0.7592 1 1 1 0.469 0.431 0.422 0.42 20000 8 0.8 1 0.8 0.8
0.6924 0.6924 0.6924 0.6924 1 1 1 0.479 0.439 0.435 0.429 20000 8 0.8 0 0.8 0.8
0.7628 0.7628 0.7628 0.7628 1 1 1 0.477 0.441 0.435 0.432 20000 8 0.8 1 0.8 0.8
0.7408 0.7408 0.7408 0.7408 1 1 1 0.461 0.423 0.409999999999999 0.41 20000 8 0.8 1 0.8 0.8
0.4908 0.4584 0.4584 0.4584 8 1 1 3.401 0.454 0.436 0.428000000000001 20000 8 0.2 1 0.8 0.8
0.7468 0.7468 0.7468 0.7468 1 1 1 0.458000000000001 0.423999999999999 0.414 0.416 20000 8 0.8 0 0.8 0.8
0.7592 0.7592 0.7592 0.7592 1 1 1 0.463 0.43 0.42 0.421 20000 8 0.8 1 0.8 0.8
0.7624 0.7624 0.7624 0.7624 1 1 1 0.466 0.432 0.427 0.428000000000001 20000 8 0.8 1 0.8 0.8
0.744 0.744 0.744 0.744 1 1 1 0.469 0.441 0.41 0.43 20000 8 0.8 1 0.8 0.8
0.7092 0.7092 0.7092 0.7092 1 1 1 0.459000000000001 0.424 0.415999999999999 0.416 20000 8 0.8 0 0.8 0.8
0.6728 0.6728 0.6728 0.6728 1 1 1 0.461 0.427 0.418 0.417 20000 8 0.8 0 0.8 0.8
0.742 0.742 0.742 0.742 1 1 1 0.47 0.432 0.424 0.420999999999999 20000 8 0.8 1 0.8 0.8
0.7256 0.7256 0.7256 0.7256 1 1 1 0.467 0.432 0.424 0.422000000000001 20000 8 0.8 1 0.8 0.8
0.6596 0.6596 0.6596 0.6596 1 1 1 0.479000000000001 0.443000000000001 0.433 0.429 20000 8 0.735747518620318 1 0.8 0.8
0.4877 0.496 0.496 0.496 8 1 1 3.412 0.454 0.433999999999999 0.435 20000 8 0.2 0 0.8 0.8
0.4914 0.446 0.446 0.446 8 1 1 3.463 0.467 0.45 0.442 20000 8 0.2 1 0.8 0.8
0.48565 0.4356 0.4356 0.4356 8 1 1 3.482 0.464 0.446 0.443 20000 8 0.2 0 0.8 0.8
0.6644 0.6644 0.6644 0.6644 1 1 1 0.468 0.432 0.422 0.421 20000 8 0.74606726226872 1 0.8 0.8
0.6656 0.6656 0.6656 0.6656 1 1 1 0.439 0.393 0.381 0.391 20000 8 0.489683429621728 0 0.8 0.8
0.4926 0.4256 0.4256 0.4256 8 1 1 3.424 0.452999999999999 0.417 0.415000000000001 20000 8 0.284755277282403 1 0.8 0.8
0.49505 0.4248 0.4248 0.4248 8 1 1 3.438 0.441 0.429 0.429 20000 8 0.235359970753173 0 0.8 0.8
0.682 0.682 0.682 0.682 1 1 1 0.43 0.428 0.394 0.397 20000 8 0.434005153609046 0 0.8 0.8
0.4839 0.5124 0.5124 0.5124 8 1 1 3.501 0.47 0.448 0.447999999999999 20000 8 0.2 0 0.8 0.8
0.49015 0.4304 0.4304 0.4304 8 1 1 3.478 0.452999999999999 0.445 0.445 20000 8 0.223802115152539 0 0.8 0.8
0.48665 0.4636 0.4636 0.4636 8 1 1 3.222 0.419 0.402 0.399 20000 8 0.239644795090993 0 0.8 0.8
0.7548 0.7548 0.7548 0.7548 1 1 1 0.462 0.427 0.416 0.415999999999999 20000 8 0.8 1 0.8 0.8
0.766 0.766 0.766 0.766 1 1 1 0.472 0.433 0.425 0.423 20000 8 0.8 0 0.8 0.8
0.7484 0.7484 0.7484 0.7484 1 1 1 0.463 0.428 0.418 0.416 20000 8 0.8 0 0.8 0.8
0.4851 0.438 0.438 0.438 8 1 1 2.784 0.366 0.335 0.343 20000 8 0.46 0 0.8 0.8
0.488 0.4188 0.4188 0.4188 8 1 1 3.129 0.398000000000001 0.411 0.387 20000 8 0.46 0 0.8 0.8
0.48845 0.4448 0.4448 0.4448 8 1 1 3.227 0.405 0.42 0.398 20000 8 0.46 1 0.8 0.8
0.7544 0.7544 0.7544 0.7544 1 1 1 0.469 0.433 0.436999999999999 0.422000000000001 20000 8 0.8 1 0.8 0.8
0.4876 0.4288 0.4288 0.4288 8 1 1 3.14 0.399999999999999 0.391 0.409000000000001 20000 8 0.46 0 0.8 0.8
0.7152 0.7152 0.7152 0.7152 1 1 1 0.479 0.443 0.434 0.43 20000 8 0.8 1 0.8 0.8
0.6964 0.6964 0.6964 0.6964 1 1 1 0.469 0.433 0.424 0.420999999999999 20000 8 0.8 1 0.8 0.8
0.4891 0.47 0.47 0.47 8 1 1 3.46 0.463 0.442000000000001 0.446999999999999 20000 8 0.46 1 0.8 0.8
0.6368 0.6368 0.6368 0.6368 1 1 1 0.463 0.427 0.417 0.417 20000 8 0.24395462616016 0 0.8 0.8
0.4877 0.4192 0.4192 0.4192 8 1 1 3.143 0.416 0.415 0.399999999999999 20000 8 0.46 0 0.8 0.8
0.49145 0.4264 0.4264 0.4264 8 1 1 3.467 0.464 0.443 0.444000000000001 20000 8 0.46 0 0.8 0.8
0.4871 0.4548 0.4548 0.4548 8 1 1 3.409 0.456 0.435 0.434999999999999 20000 8 0.46 0 0.8 0.8
0.6252 0.6252 0.6252 0.6252 1 1 1 0.491000000000001 0.446000000000001 0.441 0.438000000000001 20000 8 0.2 0 0.8 0.8
0.6124 0.6124 0.6124 0.6124 1 1 1 0.472 0.436 0.425000000000001 0.423 20000 8 0.479281425904116 1 0.8 0.8
0.4879 0.4344 0.4344 0.4344 8 1 1 3.382 0.454 0.431999999999999 0.431000000000001 20000 8 0.46 1 0.8 0.8
0.48095 0.4368 0.4368 0.4368 8 1 1 3.003 0.338 0.324 0.341 20000 8 0.46 0 0.8 0.8
0.7636 0.7636 0.7636 0.7636 1 1 1 0.475 0.438 0.430000000000001 0.428 20000 8 0.8 1 0.8 0.8
0.4817 0.4184 0.4184 0.4184 8 1 1 3.506 0.47 0.444000000000001 0.449999999999999 20000 8 0.46 0 0.8 0.8
0.7596 0.7596 0.7596 0.7596 1 1 1 0.471 0.436 0.428 0.425 20000 8 0.8 1 0.8 0.8
0.7692 0.7692 0.7692 0.7692 1 1 1 0.491 0.447 0.439 0.438 20000 8 0.8 1 0.8 0.8
0.7524 0.7524 0.7524 0.7524 1 1 1 0.484 0.448 0.44 0.437 20000 8 0.8 1 0.8 0.8
0.7012 0.7012 0.7012 0.7012 1 1 1 0.465 0.43 0.422 0.420000000000001 20000 8 0.8 1 0.8 0.8
0.48375 0.4352 0.4352 0.4352 8 1 1 3.556 0.461 0.45 0.455 20000 8 0.46 0 0.8 0.8
0.48785 0.4272 0.4272 0.4272 8 1 1 3.462 0.46 0.44 0.445 20000 8 0.343623820465162 1 0.8 0.8
0.7668 0.7668 0.7668 0.7668 1 1 1 0.466 0.433 0.422 0.42 20000 8 0.8 1 0.8 0.8
0.49005 0.4328 0.4328 0.4328 8 1 1 2.854 0.372 0.338 0.347 20000 8 0.46 0 0.8 0.8
0.7608 0.7608 0.7608 0.7608 1 1 1 0.482 0.444999999999999 0.436 0.435 20000 8 0.8 1 0.8 0.8
0.7544 0.7544 0.7544 0.7544 1 1 1 0.48 0.446 0.435 0.431 20000 8 0.8 1 0.8 0.8
0.48425 0.4612 0.4612 0.4612 8 1 1 3.533 0.462 0.449000000000001 0.449999999999999 20000 8 0.2 0 0.8 0.8
0.4875 0.4136 0.4136 0.4136 8 1 1 3.489 0.464 0.445 0.447000000000001 20000 8 0.46 1 0.8 0.8
0.7548 0.7548 0.7548 0.7548 1 1 1 0.481 0.445 0.434 0.431 20000 8 0.8 0 0.8 0.8
0.7276 0.7276 0.7276 0.7276 1 1 1 0.481 0.448 0.441000000000001 0.438000000000001 20000 8 0.8 1 0.8 0.8
0.762 0.762 0.762 0.762 1 1 1 0.469 0.435 0.426 0.426 20000 8 0.8 1 0.8 0.8
0.7712 0.7712 0.7712 0.7712 1 1 1 0.466 0.429 0.419 0.419 20000 8 0.8 1 0.8 0.8
0.4855 0.4236 0.4236 0.4236 8 1 1 3.372 0.457 0.431999999999999 0.428000000000001 20000 8 0.46 0 0.8 0.8
0.49425 0.4468 0.4468 0.4468 8 1 1 3.041 0.385 0.380000000000001 0.372999999999999 20000 8 0.46 1 0.8 0.8
0.7536 0.7536 0.7536 0.7536 1 1 1 0.476 0.437 0.428 0.427 20000 8 0.8 1 0.8 0.8
0.7068 0.7068 0.7068 0.7068 1 1 1 0.456 0.420999999999999 0.412 0.41 20000 8 0.8 1 0.8 0.8
0.48545 0.4392 0.4392 0.4392 8 1 1 3.552 0.461 0.448 0.453999999999999 20000 8 0.46 1 0.8 0.8
0.7196 0.7196 0.7196 0.7196 1 1 1 0.482 0.446000000000001 0.437 0.436000000000001 20000 8 0.8 1 0.8 0.8
0.7592 0.7592 0.7592 0.7592 1 1 1 0.467 0.433 0.424 0.423 20000 8 0.8 1 0.8 0.8
0.4899 0.4228 0.4228 0.4228 8 1 1 3.372 0.444 0.432 0.434999999999999 20000 8 0.46 0 0.8 0.8
0.487 0.4292 0.4292 0.4292 8 1 1 3.39 0.448 0.433000000000001 0.436999999999999 20000 8 0.46 1 0.8 0.8
0.764 0.764 0.764 0.764 1 1 1 0.466000000000001 0.431999999999999 0.421 0.418 20000 8 0.8 1 0.8 0.8
0.7352 0.7352 0.7352 0.7352 1 1 1 0.458 0.423 0.415 0.411 20000 8 0.8 1 0.8 0.8
0.7484 0.7484 0.7484 0.7484 1 1 1 0.469 0.439 0.431 0.423999999999999 20000 8 0.8 1 0.8 0.8
0.4873 0.4312 0.4312 0.4312 8 1 1 3.444 0.46 0.438000000000001 0.439 20000 8 0.2 0 0.8 0.8
0.6496 0.6496 0.6496 0.6496 1 1 1 0.473 0.438999999999999 0.428000000000001 0.427 20000 8 0.487242616949821 1 0.8 0.8
0.49375 0.4472 0.4472 0.4472 8 1 1 2.753 0.313 0.301 0.304 20000 8 0.46 1 0.8 0.8
0.48485 0.4524 0.4524 0.4524 8 1 1 3.317 0.409999999999999 0.379 0.377999999999999 20000 8 0.46 0 0.8 0.8
0.5908 0.5728 0.5728 0.5728 2 1 1 0.586 0.286 0.271 0.272 20000 8 0.2 1 0.8 0.8
0.4859 0.4388 0.4388 0.4388 8 1 1 3.529 0.466 0.452 0.452 20000 8 0.21378621987429 1 0.8 0.8
0.762 0.762 0.762 0.762 1 1 1 0.468 0.432 0.423 0.422 20000 8 0.8 1 0.8 0.8
0.7632 0.7632 0.7632 0.7632 1 1 1 0.484 0.45 0.436999999999999 0.44 20000 8 0.8 1 0.8 0.8
0.7544 0.7544 0.7544 0.7544 1 1 1 0.479 0.444 0.435 0.433 20000 8 0.8 0 0.8 0.8
0.48855 0.4244 0.4244 0.4244 8 1 1 3.388 0.457 0.438 0.43 20000 8 0.2 0 0.8 0.8
0.7304 0.7304 0.7304 0.7304 1 1 1 0.465 0.429 0.420999999999999 0.418 20000 8 0.8 1 0.8 0.8
0.7592 0.7592 0.7592 0.7592 1 1 1 0.465 0.428999999999999 0.422000000000001 0.418 20000 8 0.8 1 0.8 0.8
0.7428 0.7428 0.7428 0.7428 1 1 1 0.467 0.433 0.424 0.42 20000 8 0.8 0 0.8 0.8
0.7604 0.7604 0.7604 0.7604 1 1 1 0.469 0.433 0.422000000000001 0.419 20000 8 0.8 1 0.8 0.8
0.776 0.776 0.776 0.776 1 1 1 0.488 0.452999999999999 0.44 0.434 20000 8 0.8 0 0.8 0.8
0.748 0.748 0.748 0.748 1 1 1 0.476 0.44 0.427 0.423 20000 8 0.8 0 0.8 0.8
0.7484 0.7484 0.7484 0.7484 1 1 1 0.468 0.432 0.42 0.421 20000 8 0.8 1 0.8 0.8
0.6916 0.6916 0.6916 0.6916 1 1 1 0.464 0.427 0.421 0.419 20000 8 0.607805803836894 0 0.8 0.8
0.4899 0.4564 0.4564 0.4564 8 1 1 3.44 0.46 0.44 0.442 20000 8 0.2 1 0.8 0.8
0.4905 0.448 0.448 0.448 8 1 1 3.481 0.465 0.446000000000001 0.439 20000 8 0.46 0 0.8 0.8
0.4855 0.422 0.422 0.422 8 1 1 3.532 0.471 0.451000000000001 0.452999999999999 20000 8 0.2 0 0.8 0.8
0.6408 0.6408 0.6408 0.6408 1 1 1 0.453 0.417 0.409000000000001 0.407 20000 8 0.2 0 0.8 0.8
0.49555 0.4188 0.4188 0.4188 8 1 1 2.687 0.287 0.285 0.295 20000 8 0.46 1 0.8 0.8
0.48875 0.4584 0.4584 0.4584 8 1 1 3.368 0.446000000000001 0.420999999999999 0.428000000000001 20000 8 0.46 0 0.8 0.8
0.587 0.5608 0.5608 0.5608 2 1 1 0.638 0.316 0.299 0.311 20000 8 0.2 0 0.8 0.8
0.6716 0.6716 0.6716 0.6716 1 1 1 0.468 0.434 0.425 0.425 20000 8 0.367546430783904 0 0.8 0.8
0.6468 0.6468 0.6468 0.6468 1 1 1 0.459 0.423999999999999 0.415 0.414000000000001 20000 8 0.735858705939059 1 0.8 0.8
0.49055 0.4216 0.4216 0.4216 8 1 1 3.514 0.471 0.449999999999999 0.451000000000001 20000 8 0.2 0 0.8 0.8
0.4837 0.4112 0.4112 0.4112 8 1 1 3.389 0.457 0.434 0.436 20000 8 0.391420194050312 1 0.8 0.8
0.662 0.662 0.662 0.662 1 1 1 0.479 0.443 0.435 0.433 20000 8 0.543628349883109 0 0.8 0.8
0.48775 0.418 0.418 0.418 8 1 1 3.525 0.459 0.447000000000001 0.449 20000 8 0.362314057262541 1 0.8 0.8
0.4845 0.4172 0.4172 0.4172 8 1 1 3.437 0.458 0.437000000000001 0.439 20000 8 0.46 0 0.8 0.8
0.4842 0.4192 0.4192 0.4192 8 1 1 3.429 0.456 0.436 0.435 20000 8 0.322448993662092 0 0.8 0.8
0.4882 0.4384 0.4384 0.4384 8 1 1 3.353 0.448 0.431000000000001 0.43 20000 8 0.46 1 0.8 0.8
0.48625 0.4436 0.4436 0.4436 8 1 1 3.428 0.459000000000001 0.436 0.436999999999999 20000 8 0.46 1 0.8 0.8
0.688 0.688 0.688 0.688 1 1 1 0.454 0.421 0.411 0.411 20000 8 0.753322390627233 1 0.8 0.8
0.642 0.642 0.642 0.642 1 1 1 0.476 0.442 0.433 0.431 20000 8 0.440873369898966 1 0.8 0.8
0.6932 0.6932 0.6932 0.6932 1 1 1 0.463 0.429 0.421 0.419 20000 8 0.725017124665696 0 0.8 0.8
0.48705 0.446 0.446 0.446 8 1 1 3.429 0.459000000000001 0.436 0.435 20000 8 0.46 0 0.8 0.8
0.6544 0.6544 0.6544 0.6544 1 1 1 0.461 0.428999999999999 0.419 0.417 20000 8 0.799655038150457 0 0.8 0.8
0.4848 0.422 0.422 0.422 8 1 1 3.535 0.469 0.438 0.451000000000001 20000 8 0.46 0 0.8 0.8
0.4822 0.4284 0.4284 0.4284 8 1 1 3.378 0.443000000000001 0.430000000000001 0.42 20000 8 0.46 0 0.8 0.8
0.48765 0.4228 0.4228 0.4228 8 1 1 3.413 0.458 0.436000000000001 0.436 20000 8 0.46 1 0.8 0.8
0.4861 0.4868 0.4868 0.4868 8 1 1 3.513 0.465 0.434 0.428000000000001 20000 8 0.2 1 0.8 0.8
0.48765 0.4988 0.4988 0.4988 8 1 1 3.407 0.451 0.441 0.436 20000 8 0.2 0 0.8 0.8
0.48795 0.4488 0.4488 0.4488 8 1 1 3.506 0.459000000000001 0.446 0.447000000000001 20000 8 0.46 1 0.8 0.8
0.4902 0.4584 0.4584 0.4584 8 1 1 3.33 0.425 0.388 0.374999999999999 20000 8 0.46 1 0.8 0.8
0.48545 0.4428 0.4428 0.4428 8 1 1 3.538 0.465 0.448 0.446999999999999 20000 8 0.46 0 0.8 0.8
0.6564 0.6564 0.6564 0.6564 1 1 1 0.455 0.419 0.41 0.407999999999999 20000 8 0.449575922022476 1 0.8 0.8
0.571466666666667 0.5216 0.5216 0.5216 3 1 1 1.313 0.439 0.423 0.428999999999999 20000 8 0.2 0 0.8 0.8
0.495 0.424 0.424 0.424 8 1 1 3.34 0.441999999999999 0.416 0.41 20000 8 0.417305892094148 0 0.8 0.8
0.4858 0.414 0.414 0.414 8 1 1 3.512 0.467 0.447 0.445 20000 8 0.46 1 0.8 0.8
0.483 0.4072 0.4072 0.4072 8 1 1 3.388 0.452 0.432 0.433999999999999 20000 8 0.46 0 0.8 0.8
0.49265 0.4344 0.4344 0.4344 8 1 1 3.432 0.459 0.436 0.439 20000 8 0.262132324793205 0 0.8 0.8
0.49 0.4256 0.4256 0.4256 8 1 1 3.389 0.451000000000001 0.431 0.433999999999999 20000 8 0.46 0 0.8 0.8
0.487 0.4328 0.4328 0.4328 8 1 1 3.376 0.45 0.425000000000001 0.419 20000 8 0.46 1 0.8 0.8
0.49055 0.4332 0.4332 0.4332 8 1 1 3.382 0.451000000000001 0.433999999999999 0.430999999999999 20000 8 0.46 0 0.8 0.8
0.49015 0.4608 0.4608 0.4608 8 1 1 3.531 0.46 0.45 0.454000000000001 20000 8 0.46 0 0.8 0.8
0.612 0.612 0.612 0.612 1 1 1 0.457 0.422999999999999 0.414 0.415 20000 8 0.228374826801366 1 0.8 0.8
0.49215 0.43 0.43 0.43 8 1 1 3.387 0.453 0.432999999999999 0.435 20000 8 0.46 1 0.8 0.8
0.488 0.4332 0.4332 0.4332 8 1 1 3.363 0.451 0.430999999999999 0.434000000000001 20000 8 0.397751778713495 1 0.8 0.8
0.6368 0.6368 0.6368 0.6368 1 1 1 0.455000000000001 0.423999999999999 0.41 0.413 20000 8 0.2 1 0.8 0.8
0.6128 0.5968 0.5968 0.5968 2 1 1 0.883 0.431 0.42 0.409000000000001 20000 8 0.2 0 0.8 0.8
0.4856 0.4224 0.4224 0.4224 8 1 1 3.501 0.452 0.445 0.436999999999999 20000 8 0.46 1 0.8 0.8
0.561066666666667 0.4928 0.4928 0.4928 3 1 1 1.278 0.428 0.414 0.417 20000 8 0.46 0 0.8 0.8
0.4897 0.444 0.444 0.444 8 1 1 3.394 0.454 0.434 0.437999999999999 20000 8 0.388136160331305 0 0.8 0.8
0.4904 0.4408 0.4408 0.4408 8 1 1 3.388 0.456 0.429 0.429 20000 8 0.46 1 0.8 0.8
0.4877 0.4304 0.4304 0.4304 8 1 1 3.278 0.448 0.4 0.409 20000 8 0.46 0 0.8 0.8
0.5884 0.578 0.578 0.578 2 1 1 0.883999999999999 0.441000000000001 0.423999999999999 0.398000000000001 20000 8 0.2 0 0.8 0.8
0.4872 0.4328 0.4328 0.4328 8 1 1 3.454 0.457000000000001 0.427999999999999 0.412000000000001 20000 8 0.46 0 0.8 0.8
0.6236 0.6236 0.6236 0.6236 1 1 1 0.461 0.419 0.412 0.415 20000 8 0.2 0 0.8 0.8
0.573333333333333 0.5168 0.5168 0.5168 3 1 1 1.233 0.418 0.403 0.409 20000 8 0.2 1 0.8 0.8
0.6184 0.6184 0.6184 0.6184 1 1 1 0.476 0.441 0.43 0.428 20000 8 0.2 0 0.8 0.8
0.5722 0.5384 0.5384 0.5384 2 1 1 0.668 0.347 0.316 0.311 20000 8 0.2 1 0.8 0.8
0.48815 0.4464 0.4464 0.4464 8 1 1 3.363 0.447 0.426000000000001 0.427999999999999 20000 8 0.273368020503642 1 0.8 0.8
0.614 0.614 0.614 0.614 1 1 1 0.472 0.436 0.426 0.427 20000 8 0.2 0 0.8 0.8
0.4875 0.4288 0.4288 0.4288 8 1 1 3.364 0.429 0.394000000000001 0.402999999999999 20000 8 0.46 1 0.8 0.8
0.6196 0.6196 0.6196 0.6196 1 1 1 0.454 0.415 0.398 0.399 20000 8 0.2 1 0.8 0.8
0.48155 0.4508 0.4508 0.4508 8 1 1 3.374 0.452 0.429 0.42 20000 8 0.46 0 0.8 0.8
0.4922 0.4444 0.4444 0.4444 8 1 1 3.501 0.467 0.446 0.447000000000001 20000 8 0.46 0 0.8 0.8
0.49165 0.4268 0.4268 0.4268 8 1 1 3.389 0.456 0.423000000000001 0.424999999999999 20000 8 0.46 1 0.8 0.8
0.48675 0.4276 0.4276 0.4276 8 1 1 3.343 0.447 0.412999999999999 0.426 20000 8 0.46 0 0.8 0.8
0.568 0.5312 0.5312 0.5312 3 1 1 0.897 0.297 0.27 0.27 20000 8 0.2 0 0.8 0.8
0.49445 0.436 0.436 0.436 8 1 1 3.23 0.407 0.411 0.388999999999999 20000 8 0.46 1 0.8 0.8
0.48425 0.4568 0.4568 0.4568 8 1 1 3.145 0.41 0.391 0.385000000000001 20000 8 0.46 1 0.8 0.8
0.4888 0.4608 0.4608 0.4608 8 1 1 3.383 0.45 0.431999999999999 0.433 20000 8 0.46 1 0.8 0.8
0.4891 0.4548 0.4548 0.4548 8 1 1 3.36 0.441999999999999 0.425 0.43 20000 8 0.46 1 0.8 0.8
0.4924 0.4324 0.4324 0.4324 8 1 1 3.403 0.438 0.425000000000001 0.415999999999999 20000 8 0.46 0 0.8 0.8
0.6058 0.594 0.594 0.594 2 1 1 0.844 0.405 0.396000000000001 0.38 20000 8 0.44171890110681 0 0.8 0.8
0.49175 0.45 0.45 0.45 8 1 1 3.447 0.455 0.441999999999999 0.449 20000 8 0.46 1 0.8 0.8
0.49025 0.4476 0.4476 0.4476 8 1 1 3.375 0.456 0.428999999999999 0.430999999999999 20000 8 0.46 0 0.8 0.8
0.486 0.4308 0.4308 0.4308 8 1 1 3.523 0.462999999999999 0.448000000000001 0.453999999999999 20000 8 0.46 1 0.8 0.8
0.49 0.4768 0.4768 0.4768 8 1 1 3.327 0.455 0.411999999999999 0.408999999999999 20000 8 0.46 0 0.8 0.8
0.48995 0.4344 0.4344 0.4344 8 1 1 3.552 0.468 0.448 0.441000000000001 20000 8 0.46 0 0.8 0.8
0.4857 0.4784 0.4784 0.4784 8 1 1 2.341 0.298 0.288 0.288 20000 8 0.46 0 0.8 0.8
0.4893 0.436 0.436 0.436 8 1 1 3.167 0.393 0.362 0.365 20000 8 0.46 1 0.8 0.8
0.48555 0.4364 0.4364 0.4364 8 1 1 3.359 0.423999999999999 0.391000000000001 0.352 20000 8 0.46 1 0.8 0.8
0.5802 0.5636 0.5636 0.5636 2 1 1 0.661 0.304 0.298 0.295999999999999 20000 8 0.2 0 0.8 0.8
0.49305 0.4348 0.4348 0.4348 8 1 1 3.469 0.451 0.413000000000001 0.417 20000 8 0.46 0 0.8 0.8
0.48895 0.456 0.456 0.456 8 1 1 3.444 0.435 0.405000000000001 0.411999999999999 20000 8 0.46 1 0.8 0.8
0.6012 0.5728 0.5728 0.5728 2 1 1 0.791 0.390000000000001 0.377999999999999 0.384 20000 8 0.2 0 0.8 0.8
0.5952 0.5812 0.5812 0.5812 2 1 1 0.786999999999999 0.401000000000001 0.353 0.349 20000 8 0.27030691458659 0 0.8 0.8
0.58 0.5556 0.5556 0.5556 2 1 1 0.827 0.407999999999999 0.401 0.421 20000 8 0.2 0 0.8 0.8
0.595 0.5752 0.5752 0.5752 2 1 1 0.614 0.305 0.289 0.29 20000 8 0.2 0 0.8 0.8
0.49895 0.4588 0.4588 0.4588 8 1 1 2.429 0.298999999999999 0.27 0.27 20000 8 0.46 1 0.8 0.8
0.48745 0.4676 0.4676 0.4676 8 1 1 2.679 0.329 0.328 0.303999999999999 20000 8 0.374042969892663 1 0.8 0.8
0.576 0.542 0.542 0.542 2 1 1 0.681999999999999 0.36 0.319999999999999 0.322 20000 8 0.2 0 0.8 0.8
0.567466666666667 0.5228 0.5228 0.5228 3 1 1 1.159 0.39 0.364 0.367 20000 8 0.2 1 0.8 0.8
0.560533333333333 0.4864 0.4864 0.4864 3 1 1 0.859 0.281 0.27 0.27 20000 8 0.277303818803603 0 0.8 0.8
0.566533333333333 0.5076 0.5076 0.5076 3 1 1 0.852 0.282 0.285 0.271 20000 8 0.2 1 0.8 0.8
0.5636 0.4944 0.4944 0.4944 3 1 1 1.211 0.405 0.383 0.387 20000 8 0.237351769392238 0 0.8 0.8
0.48485 0.5024 0.5024 0.5024 8 1 1 2.352 0.298999999999999 0.29 0.289000000000001 20000 8 0.2 0 0.8 0.8
0.559333333333333 0.4972 0.4972 0.4972 3 1 1 1.15 0.381 0.368 0.361 20000 8 0.424470714064437 1 0.8 0.8
0.5537 0.4828 0.4828 0.4828 4 1 1 1.384 0.306 0.290999999999999 0.288 20000 8 0.46 1 0.8 0.8
0.49175 0.4704 0.4704 0.4704 8 1 1 2.548 0.334 0.329000000000001 0.326 20000 8 0.46 0 0.8 0.8
0.4848 0.472 0.472 0.472 8 1 1 2.209 0.281 0.273000000000001 0.271 20000 8 0.447890010185675 1 0.8 0.8
0.48565 0.4864 0.4864 0.4864 8 1 1 2.37 0.282 0.272 0.271 20000 8 0.2 0 0.8 0.8
0.48785 0.4672 0.4672 0.4672 8 1 1 2.222 0.282 0.275 0.271999999999999 20000 8 0.46 1 0.8 0.8
