0.836065573770492 0.836065573770492 0.797619047619048 0.75 61 61 21 0.796 0.771 0.012 0.012 60000 15000 0.8 1 0.8 0.1
0.844827586206897 0.844827586206897 0.845238095238095 0.75 58 58 21 0.895 0.868 0.0140000000000002 0.0179999999999998 60000 15000 0.8 1 0.8 0.1
0.844827586206897 0.844827586206897 0.892857142857143 0.75 58 58 21 0.883 0.856 0.0139999999999998 0.0170000000000003 60000 15000 0.8 1 0.8 0.1
0.8125 0.8125 0.773809523809524 0.75 72 72 21 0.95 0.99 0.012 0.012 60000 15000 0.8 1 0.8 0.1
0.201923076923077 0.201923076923077 0.166666666666667 0 78 78 21 1.088 1.122 0.012 0.016 60000 15000 0.2 0 0.8 0.1
0.79320987654321 0.79320987654321 0.726190476190476 1 81 81 21 1.087 1.064 0.012 0.0110000000000001 60000 15000 0.8 1 0.8 0.1
0.814285714285714 0.814285714285714 0.797619047619048 1 70 70 21 1.094 1.12 0.0150000000000001 0.0179999999999998 60000 15000 0.8 1 0.8 0.1
0.191780821917808 0.191780821917808 0.19047619047619 0.25 73 73 21 1.174 1.214 0.0150000000000001 0.0150000000000001 60000 15000 0.2 0 0.8 0.1
0.803333333333333 0.803333333333333 0.726190476190476 1 75 75 21 1.127 1.165 0.0139999999999998 0.0140000000000002 60000 15000 0.8 0 0.8 0.1
0.82089552238806 0.82089552238806 0.857142857142857 0.75 67 67 21 0.846 0.871 0.0110000000000001 0.0110000000000001 60000 15000 0.8 1 0.8 0.1
0.214705882352941 0.214705882352941 0.178571428571429 0.25 85 85 21 1.383 1.357 0.0149999999999997 0.0150000000000001 60000 15000 0.2 0 0.8 0.1
0.802631578947368 0.802631578947368 0.797619047619048 0.5 76 76 21 0.991 1.018 0.012 0.0110000000000001 60000 15000 0.8 1 0.8 0.1
0.788235294117647 0.788235294117647 0.80952380952381 0.75 85 85 21 1.3 1.276 0.0150000000000001 0.0139999999999998 60000 15000 0.8 1 0.8 0.1
0.781609195402299 0.781609195402299 0.75 0.5 87 87 21 1.264 1.247 0.0139999999999998 0.0130000000000003 60000 15000 0.8 1 0.8 0.1
0.778089887640449 0.778089887640449 0.714285714285714 1 89 89 21 1.134 1.115 0.0119999999999996 0.0110000000000001 60000 15000 0.8 1 0.8 0.1
0.777472527472527 0.777472527472527 0.726190476190476 0.75 91 91 21 1.419 1.405 0.0139999999999998 0.0150000000000001 60000 15000 0.8 0 0.8 0.1
0.762254901960784 0.762254901960784 0.726190476190476 0.5 102 102 21 1.37 1.353 0.0150000000000001 0.012 60000 15000 0.8 1 0.8 0.1
0.22554347826087 0.22554347826087 0.202380952380952 0 92 92 21 1.316 1.324 0.0129999999999999 0.0140000000000002 60000 15000 0.2 0 0.8 0.1
0.254385964912281 0.254385964912281 0.261904761904762 0.25 114 114 21 1.49 1.443 0.0110000000000001 0.0110000000000001 60000 15000 0.2 0 0.8 0.1
0.807432432432432 0.807432432432432 0.761904761904762 1 74 74 21 0.975 0.988 0.0150000000000001 0.012 60000 15000 0.8 1 0.8 0.1
0.181159420289855 0.181159420289855 0.166666666666667 0.25 69 69 21 0.95 0.974 0.0129999999999999 0.012 60000 15000 0.2 0 0.8 0.1
0.806666666666667 0.806666666666667 0.797619047619048 0.75 75 75 21 0.981 0.982 0.012 0.0109999999999997 60000 15000 0.8 1 0.8 0.1
0.759803921568627 0.759803921568627 0.761904761904762 0.75 102 102 21 1.355 1.353 0.016 0.0129999999999999 60000 15000 0.8 1 0.8 0.1
0.734251968503937 0.734251968503937 0.773809523809524 0.75 127 127 21 1.905 1.788 0.0129999999999999 0.016 60000 15000 0.8 0 0.8 0.1
0.780898876404494 0.780898876404494 0.738095238095238 1 89 89 21 1.154 1.182 0.0109999999999997 0.0109999999999997 60000 15000 0.8 0 0.8 0.1
0.22554347826087 0.22554347826087 0.214285714285714 0.25 92 92 21 1.284 1.265 0.0130000000000003 0.0129999999999999 60000 15000 0.2 0 0.8 0.1
0.828125 0.828125 0.869047619047619 0.75 64 64 21 1.033 1.045 0.0150000000000001 0.0149999999999997 60000 15000 0.8 1 0.8 0.1
0.825757575757576 0.825757575757576 0.833333333333333 1 66 66 21 1.05 1.059 0.0190000000000001 0.0140000000000002 60000 15000 0.8 0 0.8 0.1
0.158333333333333 0.158333333333333 0.166666666666667 0.75 60 60 21 1.043 1.001 0.016 0.016 60000 15000 0.2 0 0.8 0.1
0.811643835616438 0.811643835616438 0.738095238095238 1 73 73 21 1.141 1.167 0.0140000000000002 0.0150000000000001 60000 15000 0.8 1 0.8 0.1
0.792682926829268 0.792682926829268 0.69047619047619 1 82 82 21 1.252 1.269 0.0139999999999998 0.0169999999999999 60000 15000 0.8 1 0.8 0.1
0.818840579710145 0.818840579710145 0.845238095238095 0.75 69 69 21 0.783 0.803 0.0110000000000001 0.0100000000000002 60000 15000 0.8 1 0.8 0.1
0.796875 0.796875 0.797619047619048 0.75 80 80 21 1.264 1.269 0.0150000000000001 0.0139999999999998 60000 15000 0.8 1 0.8 0.1
0.348333333333333 0.346666666666667 0.333333333333333 0 300 225 21 3.925 2.823 0.0119999999999996 0.0179999999999998 60000 15000 0.314270306736631 0 0.8 0.1
0.777173913043478 0.777173913043478 0.80952380952381 1 92 92 21 1.445 1.401 0.0150000000000001 0.0139999999999998 60000 15000 0.8 1 0.8 0.1
0.767857142857143 0.767857142857143 0.797619047619048 1 98 98 21 1.529 1.485 0.0149999999999997 0.0140000000000002 60000 15000 0.8 1 0.8 0.1
0.825757575757576 0.825757575757576 0.845238095238095 0.5 66 66 21 1.033 1.05 0.02 0.0140000000000002 60000 15000 0.8 1 0.8 0.1
0.824626865671642 0.824626865671642 0.797619047619048 0.75 67 67 21 1.069 1.084 0.0149999999999997 0.0140000000000002 60000 15000 0.8 1 0.8 0.1
0.808219178082192 0.808219178082192 0.80952380952381 0.5 73 73 21 1.146 1.162 0.0139999999999998 0.0140000000000002 60000 15000 0.8 1 0.8 0.1
0.1875 0.1875 0.178571428571429 0.25 72 72 21 1.228 1.253 0.0150000000000001 0.0150000000000001 60000 15000 0.2 0 0.8 0.1
0.357771260997067 0.358888888888889 0.404761904761905 0.5 341 225 21 4.133 2.676 0.0110000000000001 0.0119999999999996 60000 15000 0.317173584673759 1 0.8 0.1
0.201923076923077 0.201923076923077 0.19047619047619 0 78 78 21 1.368 1.351 0.016 0.02 60000 15000 0.2 0 0.8 0.1
0.196666666666667 0.196666666666667 0.238095238095238 0 75 75 21 1.277 1.307 0.016 0.016 60000 15000 0.2 0 0.8 0.1
0.245283018867925 0.245283018867925 0.214285714285714 0 106 106 21 1.802 1.785 0.016 0.016 60000 15000 0.2 0 0.8 0.1
0.647943037974684 0.643333333333333 0.678571428571429 0.75 316 225 21 4.527 3.116 0.0129999999999999 0.0129999999999999 60000 15000 0.566627995095156 1 0.8 0.1
0.203125 0.203125 0.25 0.5 80 80 21 1.377 1.353 0.016 0.016 60000 15000 0.2 0 0.8 0.1
0.79320987654321 0.79320987654321 0.80952380952381 0.75 81 81 21 1.281 1.283 0.0139999999999998 0.0150000000000001 60000 15000 0.8 1 0.8 0.1
0.780898876404494 0.780898876404494 0.738095238095238 0.75 89 89 21 1.41 1.38 0.0139999999999998 0.0140000000000002 60000 15000 0.8 1 0.8 0.1
0.777472527472527 0.777472527472527 0.80952380952381 0.75 91 91 21 1.446 1.411 0.0150000000000001 0.0149999999999997 60000 15000 0.8 0 0.8 0.1
0.355740181268882 0.356666666666667 0.285714285714286 0.5 331 225 21 4.981 3.257 0.0169999999999995 0.0140000000000011 60000 15000 0.323408826970777 0 0.8 0.1
0.789156626506024 0.789156626506024 0.773809523809524 0.75 83 83 21 1.411 1.381 0.0150000000000001 0.0150000000000001 60000 15000 0.8 1 0.8 0.1
0.357352941176471 0.362222222222222 0.44047619047619 0.75 340 225 21 5.026 3.238 0.0140000000000011 0.0139999999999993 60000 15000 0.438780674247426 0 0.8 0.1
0.78125 0.78125 0.892857142857143 1 88 88 21 1.496 1.457 0.0150000000000001 0.0150000000000001 60000 15000 0.8 1 0.8 0.1
0.367721518987342 0.396666666666667 0.464285714285714 0.25 395 225 21 4.638 2.629 0.0120000000000005 0.011000000000001 60000 15000 0.46 0 0.8 0.1
0.234848484848485 0.234848484848485 0.202380952380952 0.25 99 99 21 1.64 1.612 0.016 0.0149999999999997 60000 15000 0.2 0 0.8 0.1
0.63115763546798 0.613333333333333 0.619047619047619 0.75 406 225 21 5.138 2.833 0.0119999999999987 0.0120000000000005 60000 15000 0.649149243443338 0 0.8 0.1
0.282534246575342 0.282534246575342 0.202380952380952 0 146 146 21 2.388 2.288 0.0149999999999997 0.0140000000000002 60000 15000 0.2 0 0.8 0.1
0.35828488372093 0.372222222222222 0.452380952380952 0.25 344 225 21 5.036 3.215 0.0139999999999993 0.0140000000000011 60000 15000 0.46 1 0.8 0.1
0.642751479289941 0.614444444444444 0.607142857142857 0.5 338 225 21 5.063 3.304 0.0150000000000006 0.0139999999999993 60000 15000 0.658790890755734 1 0.8 0.1
0.369512195121951 0.363333333333333 0.380952380952381 0.5 410 225 21 5.099 2.774 0.0120000000000005 0.0120000000000005 60000 15000 0.389744402610171 1 0.8 0.1
0.264112903225806 0.264112903225806 0.142857142857143 0 124 124 21 2.024 1.98 0.0149999999999997 0.016 60000 15000 0.2 1 0.8 0.1
0.366966580976864 0.378888888888889 0.345238095238095 0.25 389 225 21 5.693 3.282 0.0139999999999993 0.0140000000000011 60000 15000 0.388906720234226 0 0.8 0.1
0.737903225806452 0.737903225806452 0.773809523809524 1 124 124 21 1.924 1.884 0.0140000000000002 0.0149999999999997 60000 15000 0.8 0 0.8 0.1
0.378723404255319 0.408888888888889 0.452380952380952 0.5 470 225 21 5.661 2.708 0.0140000000000011 0.0109999999999992 60000 15000 0.46 1 0.8 0.1
0.37202380952381 0.381111111111111 0.345238095238095 0.5 420 225 21 6.149 3.283 0.0139999999999993 0.0140000000000011 60000 15000 0.46 0 0.8 0.1
0.37991718426501 0.402222222222222 0.380952380952381 0.5 483 225 21 6.002 2.755 0.0150000000000006 0.0120000000000005 60000 15000 0.46 0 0.8 0.1
0.380681818181818 0.415555555555556 0.5 0.75 484 225 21 5.685 2.638 0.0119999999999987 0.011000000000001 60000 15000 0.46 0 0.8 0.1
0.375 0.387777777777778 0.452380952380952 0.5 442 225 21 6.254 3.147 0.0129999999999999 0.0140000000000011 60000 15000 0.46 1 0.8 0.1
0.385849056603774 0.395555555555556 0.428571428571429 0.75 530 225 21 6.364 2.672 0.011000000000001 0.0119999999999987 60000 15000 0.46 0 0.8 0.1
0.36977886977887 0.387777777777778 0.523809523809524 0.75 407 225 21 6.256 3.454 0.0149999999999988 0.0150000000000006 60000 15000 0.46 0 0.8 0.1
0.381390593047035 0.398888888888889 0.44047619047619 0.75 489 225 21 5.871 2.683 0.0149999999999988 0.011000000000001 60000 15000 0.46 0 0.8 0.1
0.307486631016043 0.307486631016043 0.297619047619048 0.5 187 187 21 2.93 2.868 0.0149999999999997 0.0149999999999997 60000 15000 0.2 0 0.8 0.1
0.387773722627737 0.432222222222222 0.428571428571429 0.75 548 225 21 6.593 2.666 0.0120000000000005 0.0119999999999987 60000 15000 0.46 1 0.8 0.1
0.789634146341463 0.789634146341463 0.738095238095238 1 82 82 21 1 1.001 0.012 0.0139999999999998 60000 15000 0.8 0 0.8 0.1
0.386278195488722 0.407777777777778 0.416666666666667 0.25 532 225 21 7.54 3.036 0.0139999999999993 0.0140000000000011 60000 15000 0.46 0 0.8 0.1
0.391949152542373 0.423333333333333 0.488095238095238 0.75 590 225 21 7.178 2.676 0.011000000000001 0.0119999999999987 60000 15000 0.46 0 0.8 0.1
0.803333333333333 0.803333333333333 0.845238095238095 0.5 75 75 21 1.166 1.204 0.0150000000000001 0.0150000000000001 60000 15000 0.8 1 0.8 0.1
0.808219178082192 0.808219178082192 0.821428571428571 1 73 73 21 1.134 1.168 0.0140000000000002 0.0139999999999998 60000 15000 0.8 0 0.8 0.1
0.778089887640449 0.778089887640449 0.75 0.75 89 89 21 1.086 1.111 0.012 0.012 60000 15000 0.8 1 0.8 0.1
0.328723404255319 0.33 0.238095238095238 0.25 235 225 21 3.581 3.323 0.0140000000000002 0.0139999999999993 60000 15000 0.213304286651922 0 0.8 0.1
0.813380281690141 0.813380281690141 0.797619047619048 0.5 71 71 21 1.134 1.161 0.0150000000000001 0.0140000000000002 60000 15000 0.8 1 0.8 0.1
0.198051948051948 0.198051948051948 0.214285714285714 0.25 77 77 21 1.329 1.347 0.016 0.0150000000000001 60000 15000 0.2 0 0.8 0.1
0.389718804920914 0.43 0.464285714285714 0.75 569 225 21 7.872 3.025 0.0139999999999993 0.0129999999999999 60000 15000 0.46 0 0.8 0.1
0.393211920529801 0.442222222222222 0.452380952380952 0.5 604 225 21 7.323 2.654 0.0109999999999992 0.011000000000001 60000 15000 0.46 1 0.8 0.1
0.185714285714286 0.185714285714286 0.166666666666667 0.5 70 70 21 1.171 1.184 0.016 0.0179999999999998 60000 15000 0.2 0 0.8 0.1
0.79375 0.79375 0.785714285714286 1 80 80 21 1.267 1.274 0.0140000000000002 0.0139999999999998 60000 15000 0.8 1 0.8 0.1
0.656583629893238 0.648888888888889 0.55952380952381 0.25 281 225 21 4.312 3.344 0.0139999999999993 0.0140000000000011 60000 15000 0.719598160370308 1 0.8 0.1
0.20625 0.20625 0.202380952380952 0 80 80 21 1.393 1.375 0.016 0.016 60000 15000 0.2 0 0.8 0.1
0.768041237113402 0.768041237113402 0.761904761904762 0.75 97 97 21 1.55 1.491 0.0139999999999998 0.0180000000000002 60000 15000 0.8 1 0.8 0.1
0.788235294117647 0.788235294117647 0.797619047619048 0.75 85 85 21 1.339 1.315 0.0149999999999997 0.0140000000000002 60000 15000 0.8 0 0.8 0.1
0.203125 0.203125 0.19047619047619 0 80 80 21 1.322 1.306 0.0150000000000001 0.0149999999999997 60000 15000 0.2 0 0.8 0.1
0.346219931271478 0.358888888888889 0.369047619047619 0.25 291 225 21 4.45 3.312 0.0149999999999988 0.0140000000000011 60000 15000 0.324956956940828 0 0.8 0.1
0.789156626506024 0.789156626506024 0.761904761904762 1 83 83 21 1.31 1.312 0.0150000000000001 0.0149999999999997 60000 15000 0.8 1 0.8 0.1
0.778089887640449 0.778089887640449 0.785714285714286 1 89 89 21 1.393 1.365 0.0140000000000002 0.0149999999999997 60000 15000 0.8 1 0.8 0.1
0.785294117647059 0.785294117647059 0.75 0.75 85 85 21 1.366 1.337 0.0149999999999997 0.0150000000000001 60000 15000 0.8 0 0.8 0.1
0.348856209150327 0.352222222222222 0.369047619047619 0.25 306 225 21 4.889 3.465 0.0149999999999988 0.0150000000000006 60000 15000 0.241075885050917 0 0.8 0.1
0.76530612244898 0.76530612244898 0.642857142857143 0.5 98 98 21 1.504 1.47 0.0139999999999998 0.0140000000000002 60000 15000 0.8 0 0.8 0.1
0.77445652173913 0.77445652173913 0.714285714285714 0.75 92 92 21 1.489 1.453 0.0139999999999998 0.0150000000000001 60000 15000 0.8 1 0.8 0.1
0.770833333333333 0.770833333333333 0.785714285714286 0.75 96 96 21 1.461 1.433 0.0140000000000002 0.0129999999999999 60000 15000 0.8 0 0.8 0.1
0.355855855855856 0.358888888888889 0.404761904761905 0.5 333 225 21 4.919 3.218 0.0140000000000011 0.0129999999999999 60000 15000 0.321571964964791 0 0.8 0.1
0.341240875912409 0.351111111111111 0.285714285714286 0.25 274 225 21 4.26 3.425 0.0150000000000006 0.0139999999999993 60000 15000 0.223043391105087 0 0.8 0.1
0.272556390977444 0.272556390977444 0.214285714285714 0.25 133 133 21 2.268 2.102 0.016 0.016 60000 15000 0.2 0 0.8 0.1
0.34115523465704 0.344444444444444 0.357142857142857 0.5 277 225 21 4.289 3.36 0.0180000000000007 0.0150000000000006 60000 15000 0.2 1 0.8 0.1
0.344405594405594 0.338888888888889 0.19047619047619 0.5 286 225 21 4.626 3.489 0.0150000000000006 0.0180000000000007 60000 15000 0.2 0 0.8 0.1
0.363079019073569 0.383333333333333 0.416666666666667 0.5 367 225 21 5.543 3.336 0.0180000000000007 0.0149999999999988 60000 15000 0.46 1 0.8 0.1
0.727443609022556 0.727443609022556 0.821428571428571 0.75 133 133 21 2.09 1.934 0.0149999999999997 0.0140000000000002 60000 15000 0.8 1 0.8 0.1
0.3475 0.35 0.452380952380952 0.5 300 225 21 4.7 3.415 0.0140000000000011 0.0169999999999995 60000 15000 0.291320026225759 0 0.8 0.1
0.594883419689119 0.575555555555556 0.642857142857143 0.75 772 225 21 10.097 2.897 0.0129999999999999 0.0120000000000005 60000 15000 0.552905848075101 1 0.8 0.1
0.361495844875346 0.363333333333333 0.392857142857143 0.5 361 225 21 5.754 3.506 0.0150000000000006 0.0150000000000006 60000 15000 0.46 0 0.8 0.1
0.370098039215686 0.373333333333333 0.321428571428571 0 408 225 21 6.2 3.399 0.0139999999999993 0.0170000000000012 60000 15000 0.458843871392201 0 0.8 0.1
0.36734693877551 0.394444444444444 0.464285714285714 0.5 392 225 21 5.859 3.324 0.0150000000000006 0.016 60000 15000 0.46 1 0.8 0.1
0.275547445255474 0.275547445255474 0.202380952380952 0.5 137 137 21 2.284 2.217 0.016 0.016 60000 15000 0.2 0 0.8 0.1
0.403061224489796 0.42 0.380952380952381 0.25 735 225 21 9.42 2.835 0.0129999999999999 0.0150000000000006 60000 15000 0.46 0 0.8 0.1
0.265873015873016 0.265873015873016 0.273809523809524 0.25 126 126 21 2.052 1.924 0.0149999999999997 0.0149999999999997 60000 15000 0.2 0 0.8 0.1
0.35530303030303 0.373333333333333 0.369047619047619 0.25 330 225 21 4.987 3.298 0.0150000000000006 0.0169999999999995 60000 15000 0.313782839510724 0 0.8 0.1
0.407071339173967 0.45 0.511904761904762 0.5 799 225 21 9.45 2.632 0.0150000000000006 0.0120000000000005 60000 15000 0.46 1 0.8 0.1
0.2921875 0.2921875 0.202380952380952 0 160 160 21 2.677 2.569 0.0149999999999997 0.0149999999999997 60000 15000 0.2 0 0.8 0.1
0.406645569620253 0.448888888888889 0.488095238095238 0.5 790 225 21 9.993 2.771 0.0119999999999987 0.0120000000000005 60000 15000 0.46 0 0.8 0.1
0.378723404255319 0.402222222222222 0.464285714285714 1 470 225 21 6.531 3.079 0.016 0.0129999999999999 60000 15000 0.46 0 0.8 0.1
0.30225988700565 0.30225988700565 0.285714285714286 0.25 177 177 21 2.795 2.705 0.0149999999999997 0.0150000000000006 60000 15000 0.267217261284105 0 0.8 0.1
0.407521578298397 0.441111111111111 0.5 0.75 811 225 21 10.268 2.78 0.0119999999999987 0.0120000000000005 60000 15000 0.46 0 0.8 0.1
0.279929577464789 0.279929577464789 0.25 0.25 142 142 21 2.311 2.244 0.0149999999999997 0.0149999999999997 60000 15000 0.2 0 0.8 0.1
0.368090452261307 0.368888888888889 0.380952380952381 0 398 225 21 5.983 3.385 0.0139999999999993 0.0150000000000006 60000 15000 0.416624195107441 0 0.8 0.1
0.402872777017784 0.421111111111111 0.476190476190476 0.75 731 225 21 10.553 3.517 0.0140000000000011 0.0139999999999993 60000 15000 0.46 1 0.8 0.1
0.411244292237443 0.47 0.488095238095238 0 876 225 21 10.239 2.602 0.0109999999999992 0.011000000000001 60000 15000 0.46 1 0.8 0.1
0.409656398104265 0.468888888888889 0.488095238095238 0.25 844 225 21 10.283 2.756 0.0109999999999992 0.011000000000001 60000 15000 0.46 0 0.8 0.1
0.37993762993763 0.414444444444444 0.464285714285714 0.25 481 225 21 7.362 3.407 0.0150000000000006 0.0139999999999993 60000 15000 0.46 0 0.8 0.1
0.381313131313131 0.373333333333333 0.345238095238095 0.25 495 225 21 7.198 3.201 0.0170000000000012 0.0139999999999993 60000 15000 0.377187842130224 0 0.8 0.1
0.381605691056911 0.393333333333333 0.369047619047619 0.5 492 225 21 7.355 3.26 0.0139999999999993 0.0140000000000011 60000 15000 0.46 0 0.8 0.1
0.409441805225653 0.483333333333333 0.523809523809524 1 842 225 21 10.957 2.956 0.016 0.0120000000000005 60000 15000 0.46 0 0.8 0.1
0.374715261958998 0.398888888888889 0.404761904761905 0.5 439 225 21 6.59 3.331 0.0150000000000006 0.0169999999999995 60000 15000 0.46 0 0.8 0.1
0.373247663551402 0.405555555555556 0.44047619047619 0.5 428 225 21 7.772 3.295 0.0139999999999993 0.0150000000000006 60000 15000 0.46 0 0.8 0.1
0.377450980392157 0.393333333333333 0.452380952380952 0.75 459 225 21 6.887 3.272 0.0140000000000011 0.0129999999999999 60000 15000 0.46 1 0.8 0.1
0.413198247535597 0.438888888888889 0.416666666666667 0.25 913 225 21 11.009 2.681 0.0109999999999992 0.011000000000001 60000 15000 0.46 1 0.8 0.1
0.3125 0.3125 0.321428571428571 0.25 196 196 21 3.183 3.104 0.0149999999999997 0.0149999999999997 60000 15000 0.203804343784704 0 0.8 0.1
0.314039408866995 0.314039408866995 0.273809523809524 0 203 203 21 3.278 3.171 0.0140000000000002 0.0150000000000006 60000 15000 0.2 0 0.8 0.1
0.615794573643411 0.613333333333333 0.666666666666667 1 516 225 21 7.449 3.13 0.0139999999999993 0.0129999999999999 60000 15000 0.670576886910711 1 0.8 0.1
0.392558528428094 0.418888888888889 0.369047619047619 0.25 598 225 21 7.916 2.842 0.0120000000000005 0.0120000000000005 60000 15000 0.46 1 0.8 0.1
0.413885898815931 0.461111111111111 0.416666666666667 0.5 929 225 21 12.033 2.828 0.0129999999999999 0.0120000000000005 60000 15000 0.46 1 0.8 0.1
0.657142857142857 0.641111111111111 0.595238095238095 1 280 225 21 4.245 3.309 0.0150000000000006 0.0139999999999993 60000 15000 0.659499074507079 1 0.8 0.1
0.392436974789916 0.412222222222222 0.380952380952381 0.5 595 225 21 8.509 3.025 0.0129999999999999 0.0119999999999987 60000 15000 0.46 0 0.8 0.1
0.41882183908046 0.458888888888889 0.488095238095238 0.75 1044 225 21 12.277 2.615 0.011000000000001 0.0119999999999987 60000 15000 0.46 1 0.8 0.1
0.390243902439024 0.406666666666667 0.428571428571429 0.25 574 225 21 8.272 3.115 0.0140000000000011 0.0139999999999993 60000 15000 0.46 0 0.8 0.1
0.413304252998909 0.455555555555556 0.523809523809524 0.75 917 225 21 13.693 3.01 0.0130000000000017 0.0129999999999981 60000 15000 0.46 0 0.8 0.1
0.4180407371484 0.493333333333333 0.476190476190476 0.5 1031 225 21 12.691 2.717 0.0120000000000005 0.0120000000000005 60000 15000 0.46 0 0.8 0.1
0.353846153846154 0.352222222222222 0.369047619047619 0.25 325 225 21 4.919 3.291 0.0169999999999995 0.0139999999999993 60000 15000 0.327935045458658 1 0.8 0.1
0.400714285714286 0.431111111111111 0.428571428571429 0.5 700 225 21 9.246 2.94 0.011000000000001 0.0120000000000005 60000 15000 0.46 0 0.8 0.1
0.3948 0.437777777777778 0.452380952380952 0.5 625 225 21 8.79 3.031 0.0170000000000012 0.0139999999999993 60000 15000 0.46 0 0.8 0.1
0.395569620253165 0.425555555555556 0.523809523809524 0.5 632 225 21 8.664 2.94 0.0129999999999999 0.0120000000000005 60000 15000 0.46 0 0.8 0.1
0.601111111111111 0.547777777777778 0.321428571428571 0 675 225 21 9.405 3.105 0.0129999999999999 0.0129999999999999 60000 15000 0.333950079828806 0 0.8 0.1
0.36142061281337 0.355555555555556 0.428571428571429 0.25 359 225 21 5.536 3.38 0.0149999999999988 0.0140000000000011 60000 15000 0.428216839856981 0 0.8 0.1
0.353715170278638 0.353333333333333 0.44047619047619 0.5 323 225 21 4.883 3.221 0.0139999999999993 0.0150000000000006 60000 15000 0.423656756667973 0 0.8 0.1
0.397484756097561 0.42 0.44047619047619 0.25 656 225 21 9.152 3.038 0.0149999999999988 0.0170000000000012 60000 15000 0.46 0 0.8 0.1
0.403949129852744 0.441111111111111 0.428571428571429 0.75 747 225 21 9.951 2.918 0.0119999999999987 0.0120000000000005 60000 15000 0.46 1 0.8 0.1
0.399412628487518 0.45 0.44047619047619 0.25 681 225 21 9.407 3.041 0.0129999999999999 0.0129999999999999 60000 15000 0.46 0 0.8 0.1
0.375282167042889 0.391111111111111 0.452380952380952 0.25 443 225 21 6.794 3.367 0.0150000000000006 0.0179999999999989 60000 15000 0.46 1 0.8 0.1
0.366966580976864 0.37 0.380952380952381 0.5 389 225 21 5.961 3.397 0.0149999999999988 0.0150000000000006 60000 15000 0.46 1 0.8 0.1
0.406130268199234 0.451111111111111 0.380952380952381 0.25 783 225 21 10.635 2.929 0.0119999999999987 0.0120000000000005 60000 15000 0.46 0 0.8 0.1
0.402279005524862 0.404444444444444 0.369047619047619 0.75 724 225 21 10.067 3.06 0.0129999999999999 0.0120000000000005 60000 15000 0.46 1 0.8 0.1
0.374716553287982 0.401111111111111 0.535714285714286 0.75 441 225 21 6.073 3.072 0.0129999999999999 0.0129999999999999 60000 15000 0.46 1 0.8 0.1
0.375560538116592 0.377777777777778 0.392857142857143 0.25 446 225 21 6.409 3.166 0.0129999999999999 0.0140000000000011 60000 15000 0.46 1 0.8 0.1
0.372950819672131 0.392222222222222 0.428571428571429 0.5 427 225 21 6.47 3.381 0.0150000000000006 0.0139999999999993 60000 15000 0.46 1 0.8 0.1
0.380927835051546 0.412222222222222 0.547619047619048 0.5 485 225 21 7.269 3.334 0.0150000000000006 0.0139999999999993 60000 15000 0.46 0 0.8 0.1
0.385849056603774 0.427777777777778 0.523809523809524 0.5 530 225 21 6.964 2.919 0.0129999999999999 0.0129999999999999 60000 15000 0.46 1 0.8 0.1
0.381818181818182 0.398888888888889 0.345238095238095 0.5 495 225 21 7.24 3.227 0.0169999999999995 0.0140000000000011 60000 15000 0.46 0 0.8 0.1
0.38527724665392 0.426666666666667 0.511904761904762 0.25 523 225 21 7.202 3.065 0.0129999999999999 0.0119999999999987 60000 15000 0.46 1 0.8 0.1
0.380434782608696 0.4 0.44047619047619 0.25 483 225 21 6.826 3.093 0.016 0.0139999999999993 60000 15000 0.46 0 0.8 0.1
0.381390593047035 0.373333333333333 0.44047619047619 0.5 489 225 21 7.559 3.409 0.0169999999999995 0.0140000000000011 60000 15000 0.46 1 0.8 0.1
0.3792194092827 0.406666666666667 0.464285714285714 0 474 225 21 6.881 3.164 0.0139999999999993 0.0140000000000011 60000 15000 0.46 1 0.8 0.1
0.381578947368421 0.417777777777778 0.476190476190476 0 494 225 21 7.143 3.149 0.0129999999999999 0.0169999999999995 60000 15000 0.46 0 0.8 0.1
0.379707112970711 0.411111111111111 0.392857142857143 0.75 478 225 21 6.874 3.116 0.0129999999999999 0.0129999999999999 60000 15000 0.46 0 0.8 0.1
0.389964788732394 0.424444444444444 0.452380952380952 0.5 568 225 21 7.452 2.866 0.0129999999999999 0.0129999999999999 60000 15000 0.46 1 0.8 0.1
0.408343483556638 0.444444444444444 0.416666666666667 0 821 225 21 10.939 2.961 0.0129999999999999 0.0129999999999999 60000 15000 0.46 1 0.8 0.1
0.387037037037037 0.426666666666667 0.488095238095238 0.25 540 225 21 7.936 3.211 0.0139999999999993 0.0170000000000012 60000 15000 0.46 0 0.8 0.1
0.390243902439024 0.403333333333333 0.428571428571429 0.25 574 225 21 8.574 3.274 0.0140000000000011 0.0139999999999993 60000 15000 0.46 1 0.8 0.1
0.410338785046729 0.456666666666667 0.464285714285714 0.75 856 225 21 11.372 2.93 0.0129999999999999 0.0120000000000005 60000 15000 0.46 0 0.8 0.1
0.388336347197107 0.422222222222222 0.523809523809524 0.25 553 225 21 7.63 2.984 0.0129999999999999 0.0129999999999999 60000 15000 0.46 1 0.8 0.1
0.571322985957132 0.478888888888889 0.428571428571429 0.5 1353 225 21 16.354 2.637 0.0120000000000005 0.0139999999999993 60000 15000 0.360109165462989 0 0.8 0.1
0.389964788732394 0.433333333333333 0.464285714285714 0 568 225 21 8.311 3.199 0.0140000000000011 0.0139999999999993 60000 15000 0.46 0 0.8 0.1
0.393503289473684 0.465555555555556 0.452380952380952 0.5 608 225 21 8.135 2.813 0.0129999999999999 0.0120000000000005 60000 15000 0.46 1 0.8 0.1
0.393668831168831 0.432222222222222 0.452380952380952 0.5 616 225 21 9.047 3.212 0.0140000000000011 0.0139999999999993 60000 15000 0.46 0 0.8 0.1
0.396511627906977 0.413333333333333 0.345238095238095 0.5 645 225 21 9.486 3.232 0.0139999999999993 0.0139999999999993 60000 15000 0.46 0 0.8 0.1
0.392916666666667 0.438888888888889 0.392857142857143 0.25 600 225 21 8.529 3.093 0.0129999999999999 0.0129999999999999 60000 15000 0.46 1 0.8 0.1
0.396671826625387 0.418888888888889 0.476190476190476 0.75 646 225 21 9.314 3.132 0.0129999999999999 0.0139999999999993 60000 15000 0.46 0 0.8 0.1
0.398425787106447 0.46 0.44047619047619 0.25 667 225 21 9.637 3.19 0.0139999999999993 0.0140000000000011 60000 15000 0.46 0 0.8 0.1
0.398507462686567 0.434444444444444 0.464285714285714 0.5 670 225 21 9.574 3.158 0.016 0.0129999999999999 60000 15000 0.46 0 0.8 0.1
0.402872777017784 0.441111111111111 0.416666666666667 0.5 731 225 21 10.24 3.006 0.0119999999999987 0.0120000000000005 60000 15000 0.46 0 0.8 0.1
0.592317224287484 0.535555555555556 0.5 0.25 807 225 21 10.995 3.028 0.0169999999999995 0.0129999999999999 60000 15000 0.285995588662781 0 0.8 0.1
0.411481900452489 0.446666666666667 0.44047619047619 0.25 884 225 21 11.001 2.733 0.0120000000000005 0.0120000000000005 60000 15000 0.46 1 0.8 0.1
0.410128805620609 0.443333333333333 0.511904761904762 1 854 225 21 11.66 2.973 0.0149999999999988 0.0129999999999999 60000 15000 0.46 1 0.8 0.1
0.573738170347003 0.423333333333333 0.321428571428571 0.5 1268 225 21 15.959 2.731 0.0150000000000006 0.0119999999999969 60000 15000 0.2 0 0.8 0.1
0.580365510777882 0.483333333333333 0.30952380952381 0 1067 225 21 13.039 2.705 0.0120000000000005 0.0120000000000005 60000 15000 0.215619089894733 1 0.8 0.1
0.418124392614189 0.451111111111111 0.44047619047619 0.5 1029 225 21 13.292 2.844 0.0129999999999981 0.0120000000000005 60000 15000 0.46 0 0.8 0.1
0.561606160616062 0.362222222222222 0.238095238095238 0 1818 225 21 21.662 2.572 0.0109999999999992 0.0110000000000028 60000 15000 0.2 1 0.8 0.1
0.571695294996266 0.473333333333333 0.357142857142857 0.25 1339 225 21 16.539 2.696 0.0120000000000005 0.0120000000000005 60000 15000 0.2 0 0.8 0.1
0.558632734530938 0.372222222222222 0.238095238095238 0.75 2004 225 21 24.275 2.586 0.0110000000000028 0.0109999999999992 60000 15000 0.2 0 0.8 0.1
0.562149270482604 0.38 0.214285714285714 0.25 1782 225 21 22.205 2.774 0.0120000000000005 0.0119999999999969 60000 15000 0.2 0 0.8 0.1
0.564618644067797 0.348888888888889 0.178571428571429 0.25 1652 225 21 19.742 2.715 0.0120000000000005 0.0109999999999992 60000 15000 0.2 1 0.8 0.1
0.555831826401447 0.392222222222222 0.226190476190476 0.25 2212 225 21 25.6 2.236 0.00999999999999801 0.0100000000000016 60000 15000 0.2 0 0.8 0.1
0.55637707948244 0.384444444444444 0.226190476190476 0 2164 225 21 26.481 2.488 0.0109999999999992 0.0109999999999992 60000 15000 0.2 0 0.8 0.1
