0.813 0.813 0.813 0.813 1 1 1 0.203 0.192 0.162 0.2 20000 20 0.8 1 0.8 0.7
0.336 0.336 0.336 0.336 1 1 1 0.204 0.191 0.161 0.199 20000 20 0.2 1 0.8 0.7
0.809 0.809 0.809 0.809 1 1 1 0.201 0.189 0.159 0.195 20000 20 0.8 0 0.8 0.7
0.777 0.777 0.777 0.777 1 1 1 0.208 0.195 0.166 0.203 20000 20 0.8 0 0.8 0.7
0.781 0.781 0.781 0.781 1 1 1 0.212 0.199 0.167 0.208 20000 20 0.8 1 0.8 0.7
0.768 0.768 0.768 0.768 1 1 1 0.206 0.195 0.165 0.204 20000 20 0.8 1 0.8 0.7
0.742 0.742 0.742 0.742 1 1 1 0.208 0.196 0.164 0.204 20000 20 0.8 1 0.8 0.7
0.748 0.748 0.748 0.748 1 1 1 0.21 0.196 0.166 0.203 20000 20 0.8 1 0.8 0.7
0.779 0.779 0.779 0.779 1 1 1 0.202 0.189 0.159 0.196 20000 20 0.8 1 0.8 0.7
0.794 0.794 0.794 0.794 1 1 1 0.206 0.195 0.164 0.202 20000 20 0.8 1 0.8 0.7
0.718 0.718 0.718 0.718 1 1 1 0.208 0.196 0.166 0.203 20000 20 0.8 0 0.8 0.7
0.786 0.786 0.786 0.786 1 1 1 0.211 0.199 0.168 0.208 20000 20 0.8 1 0.8 0.7
0.788 0.788 0.788 0.788 1 1 1 0.199 0.187 0.157 0.194 20000 20 0.8 1 0.8 0.7
0.819 0.819 0.819 0.819 1 1 1 0.201 0.188 0.16 0.194 20000 20 0.8 0 0.8 0.7
0.782 0.782 0.782 0.782 1 1 1 0.204 0.191 0.163 0.198 20000 20 0.8 1 0.8 0.7
0.786 0.786 0.786 0.786 1 1 1 0.206 0.193 0.163 0.2 20000 20 0.8 1 0.8 0.7
0.78 0.78 0.78 0.78 1 1 1 0.208 0.195 0.165 0.203 20000 20 0.8 1 0.8 0.7
0.563714285714286 0.377 0.377 0.377 7 1 1 1.236 0.181 0.164 0.173 20000 20 0.2 0 0.8 0.7
0.4914 0.344 0.344 0.344 20 1 1 3.493 0.19 0.177 0.177 20000 20 0.2 1 0.8 0.7
0.728 0.728 0.728 0.728 1 1 1 0.202 0.19 0.159 0.198 20000 20 0.8 0 0.8 0.7
0.48565 0.354 0.354 0.354 20 1 1 3.461 0.188 0.175000000000001 0.177 20000 20 0.2 0 0.8 0.7
0.713 0.713 0.713 0.713 1 1 1 0.203 0.191 0.161 0.198 20000 20 0.8 0 0.8 0.7
0.792 0.792 0.792 0.792 1 1 1 0.208 0.194 0.164 0.204 20000 20 0.8 1 0.8 0.7
0.759 0.759 0.759 0.759 1 1 1 0.205 0.193 0.163 0.202 20000 20 0.8 1 0.8 0.7
0.336 0.336 0.336 0.336 1 1 1 0.201 0.189 0.16 0.196 20000 20 0.284755277282403 1 0.8 0.7
0.676 0.676 0.676 0.676 1 1 1 0.211 0.198 0.167 0.205 20000 20 0.735747518620318 1 0.8 0.7
0.378 0.343 0.343 0.343 2 1 1 0.383 0.187 0.202 0.167 20000 20 0.235359970753173 0 0.8 0.7
0.565333333333333 0.436 0.436 0.436 6 1 1 1.095 0.189 0.17 0.168 20000 20 0.2 0 0.8 0.7
0.67 0.67 0.67 0.67 1 1 1 0.208 0.196 0.166 0.204 20000 20 0.74606726226872 1 0.8 0.7
0.323 0.323 0.323 0.323 1 1 1 0.213 0.185 0.165 0.204 20000 20 0.223802115152539 0 0.8 0.7
0.6645 0.642 0.642 0.642 2 1 1 0.375 0.187 0.2 0.166 20000 20 0.489683429621728 0 0.8 0.7
0.557444444444444 0.382 0.382 0.382 9 1 1 1.547 0.188 0.166 0.169 20000 20 0.239644795090993 0 0.8 0.7
0.661 0.661 0.661 0.661 1 1 1 0.203 0.184 0.158 0.19 20000 20 0.434005153609046 0 0.8 0.7
0.5524 0.405 0.405 0.405 10 1 1 1.738 0.185 0.163 0.165 20000 20 0.46 1 0.8 0.7
0.3885 0.385 0.385 0.385 2 1 1 0.36 0.176 0.194 0.161 20000 20 0.46 0 0.8 0.7
0.557375 0.41 0.41 0.41 8 1 1 1.418 0.183 0.176 0.167 20000 20 0.46 1 0.8 0.7
0.4876 0.391 0.391 0.391 20 1 1 3.381 0.184 0.174 0.173 20000 20 0.46 0 0.8 0.7
0.405666666666667 0.416 0.416 0.416 3 1 1 0.549 0.219 0.166 0.17 20000 20 0.46 0 0.8 0.7
0.4851 0.393 0.393 0.393 20 1 1 3.233 0.163 0.154999999999999 0.15 20000 20 0.46 0 0.8 0.7
0.5546 0.384 0.384 0.384 10 1 1 1.728 0.184 0.165 0.165999999999999 20000 20 0.46 0 0.8 0.7
0.3805 0.377 0.377 0.377 2 1 1 0.346 0.18 0.187 0.157 20000 20 0.46 0 0.8 0.7
0.79 0.79 0.79 0.79 1 1 1 0.208 0.195 0.165 0.203 20000 20 0.8 1 0.8 0.7
0.817 0.817 0.817 0.817 1 1 1 0.21 0.197 0.166 0.205 20000 20 0.8 0 0.8 0.7
0.79 0.79 0.79 0.79 1 1 1 0.205 0.191 0.163 0.202 20000 20 0.8 0 0.8 0.7
0.395 0.416 0.416 0.416 3 1 1 0.535 0.212 0.161 0.164 20000 20 0.46 1 0.8 0.7
0.398 0.405 0.405 0.405 3 1 1 0.558 0.219 0.168 0.171 20000 20 0.46 0 0.8 0.7
0.793 0.793 0.793 0.793 1 1 1 0.208 0.195 0.164 0.204 20000 20 0.8 1 0.8 0.7
0.48375 0.386 0.386 0.386 20 1 1 3.537 0.191999999999999 0.179 0.179 20000 20 0.46 0 0.8 0.7
0.74 0.74 0.74 0.74 1 1 1 0.216 0.189 0.168 0.208 20000 20 0.8 1 0.8 0.7
0.404 0.382 0.382 0.382 3 1 1 0.542 0.216 0.163 0.167 20000 20 0.343623820465162 1 0.8 0.7
0.746 0.746 0.746 0.746 1 1 1 0.21 0.197 0.165 0.205 20000 20 0.8 1 0.8 0.7
0.48095 0.376 0.376 0.376 20 1 1 3.392 0.185 0.173 0.163 20000 20 0.46 0 0.8 0.7
0.553 0.364 0.364 0.364 9 1 1 1.636 0.199 0.174 0.174 20000 20 0.2 0 0.8 0.7
0.639 0.613 0.613 0.613 2 1 1 0.377 0.187 0.201 0.166 20000 20 0.24395462616016 0 0.8 0.7
0.404333333333333 0.397 0.397 0.397 3 1 1 0.561 0.223 0.168 0.173 20000 20 0.46 1 0.8 0.7
0.637 0.622 0.622 0.622 2 1 1 0.401 0.192 0.213 0.174 20000 20 0.2 0 0.8 0.7
0.621666666666667 0.588 0.588 0.588 3 1 1 0.557 0.221 0.168 0.171 20000 20 0.479281425904116 1 0.8 0.7
0.408666666666667 0.403 0.403 0.403 3 1 1 0.536 0.21 0.16 0.164 20000 20 0.46 0 0.8 0.7
0.49005 0.428 0.428 0.428 20 1 1 3.286 0.18 0.159999999999999 0.157 20000 20 0.46 0 0.8 0.7
0.48545 0.397 0.397 0.397 20 1 1 3.552 0.193000000000001 0.178999999999999 0.179 20000 20 0.46 1 0.8 0.7
0.487 0.392 0.392 0.392 20 1 1 3.347 0.181 0.17 0.167000000000001 20000 20 0.46 1 0.8 0.7
0.4899 0.409 0.409 0.409 20 1 1 3.338 0.180999999999999 0.168 0.168 20000 20 0.46 0 0.8 0.7
0.548818181818182 0.416 0.416 0.416 11 1 1 1.831 0.176 0.158 0.159 20000 20 0.46 1 0.8 0.7
0.788 0.788 0.788 0.788 1 1 1 0.208 0.197 0.165 0.205 20000 20 0.8 1 0.8 0.7
0.812 0.812 0.812 0.812 1 1 1 0.214 0.202 0.169 0.208 20000 20 0.8 1 0.8 0.7
0.819 0.819 0.819 0.819 1 1 1 0.209 0.196 0.166 0.207 20000 20 0.8 1 0.8 0.7
0.797 0.797 0.797 0.797 1 1 1 0.212 0.199 0.167 0.21 20000 20 0.8 1 0.8 0.7
0.777 0.777 0.777 0.777 1 1 1 0.207 0.194 0.164 0.203 20000 20 0.8 1 0.8 0.7
0.794 0.794 0.794 0.794 1 1 1 0.206 0.193 0.164 0.202 20000 20 0.8 1 0.8 0.7
0.323 0.323 0.323 0.323 1 1 1 0.207 0.194 0.165 0.203 20000 20 0.2 0 0.8 0.7
0.764 0.764 0.764 0.764 1 1 1 0.212 0.198 0.167 0.208 20000 20 0.8 1 0.8 0.7
0.782 0.782 0.782 0.782 1 1 1 0.213 0.2 0.168 0.21 20000 20 0.8 1 0.8 0.7
0.781 0.781 0.781 0.781 1 1 1 0.213 0.2 0.168 0.209 20000 20 0.8 0 0.8 0.7
0.764 0.764 0.764 0.764 1 1 1 0.205 0.193 0.162 0.196 20000 20 0.8 1 0.8 0.7
0.822 0.822 0.822 0.822 1 1 1 0.207 0.195 0.166 0.204 20000 20 0.8 1 0.8 0.7
0.811 0.811 0.811 0.811 1 1 1 0.205 0.193 0.162 0.203 20000 20 0.8 1 0.8 0.7
0.795 0.795 0.795 0.795 1 1 1 0.206 0.193 0.163 0.203 20000 20 0.8 1 0.8 0.7
0.48485 0.426 0.426 0.426 20 1 1 3.334 0.180000000000001 0.167 0.167000000000001 20000 20 0.46 0 0.8 0.7
0.339 0.339 0.339 0.339 1 1 1 0.211 0.197 0.167 0.206 20000 20 0.21378621987429 1 0.8 0.7
0.756 0.756 0.756 0.756 1 1 1 0.202 0.19 0.16 0.198 20000 20 0.8 1 0.8 0.7
0.791 0.791 0.791 0.791 1 1 1 0.215 0.203 0.171 0.213 20000 20 0.8 1 0.8 0.7
0.49375 0.386 0.386 0.386 20 1 1 3.125 0.166 0.154 0.153 20000 20 0.46 1 0.8 0.7
0.811 0.811 0.811 0.811 1 1 1 0.208 0.195 0.164 0.204 20000 20 0.8 1 0.8 0.7
0.3835 0.347 0.347 0.347 2 1 1 0.369 0.183 0.197 0.162 20000 20 0.2 0 0.8 0.7
0.788 0.788 0.788 0.788 1 1 1 0.204 0.192 0.162 0.203 20000 20 0.8 1 0.8 0.7
0.787 0.787 0.787 0.787 1 1 1 0.208 0.196 0.167 0.205 20000 20 0.8 1 0.8 0.7
0.805 0.805 0.805 0.805 1 1 1 0.202 0.186 0.165 0.199 20000 20 0.8 1 0.8 0.7
0.377 0.354 0.354 0.354 2 1 1 0.387 0.189 0.207 0.169 20000 20 0.2 0 0.8 0.7
0.6625 0.65 0.65 0.65 2 1 1 0.386 0.187 0.204 0.168 20000 20 0.487242616949821 1 0.8 0.7
0.4905 0.425 0.425 0.425 20 1 1 3.563 0.194000000000001 0.18 0.181 20000 20 0.46 0 0.8 0.7
0.55875 0.35 0.35 0.35 8 1 1 1.427 0.184 0.177 0.168 20000 20 0.2 1 0.8 0.7
0.557 0.4 0.4 0.4 8 1 1 1.398 0.18 0.171 0.164 20000 20 0.46 0 0.8 0.7
0.8 0.8 0.8 0.8 1 1 1 0.209 0.196 0.165 0.205 20000 20 0.8 1 0.8 0.7
0.804 0.804 0.804 0.804 1 1 1 0.215 0.201 0.17 0.211 20000 20 0.8 1 0.8 0.7
0.815 0.815 0.815 0.815 1 1 1 0.213 0.2 0.169 0.209 20000 20 0.8 0 0.8 0.7
0.341 0.341 0.341 0.341 1 1 1 0.211 0.198 0.167 0.206 20000 20 0.2 0 0.8 0.7
0.3705 0.348 0.348 0.348 2 1 1 0.363 0.184 0.194 0.161 20000 20 0.46 1 0.8 0.7
0.368 0.354 0.354 0.354 2 1 1 0.371 0.188 0.202 0.163 20000 20 0.391420194050312 1 0.8 0.7
0.793 0.793 0.793 0.793 1 1 1 0.206 0.193 0.164 0.204 20000 20 0.8 1 0.8 0.7
0.787 0.787 0.787 0.787 1 1 1 0.205 0.193 0.163 0.204 20000 20 0.8 1 0.8 0.7
0.787 0.787 0.787 0.787 1 1 1 0.206 0.193 0.164 0.203 20000 20 0.8 0 0.8 0.7
0.3795 0.382 0.382 0.382 2 1 1 0.387 0.186 0.205 0.168 20000 20 0.362314057262541 1 0.8 0.7
0.6015 0.509 0.509 0.509 4 1 1 0.515 0.116 0.106 0.106 20000 20 0.2 1 0.8 0.7
0.812 0.812 0.812 0.812 1 1 1 0.205 0.195 0.162 0.202 20000 20 0.8 1 0.8 0.7
0.798 0.798 0.798 0.798 1 1 1 0.213 0.202 0.174 0.216 20000 20 0.8 0 0.8 0.7
0.793 0.793 0.793 0.793 1 1 1 0.21 0.199 0.167 0.207 20000 20 0.8 0 0.8 0.7
0.3845 0.379 0.379 0.379 2 1 1 0.373 0.185 0.2 0.164 20000 20 0.46 0 0.8 0.7
0.802 0.802 0.802 0.802 1 1 1 0.206 0.193 0.162 0.203 20000 20 0.8 1 0.8 0.7
0.702 0.702 0.702 0.702 1 1 1 0.205 0.191 0.162 0.202 20000 20 0.607805803836894 0 0.8 0.7
0.645 0.607 0.607 0.607 2 1 1 0.37 0.186 0.199 0.163 20000 20 0.2 0 0.8 0.7
0.4842 0.363 0.363 0.363 20 1 1 3.412 0.186 0.172000000000001 0.173 20000 20 0.322448993662092 0 0.8 0.7
0.4882 0.374 0.374 0.374 20 1 1 3.372 0.184 0.169 0.169 20000 20 0.46 1 0.8 0.7
0.48625 0.378 0.378 0.378 20 1 1 3.431 0.186 0.174 0.173 20000 20 0.46 1 0.8 0.7
0.6895 0.657 0.657 0.657 2 1 1 0.38 0.187 0.202 0.165 20000 20 0.367546430783904 0 0.8 0.7
0.59275 0.522 0.522 0.522 4 1 1 0.553 0.139 0.117 0.131 20000 20 0.2 0 0.8 0.7
0.48705 0.407 0.407 0.407 20 1 1 3.432 0.187 0.173 0.173 20000 20 0.46 0 0.8 0.7
0.6615 0.649 0.649 0.649 2 1 1 0.367 0.186 0.198 0.161 20000 20 0.735858705939059 1 0.8 0.7
0.401 0.409 0.409 0.409 3 1 1 0.552 0.219 0.166 0.169 20000 20 0.46 0 0.8 0.7
0.655 0.644 0.644 0.644 2 1 1 0.389 0.194 0.209 0.172 20000 20 0.543628349883109 0 0.8 0.7
0.387 0.394 0.394 0.394 2 1 1 0.364 0.183 0.194 0.16 20000 20 0.46 0 0.8 0.7
0.563 0.408 0.408 0.408 7 1 1 1.262 0.184 0.166 0.175 20000 20 0.2 1 0.8 0.7
0.3885 0.385 0.385 0.385 2 1 1 0.368 0.183 0.198 0.161 20000 20 0.46 1 0.8 0.7
0.563375 0.409 0.409 0.409 8 1 1 1.414 0.181 0.172 0.167 20000 20 0.2 0 0.8 0.7
0.552 0.38 0.38 0.38 10 1 1 1.774 0.191 0.169 0.17 20000 20 0.46 1 0.8 0.7
0.694 0.694 0.694 0.694 1 1 1 0.204 0.191 0.163 0.201 20000 20 0.753322390627233 1 0.8 0.7
0.4902 0.387 0.387 0.387 20 1 1 3.347 0.181999999999999 0.169 0.169 20000 20 0.46 1 0.8 0.7
0.645 0.648 0.648 0.648 2 1 1 0.389 0.187 0.207 0.168 20000 20 0.440873369898966 1 0.8 0.7
0.697 0.697 0.697 0.697 1 1 1 0.205 0.193 0.161 0.199 20000 20 0.725017124665696 0 0.8 0.7
0.691 0.691 0.691 0.691 1 1 1 0.205 0.192 0.165 0.201 20000 20 0.799655038150457 0 0.8 0.7
0.48545 0.396 0.396 0.396 20 1 1 3.539 0.193 0.18 0.180000000000001 20000 20 0.46 0 0.8 0.7
0.3865 0.387 0.387 0.387 2 1 1 0.383 0.186 0.202 0.166 20000 20 0.46 1 0.8 0.7
0.548272727272727 0.374 0.374 0.374 11 1 1 1.88 0.183 0.166 0.172 20000 20 0.417305892094148 0 0.8 0.7
0.3855 0.383 0.383 0.383 2 1 1 0.368 0.185 0.198 0.163 20000 20 0.46 0 0.8 0.7
0.49265 0.39 0.39 0.39 20 1 1 3.459 0.188000000000001 0.175 0.175999999999999 20000 20 0.262132324793205 0 0.8 0.7
0.399666666666667 0.408 0.408 0.408 3 1 1 0.538 0.214 0.163 0.168 20000 20 0.46 0 0.8 0.7
0.550545454545455 0.384 0.384 0.384 11 1 1 1.899 0.184 0.167 0.178 20000 20 0.46 0 0.8 0.7
0.487 0.392 0.392 0.392 20 1 1 3.401 0.185 0.173 0.173 20000 20 0.46 1 0.8 0.7
0.547636363636364 0.419 0.419 0.419 11 1 1 1.956 0.188 0.171 0.185 20000 20 0.46 0 0.8 0.7
0.394666666666667 0.398 0.398 0.398 3 1 1 0.537 0.213 0.161 0.164 20000 20 0.46 1 0.8 0.7
0.488 0.389 0.389 0.389 20 1 1 3.376 0.184 0.170999999999999 0.172 20000 20 0.397751778713495 1 0.8 0.7
0.4856 0.44 0.44 0.44 20 1 1 3.519 0.192 0.178 0.18 20000 20 0.46 1 0.8 0.7
0.5542 0.389 0.389 0.389 10 1 1 1.731 0.186 0.165 0.165 20000 20 0.388136160331305 0 0.8 0.7
0.5726 0.414 0.414 0.414 5 1 1 0.915 0.185 0.166 0.167 20000 20 0.2 0 0.8 0.7
0.4904 0.369 0.369 0.369 20 1 1 3.406 0.184 0.169 0.169 20000 20 0.46 1 0.8 0.7
0.4872 0.43 0.43 0.43 20 1 1 3.464 0.188000000000001 0.177 0.176 20000 20 0.46 0 0.8 0.7
0.404666666666667 0.423 0.423 0.423 3 1 1 0.528 0.207 0.158 0.158 20000 20 0.46 0 0.8 0.7
0.6645 0.626 0.626 0.626 2 1 1 0.362 0.19 0.196 0.16 20000 20 0.449575922022476 1 0.8 0.7
0.5509 0.399 0.399 0.399 10 1 1 1.709 0.183 0.163 0.163 20000 20 0.273368020503642 1 0.8 0.7
0.570571428571429 0.386 0.386 0.386 7 1 1 1.229 0.18 0.165 0.174 20000 20 0.46 0 0.8 0.7
0.603 0.524 0.524 0.524 3 1 1 0.555 0.22 0.167 0.171 20000 20 0.2 0 0.8 0.7
0.4155 0.404 0.404 0.404 4 1 1 0.748 0.182 0.169 0.166 20000 20 0.46 1 0.8 0.7
0.614 0.571 0.571 0.571 3 1 1 0.541 0.216 0.164 0.167 20000 20 0.228374826801366 1 0.8 0.7
0.627 0.599 0.599 0.599 2 1 1 0.367 0.183 0.197 0.161 20000 20 0.2 1 0.8 0.7
0.5501 0.392 0.392 0.392 10 1 1 1.766 0.19 0.17 0.169 20000 20 0.46 0 0.8 0.7
0.48155 0.387 0.387 0.387 20 1 1 3.397 0.184 0.171 0.17 20000 20 0.46 0 0.8 0.7
0.388 0.376 0.376 0.376 2 1 1 0.375 0.185 0.198 0.164 20000 20 0.46 1 0.8 0.7
0.598333333333333 0.525 0.525 0.525 3 1 1 0.549 0.215 0.163 0.166 20000 20 0.2 0 0.8 0.7
0.388 0.376 0.376 0.376 2 1 1 0.372 0.179 0.196 0.16 20000 20 0.46 0 0.8 0.7
0.4888 0.376 0.376 0.376 20 1 1 3.401 0.185 0.171 0.170999999999999 20000 20 0.46 1 0.8 0.7
0.5754 0.437 0.437 0.437 5 1 1 0.857 0.177 0.154 0.155 20000 20 0.2 1 0.8 0.7
0.49445 0.396 0.396 0.396 20 1 1 3.307 0.178 0.164 0.164 20000 20 0.46 1 0.8 0.7
0.642333333333333 0.568 0.568 0.568 3 1 1 0.533 0.21 0.161 0.164 20000 20 0.2 0 0.8 0.7
0.626 0.606 0.606 0.606 2 1 1 0.389 0.186 0.204 0.168 20000 20 0.2 0 0.8 0.7
0.48425 0.395 0.395 0.395 20 1 1 3.161 0.177 0.154 0.164 20000 20 0.46 1 0.8 0.7
0.4891 0.422 0.422 0.422 20 1 1 3.423 0.185 0.173 0.173 20000 20 0.46 1 0.8 0.7
0.4924 0.409 0.409 0.409 20 1 1 3.479 0.189 0.181 0.177 20000 20 0.46 0 0.8 0.7
0.49175 0.427 0.427 0.427 20 1 1 3.491 0.19 0.176 0.178 20000 20 0.46 1 0.8 0.7
0.622 0.577 0.577 0.577 2 1 1 0.382 0.184 0.201 0.165 20000 20 0.2 0 0.8 0.7
0.49025 0.377 0.377 0.377 20 1 1 3.386 0.185 0.171 0.173 20000 20 0.46 0 0.8 0.7
0.403333333333333 0.394 0.394 0.394 3 1 1 0.566 0.224 0.17 0.175 20000 20 0.46 1 0.8 0.7
0.5744 0.427 0.427 0.427 5 1 1 0.861 0.171 0.145 0.145 20000 20 0.2 1 0.8 0.7
0.614 0.573 0.573 0.573 2 1 1 0.371 0.184 0.198 0.161 20000 20 0.2 1 0.8 0.7
0.56 0.418 0.418 0.418 8 1 1 1.439 0.185 0.175 0.168 20000 20 0.46 0 0.8 0.7
0.398333333333333 0.398 0.398 0.398 3 1 1 0.564 0.223 0.17 0.172 20000 20 0.46 0 0.8 0.7
0.577333333333333 0.442 0.442 0.442 6 1 1 0.857 0.148 0.122 0.122 20000 20 0.2 0 0.8 0.7
0.4893 0.399 0.399 0.399 20 1 1 3.354 0.181999999999999 0.169 0.169 20000 20 0.46 1 0.8 0.7
0.48555 0.384 0.384 0.384 20 1 1 3.474 0.188 0.175 0.175 20000 20 0.46 1 0.8 0.7
0.603666666666667 0.572 0.572 0.572 3 1 1 0.532 0.211 0.16 0.162 20000 20 0.44171890110681 0 0.8 0.7
0.49305 0.388 0.388 0.388 20 1 1 3.466 0.189 0.175999999999999 0.175000000000001 20000 20 0.46 0 0.8 0.7
0.559125 0.392 0.392 0.392 8 1 1 0.953 0.123 0.116 0.111 20000 20 0.46 0 0.8 0.7
0.48895 0.409 0.409 0.409 20 1 1 3.491 0.19 0.177 0.175999999999999 20000 20 0.46 1 0.8 0.7
0.5884 0.472 0.472 0.472 5 1 1 0.722 0.139 0.122 0.122 20000 20 0.2 0 0.8 0.7
0.6105 0.492 0.492 0.492 4 1 1 0.717 0.176 0.157 0.155 20000 20 0.2 0 0.8 0.7
0.591666666666667 0.551 0.551 0.551 3 1 1 0.538 0.212 0.162 0.166 20000 20 0.27030691458659 0 0.8 0.7
0.583 0.455 0.455 0.455 4 1 1 0.738 0.171 0.154 0.151 20000 20 0.2 0 0.8 0.7
0.5565 0.416 0.416 0.416 10 1 1 1.666 0.172 0.15 0.153 20000 20 0.46 1 0.8 0.7
0.555555555555556 0.407 0.407 0.407 9 1 1 1.275 0.151 0.135 0.149 20000 20 0.374042969892663 1 0.8 0.7
0.5905 0.481 0.481 0.481 4 1 1 0.686 0.171 0.154 0.142 20000 20 0.2 0 0.8 0.7
0.5725 0.428 0.428 0.428 6 1 1 0.867 0.16 0.143 0.143 20000 20 0.2 1 0.8 0.7
0.586 0.424 0.424 0.424 5 1 1 0.813 0.146 0.13 0.131 20000 20 0.2 0 0.8 0.7
0.566285714285714 0.412 0.412 0.412 7 1 1 0.798 0.116 0.105 0.11 20000 20 0.277303818803603 0 0.8 0.7
0.572666666666667 0.455 0.455 0.455 6 1 1 0.792 0.125 0.112 0.109 20000 20 0.2 1 0.8 0.7
0.566166666666667 0.387 0.387 0.387 6 1 1 1.033 0.172 0.162 0.166 20000 20 0.237351769392238 0 0.8 0.7
0.563714285714286 0.411 0.411 0.411 7 1 1 0.84 0.121 0.11 0.115 20000 20 0.2 0 0.8 0.7
0.567285714285714 0.408 0.408 0.408 7 1 1 1.14 0.172 0.143 0.154 20000 20 0.424470714064437 1 0.8 0.7
0.563142857142857 0.418 0.418 0.418 7 1 1 1.109 0.159 0.145 0.149 20000 20 0.46 1 0.8 0.7
0.552888888888889 0.406 0.406 0.406 9 1 1 1.184 0.141 0.131 0.124 20000 20 0.46 0 0.8 0.7
0.556888888888889 0.408 0.408 0.408 9 1 1 1.319 0.155 0.146 0.137 20000 20 0.447890010185675 1 0.8 0.7
0.48565 0.405 0.405 0.405 20 1 1 2.403 0.125 0.116 0.116000000000001 20000 20 0.2 0 0.8 0.7
0.552666666666667 0.393 0.393 0.393 9 1 1 1.026 0.12 0.105 0.104 20000 20 0.46 1 0.8 0.7
