0.842553191489362 0.842553191489362 0.792682926829268 0 235 235 82 2.834 2.83 0.0130000000000008 0.016 60000 60000 0.8 1 0.8 0
0.811188811188811 0.811188811188811 0.768292682926829 1 286 286 82 3.428 3.42 0.0119999999999996 0.0140000000000002 60000 60000 0.8 1 0.8 0
0.842553191489362 0.842553191489362 0.817073170731707 1 235 235 82 2.957 2.909 0.0129999999999999 0.016 60000 60000 0.8 1 0.8 0
0.836065573770492 0.836065573770492 0.878048780487805 1 244 244 82 3.009 2.966 0.0119999999999996 0.0110000000000001 60000 60000 0.8 1 0.8 0
0.175572519083969 0.175572519083969 0.146341463414634 0 262 262 82 3.238 3.242 0.0140000000000002 0.0119999999999996 60000 60000 0.2 0 0.8 0
0.791411042944785 0.791411042944785 0.731707317073171 1 326 326 82 3.952 3.909 0.0129999999999999 0.0129999999999999 60000 60000 0.8 1 0.8 0
0.817518248175182 0.817518248175182 0.792682926829268 1 274 274 82 3.554 3.558 0.0129999999999999 0.0120000000000005 60000 60000 0.8 1 0.8 0
0.184115523465704 0.184115523465704 0.182926829268293 0 277 277 82 3.573 3.549 0.0129999999999999 0.0120000000000005 60000 60000 0.2 0 0.8 0
0.185714285714286 0.185714285714286 0.219512195121951 0 280 280 82 3.625 3.596 0.0129999999999999 0.0120000000000005 60000 60000 0.2 0 0.8 0
0.801980198019802 0.801980198019802 0.719512195121951 1 303 303 82 3.76 3.641 0.0120000000000005 0.0109999999999992 60000 60000 0.8 0 0.8 0
0.809688581314879 0.809688581314879 0.841463414634146 1 289 289 82 3.367 3.355 0.0490000000000004 0.0110000000000001 60000 60000 0.8 1 0.8 0
0.789634146341463 0.789634146341463 0.804878048780488 1 328 328 82 4.133 4.071 0.0119999999999987 0.0120000000000005 60000 60000 0.8 1 0.8 0
0.783625730994152 0.783625730994152 0.780487804878049 0 342 342 82 4.214 4.138 0.011000000000001 0.011000000000001 60000 60000 0.8 1 0.8 0
0.804713804713805 0.804713804713805 0.792682926829268 1 297 297 82 3.693 3.632 0.0120000000000005 0.0109999999999992 60000 60000 0.8 1 0.8 0
0.783625730994152 0.783625730994152 0.719512195121951 0 342 342 82 4.494 4.437 0.0129999999999999 0.0120000000000005 60000 60000 0.8 0 0.8 0
0.7625 0.7625 0.695121951219512 0 400 400 82 4.796 4.748 0.011000000000001 0.0109999999999992 60000 60000 0.8 1 0.8 0
0.243436754176611 0.243436754176611 0.25609756097561 0 419 419 82 5.181 5.147 0.0120000000000005 0.0119999999999987 60000 60000 0.2 0 0.8 0
0.236775818639798 0.236775818639798 0.207317073170732 0 397 397 82 4.923 4.914 0.0120000000000005 0.0139999999999993 60000 60000 0.2 0 0.8 0
0.779661016949153 0.779661016949153 0.74390243902439 1 354 354 82 4.131 4.109 0.0129999999999999 0.016 60000 60000 0.8 1 0.8 0
0.811188811188811 0.811188811188811 0.780487804878049 1 286 286 82 3.392 3.38 0.0119999999999987 0.0140000000000011 60000 60000 0.8 1 0.8 0
0.182481751824818 0.182481751824818 0.170731707317073 0 274 274 82 3.428 3.43 0.0129999999999999 0.0109999999999992 60000 60000 0.2 0 0.8 0
0.73630831643002 0.73630831643002 0.780487804878049 1 493 493 82 5.905 5.878 0.011000000000001 0.0109999999999992 60000 60000 0.8 0 0.8 0
0.767441860465116 0.767441860465116 0.75609756097561 1 387 387 82 4.853 4.791 0.016 0.0119999999999987 60000 60000 0.8 1 0.8 0
0.79375 0.79375 0.804878048780488 1 320 320 82 3.826 3.733 0.0139999999999993 0.0109999999999992 60000 60000 0.8 1 0.8 0
0.780626780626781 0.780626780626781 0.731707317073171 1 351 351 82 4.364 4.351 0.0120000000000005 0.0120000000000005 60000 60000 0.8 0 0.8 0
0.230971128608924 0.230971128608924 0.219512195121951 0 381 381 82 4.728 4.693 0.0129999999999999 0.0109999999999992 60000 60000 0.2 0 0.8 0
0.342882721575649 0.341137123745819 0.341463414634146 0 1117 897 82 13.855 11.076 0.0120000000000005 0.0120000000000005 60000 60000 0.314270306736631 0 0.8 0
0.847161572052402 0.847161572052402 0.853658536585366 1 229 229 82 3.049 3.062 0.0119999999999996 0.0149999999999997 60000 60000 0.8 1 0.8 0
0.834008097165992 0.834008097165992 0.817073170731707 1 247 247 82 3.264 3.264 0.0120000000000005 0.0129999999999999 60000 60000 0.8 0 0.8 0
0.157446808510638 0.157446808510638 0.158536585365854 1 235 235 82 3.119 3.088 0.0140000000000002 0.0169999999999995 60000 60000 0.2 0 0.8 0
0.814285714285714 0.814285714285714 0.75609756097561 1 280 280 82 3.608 3.608 0.0120000000000005 0.0120000000000005 60000 60000 0.8 1 0.8 0
0.79375 0.79375 0.695121951219512 1 320 320 82 4.009 3.896 0.0140000000000011 0.0119999999999987 60000 60000 0.8 1 0.8 0
0.641454545454545 0.643255295429208 0.658536585365854 0 1375 897 82 16.447 10.584 0.0120000000000005 0.0109999999999992 60000 60000 0.566627995095156 1 0.8 0
0.358187134502924 0.358974358974359 0.402439024390244 0 1368 897 82 16.725 10.744 0.0120000000000005 0.0119999999999969 60000 60000 0.317173584673759 1 0.8 0
0.354566385264774 0.35340022296544 0.317073170731707 1 1303 897 82 16.379 11.137 0.0130000000000017 0.0129999999999981 60000 60000 0.323408826970777 0 0.8 0
0.776243093922652 0.776243093922652 0.817073170731707 1 362 362 82 4.474 4.407 0.0139999999999993 0.0120000000000005 60000 60000 0.8 1 0.8 0
0.799352750809062 0.799352750809062 0.817073170731707 0 309 309 82 4.183 4.051 0.0119999999999987 0.0119999999999987 60000 60000 0.8 1 0.8 0
0.355957767722474 0.356744704570792 0.439024390243902 1 1326 897 82 16.844 11.228 0.0150000000000006 0.0120000000000005 60000 60000 0.438780674247426 0 0.8 0
0.772117962466488 0.772117962466488 0.829268292682927 1 373 373 82 4.62 4.547 0.0109999999999992 0.0129999999999999 60000 60000 0.8 1 0.8 0
0.812720848056537 0.812720848056537 0.817073170731707 1 283 283 82 2.922 2.911 0.00999999999999979 0.00999999999999979 60000 60000 0.8 1 0.8 0
0.630475015422579 0.614269788182832 0.609756097560976 1 1621 897 82 18.964 10.451 0.0109999999999992 0.0109999999999992 60000 60000 0.649149243443338 0 0.8 0
0.368221941992434 0.392419175027871 0.475609756097561 0 1586 897 82 18.795 10.254 0.00999999999999801 0.0109999999999992 60000 60000 0.46 0 0.8 0
0.361285814116003 0.369007803790412 0.463414634146341 0 1431 897 82 18.226 11.327 0.0110000000000028 0.014999999999997 60000 60000 0.46 1 0.8 0
0.642593957258659 0.614269788182832 0.621951219512195 0 1357 897 82 15.795 10.701 0.0120000000000005 0.0109999999999992 60000 60000 0.658790890755734 1 0.8 0
0.828125 0.828125 0.853658536585366 1 256 256 82 3.224 3.157 0.011000000000001 0.0139999999999993 60000 60000 0.8 1 0.8 0
0.365598430346632 0.37123745819398 0.341463414634146 0 1529 897 82 19.332 11.164 0.0110000000000028 0.0110000000000028 60000 60000 0.388906720234226 0 0.8 0
0.814285714285714 0.814285714285714 0.804878048780488 1 280 280 82 3.488 3.428 0.011000000000001 0.0109999999999992 60000 60000 0.8 1 0.8 0
0.809688581314879 0.809688581314879 0.817073170731707 1 289 289 82 3.605 3.539 0.0589999999999993 0.011000000000001 60000 60000 0.8 1 0.8 0
0.255411255411255 0.255411255411255 0.219512195121951 0 462 462 82 6.075 5.976 0.0119999999999987 0.0120000000000005 60000 60000 0.2 0 0.8 0
0.190311418685121 0.190311418685121 0.182926829268293 1 289 289 82 3.814 3.756 0.0599999999999987 0.0120000000000005 60000 60000 0.2 0 0.8 0
0.369592088998764 0.369007803790412 0.365853658536585 0 1618 897 82 19.513 10.707 0.0139999999999993 0.0120000000000005 60000 60000 0.389744402610171 1 0.8 0
0.195286195286195 0.195286195286195 0.195121951219512 0 297 297 82 3.991 3.876 0.0120000000000005 0.0120000000000005 60000 60000 0.2 0 0.8 0
0.198019801980198 0.198019801980198 0.231707317073171 0 303 303 82 4.061 3.943 0.0119999999999987 0.0119999999999987 60000 60000 0.2 0 0.8 0
0.205047318611987 0.205047318611987 0.25609756097561 0 317 317 82 4.213 4.096 0.0120000000000005 0.0120000000000005 60000 60000 0.2 0 0.8 0
0.371633752244165 0.38015607580825 0.341463414634146 0 1671 897 82 21.014 11.153 0.0119999999999933 0.0120000000000005 60000 60000 0.46 0 0.8 0
0.780626780626781 0.780626780626781 0.707317073170732 1 351 351 82 4.436 4.365 0.011000000000001 0.0109999999999992 60000 60000 0.8 1 0.8 0
0.791411042944785 0.791411042944785 0.792682926829268 0 326 326 82 4.429 4.366 0.0139999999999993 0.0139999999999993 60000 60000 0.8 1 0.8 0
0.37847965738758 0.409141583054627 0.439024390243902 1 1868 897 82 23.014 10.8 0.0139999999999958 0.0120000000000005 60000 60000 0.46 1 0.8 0
0.776243093922652 0.776243093922652 0.804878048780488 1 362 362 82 4.585 4.491 0.0150000000000006 0.0119999999999987 60000 60000 0.8 0 0.8 0
0.378291241268135 0.40133779264214 0.426829268292683 1 1861 897 82 23.095 10.986 0.0119999999999933 0.0140000000000029 60000 60000 0.46 0 0.8 0
0.268482490272374 0.268482490272374 0.207317073170732 0 514 514 82 6.718 6.606 0.0119999999999987 0.0120000000000005 60000 60000 0.2 0 0.8 0
0.779661016949153 0.779661016949153 0.768292682926829 1 354 354 82 4.808 4.741 0.0149999999999988 0.0170000000000012 60000 60000 0.8 1 0.8 0
0.375070821529745 0.392419175027871 0.426829268292683 0 1765 897 82 22.236 11.132 0.0120000000000005 0.0150000000000006 60000 60000 0.46 1 0.8 0
0.777158774373259 0.777158774373259 0.890243902439024 1 359 359 82 4.904 4.82 0.0129999999999999 0.0129999999999999 60000 60000 0.8 1 0.8 0
0.228723404255319 0.228723404255319 0.182926829268293 0 376 376 82 4.949 4.886 0.0129999999999999 0.0120000000000005 60000 60000 0.2 0 0.8 0
0.366688185926404 0.389074693422519 0.548780487804878 1 1549 897 82 19.186 11.364 0.0120000000000005 0.0120000000000005 60000 60000 0.46 0 0.8 0
0.379237288135593 0.415830546265329 0.5 1 1888 897 82 22.684 10.266 0.0129999999999981 0.0100000000000051 60000 60000 0.46 0 0.8 0
0.385131894484412 0.390189520624303 0.463414634146341 1 2085 897 82 25.22 10.569 0.0110000000000028 0.0139999999999958 60000 60000 0.46 0 0.8 0
0.250564334085779 0.250564334085779 0.134146341463415 0 443 443 82 5.811 5.727 0.0120000000000005 0.0129999999999999 60000 60000 0.2 1 0.8 0
0.737704918032787 0.737704918032787 0.792682926829268 1 488 488 82 6.056 5.914 0.0120000000000005 0.0120000000000005 60000 60000 0.8 0 0.8 0
0.382691345672836 0.397993311036789 0.463414634146341 1 1999 897 82 23.8 10.557 0.0109999999999957 0.0140000000000029 60000 60000 0.46 0 0.8 0
0.38655462184874 0.405797101449275 0.451219512195122 0 2142 897 82 26.822 11.071 0.0120000000000005 0.0120000000000005 60000 60000 0.46 0 0.8 0
0.38724584103512 0.431438127090301 0.414634146341463 1 2164 897 82 26.23 10.731 0.0120000000000005 0.0120000000000005 60000 60000 0.46 1 0.8 0
0.391229578675838 0.423634336677815 0.475609756097561 1 2326 897 82 28.333 10.783 0.0110000000000028 0.0109999999999957 60000 60000 0.46 0 0.8 0
0.38898836168308 0.433667781493868 0.451219512195122 1 2234 897 82 28.079 11.152 0.0120000000000005 0.0150000000000006 60000 60000 0.46 0 0.8 0
0.308 0.308 0.280487804878049 1 750 750 82 9.869 9.635 0.0119999999999969 0.0109999999999992 60000 60000 0.2 0 0.8 0
0.391638225255973 0.444816053511706 0.439024390243902 0 2344 897 82 28.486 10.79 0.0120000000000005 0.0140000000000029 60000 60000 0.46 1 0.8 0
0.329100529100529 0.329988851727982 0.231707317073171 1 945 897 82 12.221 11.405 0.0139999999999993 0.0130000000000017 60000 60000 0.213304286651922 0 0.8 0
0.661320754716981 0.653288740245262 0.597560975609756 0 1060 897 82 10.675 9.893 0.0110000000000028 0.0110000000000028 60000 60000 0.719598160370308 1 0.8 0
0.794952681388013 0.794952681388013 0.768292682926829 1 317 317 82 3.603 3.43 0.00999999999999979 0.00999999999999979 60000 60000 0.8 0 0.8 0
0.596115204286671 0.58082497212932 0.670731707317073 0 2986 897 82 35.444 10.511 0.0129999999999981 0.0129999999999981 60000 60000 0.552905848075101 1 0.8 0
0.346678023850085 0.358974358974359 0.365853658536585 0 1174 897 82 15.136 11.249 0.0140000000000029 0.0129999999999981 60000 60000 0.324956956940828 0 0.8 0
0.803333333333333 0.803333333333333 0.841463414634146 0 300 300 82 3.711 3.647 0.0120000000000005 0.0119999999999987 60000 60000 0.8 1 0.8 0
0.797427652733119 0.797427652733119 0.817073170731707 1 311 311 82 3.828 3.775 0.0120000000000005 0.0150000000000006 60000 60000 0.8 0 0.8 0
0.350406504065041 0.351170568561873 0.378048780487805 1 1230 897 82 12.925 11.109 0.0120000000000005 0.0120000000000005 60000 60000 0.241075885050917 0 0.8 0
0.205047318611987 0.205047318611987 0.195121951219512 0 317 317 82 4.149 4.109 0.0129999999999999 0.0120000000000005 60000 60000 0.2 0 0.8 0
0.776243093922652 0.776243093922652 0.780487804878049 1 362 362 82 4.229 4.075 0.0139999999999993 0.011000000000001 60000 60000 0.8 1 0.8 0
0.814285714285714 0.814285714285714 0.792682926829268 0 280 280 82 3.531 3.47 0.0119999999999996 0.0120000000000005 60000 60000 0.8 1 0.8 0
0.195286195286195 0.195286195286195 0.182926829268293 1 297 297 82 3.919 3.823 0.0130000000000017 0.0119999999999987 60000 60000 0.2 0 0.8 0
0.402939166097061 0.422519509476031 0.414634146341463 0 2926 897 82 36.89 11.097 0.017000000000003 0.0120000000000005 60000 60000 0.46 0 0.8 0
0.355957767722474 0.352285395763657 0.439024390243902 1 1326 897 82 17.057 11.269 0.014999999999997 0.0120000000000005 60000 60000 0.321571964964791 0 0.8 0
0.799352750809062 0.799352750809062 0.768292682926829 1 309 309 82 4.166 4.041 0.0120000000000005 0.0120000000000005 60000 60000 0.8 1 0.8 0
0.210365853658537 0.210365853658537 0.195121951219512 0 328 328 82 4.338 4.311 0.0129999999999999 0.0129999999999999 60000 60000 0.2 0 0.8 0
0.363079019073569 0.38015607580825 0.426829268292683 0 1468 897 82 18.538 11.229 0.0120000000000005 0.0120000000000005 60000 60000 0.46 1 0.8 0
0.338967136150235 0.35340022296544 0.292682926829268 0 1065 897 82 13.836 11.408 0.0130000000000017 0.0139999999999993 60000 60000 0.223043391105087 0 0.8 0
0.406752918901862 0.449275362318841 0.48780487804878 1 3169 897 82 38.088 10.567 0.0109999999999957 0.0120000000000005 60000 60000 0.46 1 0.8 0
0.343694493783304 0.333333333333333 0.182926829268293 0 1126 897 82 14.507 11.284 0.0129999999999981 0.0120000000000005 60000 60000 0.2 0 0.8 0
0.405562742561449 0.452619843924192 0.48780487804878 0 3092 897 82 38.614 10.976 0.0120000000000005 0.0110000000000028 60000 60000 0.46 0 0.8 0
0.342882721575649 0.343366778149387 0.365853658536585 0 1117 897 82 14.48 11.415 0.0120000000000005 0.0120000000000005 60000 60000 0.2 1 0.8 0
0.766066838046273 0.766066838046273 0.75609756097561 1 389 389 82 4.825 4.745 0.0120000000000005 0.0119999999999987 60000 60000 0.8 1 0.8 0
0.363389830508475 0.361204013377926 0.329268292682927 1 1475 897 82 15.63 11.519 0.0120000000000005 0.0120000000000005 60000 60000 0.46 0 0.8 0
0.369268897149938 0.38015607580825 0.329268292682927 0 1614 897 82 20.159 11.126 0.0120000000000005 0.0129999999999981 60000 60000 0.458843871392201 0 0.8 0
0.402151283830673 0.422519509476031 0.463414634146341 1 2882 897 82 35.728 11.176 0.0120000000000005 0.0120000000000005 60000 60000 0.46 1 0.8 0
0.347899159663866 0.351170568561873 0.439024390243902 0 1190 897 82 15.444 11.365 0.0120000000000005 0.0120000000000005 60000 60000 0.291320026225759 0 0.8 0
0.801980198019802 0.801980198019802 0.804878048780488 1 303 303 82 3.836 3.663 0.0119999999999987 0.011000000000001 60000 60000 0.8 0 0.8 0
0.36734693877551 0.392419175027871 0.475609756097561 1 1568 897 82 19.797 11.22 0.0129999999999981 0.0109999999999992 60000 60000 0.46 1 0.8 0
0.407407407407407 0.442586399108138 0.51219512195122 1 3213 897 82 40.01 10.929 0.0109999999999957 0.0150000000000006 60000 60000 0.46 0 0.8 0
0.202572347266881 0.202572347266881 0.182926829268293 0 311 311 82 4.016 3.936 0.0120000000000005 0.0139999999999993 60000 60000 0.2 0 0.8 0
0.411930219471019 0.465997770345596 0.51219512195122 0 3554 897 82 41.465 9.919 0.0110000000000028 0.0109999999999957 60000 60000 0.46 1 0.8 0
0.778089887640449 0.778089887640449 0.792682926829268 1 356 356 82 4.496 4.37 0.011000000000001 0.011000000000001 60000 60000 0.8 1 0.8 0
0.786350148367952 0.786350148367952 0.768292682926829 1 337 337 82 4.502 4.417 0.0119999999999987 0.0120000000000005 60000 60000 0.8 1 0.8 0
0.773841961852861 0.773841961852861 0.670731707317073 0 367 367 82 4.644 4.52 0.011000000000001 0.0120000000000005 60000 60000 0.8 0 0.8 0
0.773841961852861 0.773841961852861 0.74390243902439 1 367 367 82 4.638 4.527 0.0119999999999987 0.0120000000000005 60000 60000 0.8 0 0.8 0
0.268482490272374 0.268482490272374 0.231707317073171 1 514 514 82 6.652 6.703 0.0119999999999987 0.0120000000000005 60000 60000 0.2 0 0.8 0
0.356502242152466 0.37123745819398 0.329268292682927 0 1338 897 82 17.337 11.374 0.014999999999997 0.0130000000000017 60000 60000 0.313782839510724 0 0.8 0
0.776243093922652 0.776243093922652 0.74390243902439 1 362 362 82 4.774 4.69 0.016 0.0119999999999987 60000 60000 0.8 1 0.8 0
0.410233918128655 0.464882943143813 0.48780487804878 0 3420 897 82 42.399 10.839 0.0120000000000005 0.0120000000000005 60000 60000 0.46 0 0.8 0
0.761083743842365 0.761083743842365 0.768292682926829 1 406 406 82 4.938 4.856 0.0149999999999988 0.011000000000001 60000 60000 0.8 0 0.8 0
0.409961685823755 0.477146042363434 0.51219512195122 1 3393 897 82 42.312 10.975 0.0140000000000029 0.0120000000000005 60000 60000 0.46 0 0.8 0
0.377450980392157 0.399108138238573 0.451219512195122 1 1836 897 82 23.197 11.148 0.0119999999999933 0.0120000000000005 60000 60000 0.46 0 0.8 0
0.722222222222222 0.722222222222222 0.817073170731707 1 558 558 82 6.975 6.832 0.0139999999999993 0.011000000000001 60000 60000 0.8 1 0.8 0
0.367684478371501 0.369007803790412 0.353658536585366 0 1572 897 82 20.042 11.198 0.0129999999999981 0.0120000000000005 60000 60000 0.416624195107441 0 0.8 0
0.379292128895932 0.41917502787068 0.439024390243902 0 1893 897 82 24.208 11.368 0.0120000000000005 0.0120000000000005 60000 60000 0.46 0 0.8 0
0.283531409168082 0.283531409168082 0.219512195121951 1 589 589 82 7.649 7.585 0.0130000000000017 0.0120000000000005 60000 60000 0.2 0 0.8 0
0.413521585663861 0.445930880713489 0.390243902439024 0 3683 897 82 45.186 10.697 0.0109999999999957 0.0139999999999958 60000 60000 0.46 1 0.8 0
0.383283877349159 0.389074693422519 0.365853658536585 1 2022 897 82 25.463 11.155 0.0110000000000028 0.0140000000000029 60000 60000 0.46 0 0.8 0
0.291139240506329 0.291139240506329 0.207317073170732 0 632 632 82 8.16 8.045 0.0119999999999969 0.0150000000000006 60000 60000 0.2 0 0.8 0
0.413492927094668 0.459308807134894 0.402439024390244 1 3676 897 82 45.569 10.883 0.0160000000000053 0.0120000000000005 60000 60000 0.46 1 0.8 0
0.382456140350877 0.372352285395764 0.329268292682927 0 1995 897 82 25.549 11.259 0.0120000000000005 0.0150000000000006 60000 60000 0.377187842130224 0 0.8 0
0.290271132376396 0.290271132376396 0.292682926829268 0 627 627 82 8.25 8.093 0.0120000000000005 0.0120000000000005 60000 60000 0.2 0 0.8 0
0.373325567850903 0.404682274247492 0.414634146341463 1 1717 897 82 22.244 11.35 0.0120000000000005 0.0129999999999981 60000 60000 0.46 0 0.8 0
0.300578034682081 0.300578034682081 0.280487804878049 1 692 692 82 8.952 8.754 0.0150000000000006 0.0120000000000005 60000 60000 0.267217261284105 0 0.8 0
0.376320177876598 0.393534002229654 0.402439024390244 1 1799 897 82 23.233 11.306 0.0130000000000052 0.0120000000000005 60000 60000 0.46 0 0.8 0
0.37719298245614 0.393534002229654 0.439024390243902 0 1824 897 82 23.475 11.275 0.0120000000000005 0.0129999999999981 60000 60000 0.46 1 0.8 0
0.418419144307469 0.455964325529543 0.5 1 4137 897 82 49.129 9.989 0.0109999999999957 0.0110000000000028 60000 60000 0.46 1 0.8 0
0.293663060278207 0.293663060278207 0.231707317073171 0 647 647 82 8.25 8.192 0.0120000000000005 0.0120000000000005 60000 60000 0.2 0 0.8 0
0.392131979695431 0.41917502787068 0.365853658536585 0 2364 897 82 30.029 11.179 0.0120000000000005 0.0120000000000005 60000 60000 0.46 1 0.8 0
0.612993039443155 0.613154960981048 0.658536585365854 1 2155 897 82 25.999 10.613 0.0120000000000005 0.0109999999999957 60000 60000 0.670576886910711 1 0.8 0
0.412773016311861 0.451505016722408 0.560975609756098 1 3617 897 82 45.653 11.58 0.0120000000000005 0.0150000000000006 60000 60000 0.46 0 0.8 0
0.393020357291234 0.406911928651059 0.390243902439024 0 2407 897 82 30.414 11.198 0.017000000000003 0.0120000000000005 60000 60000 0.46 0 0.8 0
0.418066715364013 0.497212931995541 0.451219512195122 0 4107 897 82 51.484 10.944 0.0120000000000005 0.0109999999999957 60000 60000 0.46 0 0.8 0
0.313131313131313 0.313131313131313 0.292682926829268 1 792 792 82 10.211 9.985 0.0150000000000006 0.0120000000000005 60000 60000 0.203804343784704 0 0.8 0
0.389309576837416 0.405797101449275 0.451219512195122 1 2245 897 82 28.766 11.246 0.0160000000000053 0.0120000000000005 60000 60000 0.46 0 0.8 0
0.315659679408138 0.315659679408138 0.280487804878049 0 811 811 82 10.434 10.207 0.0150000000000006 0.0120000000000005 60000 60000 0.2 0 0.8 0
0.655536028119508 0.645484949832776 0.597560975609756 1 1138 897 82 13.877 10.742 0.0110000000000028 0.0119999999999969 60000 60000 0.659499074507079 1 0.8 0
0.401549841493484 0.429208472686734 0.463414634146341 0 2839 897 82 35.873 11.108 0.0120000000000005 0.0109999999999957 60000 60000 0.46 0 0.8 0
0.602755453501722 0.548494983277592 0.329268292682927 0 2613 897 82 31.568 10.721 0.0109999999999957 0.0110000000000028 60000 60000 0.333950079828806 0 0.8 0
0.39459895203547 0.434782608695652 0.451219512195122 1 2481 897 82 31.566 11.223 0.0150000000000006 0.0110000000000028 60000 60000 0.46 0 0.8 0
0.395311879221295 0.430323299888517 0.548780487804878 1 2517 897 82 31.95 11.198 0.0120000000000005 0.0140000000000029 60000 60000 0.46 0 0.8 0
0.396417445482866 0.414715719063545 0.439024390243902 1 2568 897 82 32.452 11.128 0.0120000000000005 0.0110000000000028 60000 60000 0.46 0 0.8 0
0.404926108374384 0.440356744704571 0.426829268292683 0 3045 897 82 37.861 11.022 0.0120000000000005 0.0120000000000005 60000 60000 0.46 1 0.8 0
0.349506578947368 0.352285395763657 0.365853658536585 0 1216 897 82 15.371 11.276 0.0130000000000017 0.0120000000000005 60000 60000 0.327935045458658 1 0.8 0
0.400574300071788 0.442586399108138 0.439024390243902 0 2786 897 82 35.335 11.186 0.0120000000000005 0.0169999999999959 60000 60000 0.46 0 0.8 0
0.36238846945779 0.357859531772575 0.402439024390244 0 1457 897 82 18.751 11.334 0.0150000000000006 0.0119999999999969 60000 60000 0.428216839856981 0 0.8 0
0.406752918901862 0.448160535117057 0.390243902439024 0 3169 897 82 40.287 11.194 0.0120000000000005 0.0120000000000005 60000 60000 0.46 0 0.8 0
0.354566385264774 0.355629877369008 0.426829268292683 0 1303 897 82 16.641 11.394 0.0129999999999981 0.0129999999999981 60000 60000 0.423656756667973 0 0.8 0
0.402749140893471 0.41025641025641 0.341463414634146 1 2910 897 82 37.136 11.256 0.0150000000000006 0.0120000000000005 60000 60000 0.46 1 0.8 0
0.372871403405755 0.394648829431438 0.426829268292683 1 1703 897 82 22.045 11.391 0.0120000000000005 0.0140000000000029 60000 60000 0.46 1 0.8 0
0.367684478371501 0.375696767001115 0.390243902439024 1 1572 897 82 20.288 11.442 0.0120000000000005 0.0120000000000005 60000 60000 0.46 1 0.8 0
0.570932358318099 0.478260869565217 0.426829268292683 1 5470 897 82 64.524 10.421 0.0120000000000005 0.0109999999999957 60000 60000 0.360109165462989 0 0.8 0
0.407841926520531 0.453734671125975 0.426829268292683 0 3239 897 82 41.189 11.143 0.0120000000000005 0.0120000000000005 60000 60000 0.46 1 0.8 0
0.381099126861839 0.415830546265329 0.51219512195122 1 1947 897 82 25.034 11.265 0.017000000000003 0.0120000000000005 60000 60000 0.46 0 0.8 0
0.374715261958998 0.403567447045708 0.536585365853659 1 1756 897 82 22.034 11.116 0.0120000000000005 0.0110000000000028 60000 60000 0.46 1 0.8 0
0.375491849353569 0.382385730211817 0.390243902439024 0 1779 897 82 22.302 11.082 0.0129999999999981 0.0129999999999981 60000 60000 0.46 1 0.8 0
0.373772385904102 0.391304347826087 0.426829268292683 1 1731 897 82 22.165 11.26 0.0150000000000006 0.0129999999999981 60000 60000 0.46 1 0.8 0
0.382691345672836 0.40133779264214 0.329268292682927 0 1999 897 82 25.411 11.198 0.0120000000000005 0.0150000000000006 60000 60000 0.46 0 0.8 0
0.382011116725619 0.374581939799331 0.451219512195122 0 1979 897 82 25.77 11.389 0.0120000000000005 0.0130000000000052 60000 60000 0.46 1 0.8 0
0.384800384800385 0.423634336677815 0.524390243902439 1 2079 897 82 26.096 10.962 0.0110000000000028 0.0140000000000029 60000 60000 0.46 1 0.8 0
0.409455842997324 0.455964325529543 0.439024390243902 1 3363 897 82 42.568 11.059 0.0120000000000005 0.0120000000000005 60000 60000 0.46 0 0.8 0
0.385131894484412 0.42809364548495 0.51219512195122 0 2085 897 82 26.299 11.022 0.0120000000000005 0.0139999999999958 60000 60000 0.46 1 0.8 0
0.380208333333333 0.403567447045708 0.463414634146341 1 1920 897 82 23.972 11.105 0.0120000000000005 0.0150000000000006 60000 60000 0.46 0 0.8 0
0.378666666666667 0.408026755852843 0.463414634146341 0 1875 897 82 23.828 11.262 0.0120000000000005 0.0120000000000005 60000 60000 0.46 1 0.8 0
0.380927835051546 0.420289855072464 0.463414634146341 0 1940 897 82 24.194 11.078 0.0120000000000005 0.0110000000000028 60000 60000 0.46 0 0.8 0
0.380681818181818 0.413600891861761 0.402439024390244 1 1936 897 82 24.454 11.212 0.0120000000000005 0.0120000000000005 60000 60000 0.46 0 0.8 0
0.38724584103512 0.426978818283166 0.51219512195122 0 2164 897 82 27.664 11.209 0.0120000000000005 0.0120000000000005 60000 60000 0.46 0 0.8 0
0.389770723104056 0.403567447045708 0.439024390243902 0 2268 897 82 29.001 11.297 0.0120000000000005 0.0120000000000005 60000 60000 0.46 1 0.8 0
0.389309576837416 0.423634336677815 0.451219512195122 0 2245 897 82 28.331 11.04 0.0159999999999982 0.0120000000000005 60000 60000 0.46 1 0.8 0
0.388638412984671 0.423634336677815 0.51219512195122 0 2218 897 82 27.95 11.169 0.0149999999999935 0.0120000000000005 60000 60000 0.46 1 0.8 0
0.389309576837416 0.432552954292085 0.439024390243902 0 2245 897 82 28.479 11.171 0.017000000000003 0.0120000000000005 60000 60000 0.46 0 0.8 0
0.392827356130108 0.414715719063545 0.353658536585366 1 2398 897 82 31.458 11.201 0.0149999999999935 0.0120000000000005 60000 60000 0.46 0 0.8 0
0.39413680781759 0.432552954292085 0.475609756097561 0 2456 897 82 31.726 11.342 0.0120000000000005 0.0109999999999957 60000 60000 0.46 0 0.8 0
0.391857506361323 0.434782608695652 0.402439024390244 1 2358 897 82 30.084 11.239 0.0129999999999981 0.0140000000000029 60000 60000 0.46 1 0.8 0
0.39367816091954 0.464882943143813 0.48780487804878 0 2436 897 82 30.387 11.034 0.0120000000000005 0.0120000000000005 60000 60000 0.46 1 0.8 0
0.39615987460815 0.422519509476031 0.475609756097561 1 2552 897 82 32.227 11.116 0.0110000000000028 0.0140000000000029 60000 60000 0.46 0 0.8 0
0.398428731762065 0.462653288740245 0.475609756097561 0 2673 897 82 33.955 11.178 0.0140000000000029 0.0140000000000029 60000 60000 0.46 0 0.8 0
0.398809523809524 0.430323299888517 0.451219512195122 0 2688 897 82 34.138 11.199 0.0130000000000052 0.0120000000000005 60000 60000 0.46 0 0.8 0
0.404557463672391 0.440356744704571 0.402439024390244 1 3028 897 82 38.65 11.167 0.0120000000000005 0.0150000000000006 60000 60000 0.46 0 0.8 0
0.592272024729521 0.539576365663322 0.475609756097561 0 3235 897 82 38.723 10.508 0.0130000000000052 0.0129999999999981 60000 60000 0.285995588662781 0 0.8 0
0.573952749652571 0.426978818283166 0.317073170731707 1 5037 897 82 63.332 10.927 0.01400000000001 0.0120000000000005 60000 60000 0.2 0 0.8 0
0.412061711079944 0.447045707915273 0.426829268292683 1 3565 897 82 44.228 10.871 0.0120000000000005 0.0139999999999958 60000 60000 0.46 1 0.8 0
0.561504667764964 0.363433667781494 0.231707317073171 0 7284 897 82 86.901 9.64700000000001 0.0139999999999958 0.0100000000000051 60000 60000 0.2 1 0.8 0
0.410657399362873 0.445930880713489 0.524390243902439 1 3453 897 82 43.419 11.019 0.0139999999999958 0.0109999999999957 60000 60000 0.46 1 0.8 0
0.580546396608573 0.486064659977703 0.304878048780488 0 4246 897 82 50.319 10.417 0.0110000000000028 0.0129999999999981 60000 60000 0.215619089894733 1 0.8 0
0.418226002430134 0.460423634336678 0.475609756097561 0 4115 897 82 52.497 11.169 0.0120000000000005 0.0120000000000005 60000 60000 0.46 0 0.8 0
0.558650843222986 0.369007803790412 0.231707317073171 1 8005 897 82 98.719 10.264 0.0139999999999958 0.0109999999999957 60000 60000 0.2 0 0.8 0
0.571883786316776 0.473801560758082 0.353658536585366 0 5335 897 82 63.49 10.317 0.0110000000000099 0.0109999999999957 60000 60000 0.2 0 0.8 0
0.562097000280348 0.381270903010033 0.24390243902439 0 7134 897 82 91.063 10.509 0.0120000000000005 0.0120000000000005 60000 60000 0.2 0 0.8 0
0.564462560386473 0.35340022296544 0.170731707317073 1 6624 897 82 82.65 10.515 0.0130000000000052 0.012999999999991 60000 60000 0.2 1 0.8 0
0.555680793507665 0.393534002229654 0.207317073170732 1 8872 897 82 111.136 10.302 0.0130000000000052 0.0110000000000099 60000 60000 0.2 0 0.8 0
0.55668299510147 0.381270903010033 0.219512195121951 0 8574 897 82 106.939 10.196 0.0109999999999957 0.0160000000000053 60000 60000 0.2 0 0.8 0
