0.838028169014085 0.838028169014085 0.816901408450704 0.816901408450704 2 2 1 0.096 0.0760000000000001 0.026 0.0289999999999999 20000 141 0.8 1 0.8 0.5
0.197183098591549 0.197183098591549 0.211267605633803 0.211267605633803 2 2 1 0.094 0.0750000000000001 0.026 0.0289999999999999 20000 141 0.2 1 0.8 0.5
0.834507042253521 0.834507042253521 0.816901408450704 0.816901408450704 2 2 1 0.093 0.0730000000000001 0.026 0.0289999999999999 20000 141 0.8 0 0.8 0.5
0.76056338028169 0.76056338028169 0.767605633802817 0.767605633802817 3 3 1 0.126 0.103 0.0260000000000001 0.0289999999999999 20000 141 0.8 0 0.8 0.5
0.779342723004695 0.779342723004695 0.73943661971831 0.73943661971831 3 3 1 0.129 0.105 0.0270000000000001 0.0309999999999999 20000 141 0.8 1 0.8 0.5
0.230046948356808 0.230046948356808 0.169014084507042 0.169014084507042 3 3 1 0.127 0.103 0.026 0.0299999999999998 20000 141 0.2 1 0.8 0.5
0.772300469483568 0.772300469483568 0.795774647887324 0.795774647887324 3 3 1 0.127 0.101 0.0270000000000001 0.0299999999999998 20000 141 0.8 1 0.8 0.5
0.776995305164319 0.776995305164319 0.788732394366197 0.788732394366197 3 3 1 0.128 0.103 0.026 0.0299999999999998 20000 141 0.8 1 0.8 0.5
0.753521126760563 0.753521126760563 0.774647887323944 0.774647887323944 3 3 1 0.127 0.104 0.027 0.03 20000 141 0.8 1 0.8 0.5
0.765258215962441 0.765258215962441 0.73943661971831 0.73943661971831 3 3 1 0.121 0.0980000000000001 0.0259999999999999 0.0280000000000001 20000 141 0.8 1 0.8 0.5
0.774647887323944 0.774647887323944 0.788732394366197 0.788732394366197 3 3 1 0.127 0.102 0.026 0.03 20000 141 0.8 1 0.8 0.5
0.23943661971831 0.23943661971831 0.197183098591549 0.197183098591549 3 3 1 0.128 0.104 0.027 0.03 20000 141 0.2 0 0.8 0.5
0.71830985915493 0.71830985915493 0.788732394366197 0.788732394366197 4 4 1 0.151 0.13 0.026 0.0289999999999999 20000 141 0.8 0 0.8 0.5
0.253521126760563 0.253521126760563 0.197183098591549 0.197183098591549 3 3 1 0.126 0.103 0.027 0.03 20000 141 0.2 0 0.8 0.5
0.774647887323944 0.774647887323944 0.845070422535211 0.845070422535211 3 3 1 0.129 0.105 0.0270000000000001 0.0309999999999999 20000 141 0.8 1 0.8 0.5
0.827464788732394 0.827464788732394 0.845070422535211 0.845070422535211 2 2 1 0.0920000000000001 0.073 0.025 0.029 20000 141 0.8 1 0.8 0.5
0.823943661971831 0.823943661971831 0.838028169014085 0.838028169014085 2 2 1 0.093 0.0730000000000001 0.025 0.0289999999999999 20000 141 0.8 0 0.8 0.5
0.802816901408451 0.802816901408451 0.823943661971831 0.823943661971831 3 3 1 0.124 0.1 0.026 0.0289999999999999 20000 141 0.8 1 0.8 0.5
0.791079812206573 0.791079812206573 0.788732394366197 0.788732394366197 3 3 1 0.125 0.102 0.026 0.03 20000 141 0.8 1 0.8 0.5
0.800469483568075 0.800469483568075 0.809859154929577 0.809859154929577 3 3 1 0.127 0.103 0.0270000000000001 0.0289999999999999 20000 141 0.8 1 0.8 0.5
0.701408450704225 0.697183098591549 0.711267605633803 0.711267605633803 5 4 1 0.177 0.127 0.03 0.026 20000 141 0.8 0 0.8 0.5
0.709507042253521 0.709507042253521 0.746478873239437 0.746478873239437 4 4 1 0.148 0.129 0.026 0.03 20000 141 0.8 0 0.8 0.5
0.56706435285611 0.316901408450704 0.23943661971831 0.23943661971831 39 4 1 1.15 0.129 0.0259999999999998 0.0289999999999999 20000 141 0.2 0 0.8 0.5
0.776995305164319 0.776995305164319 0.78169014084507 0.78169014084507 3 3 1 0.123 0.1 0.026 0.0289999999999999 20000 141 0.8 1 0.8 0.5
0.748239436619718 0.748239436619718 0.73943661971831 0.73943661971831 4 4 1 0.151 0.132 0.026 0.03 20000 141 0.8 1 0.8 0.5
0.338368580060423 0.325704225352113 0.359154929577465 0.359154929577465 7 4 1 0.228 0.124 0.0249999999999999 0.0290000000000001 20000 141 0.284755277282403 1 0.8 0.5
0.671361502347418 0.688380281690141 0.725352112676056 0.725352112676056 6 4 1 0.212 0.134 0.0270000000000001 0.0269999999999999 20000 141 0.735747518620318 1 0.8 0.5
0.337361530715005 0.320422535211268 0.26056338028169 0.26056338028169 7 4 1 0.236 0.127 0.0269999999999999 0.0289999999999999 20000 141 0.235359970753173 0 0.8 0.5
0.556520644511581 0.355633802816901 0.316901408450704 0.316901408450704 56 4 1 1.589 0.128 0.0250000000000004 0.0249999999999999 20000 141 0.239644795090993 0 0.8 0.5
0.656387665198238 0.654929577464789 0.711267605633803 0.711267605633803 8 4 1 0.265 0.129 0.0299999999999998 0.026 20000 141 0.74606726226872 1 0.8 0.5
0.290140845070423 0.295774647887324 0.288732394366197 0.288732394366197 5 4 1 0.189 0.133 0.0310000000000001 0.0269999999999999 20000 141 0.223802115152539 0 0.8 0.5
0.391917293233083 0.404929577464789 0.429577464788732 0.429577464788732 15 4 1 0.456 0.129 0.026 0.03 20000 141 0.46 1 0.8 0.5
0.367713004484305 0.401408450704225 0.471830985915493 0.471830985915493 11 4 1 0.334 0.123 0.0250000000000001 0.028 20000 141 0.46 0 0.8 0.5
0.670694864048338 0.653169014084507 0.669014084507042 0.669014084507042 7 4 1 0.229 0.125 0.0249999999999999 0.028 20000 141 0.489683429621728 0 0.8 0.5
0.345374449339207 0.350352112676056 0.359154929577465 0.359154929577465 8 4 1 0.252 0.124 0.0290000000000001 0.0249999999999999 20000 141 0.46 0 0.8 0.5
0.557549346321456 0.36443661971831 0.387323943661972 0.387323943661972 55 4 1 1.615 0.129 0.0300000000000002 0.0259999999999998 20000 141 0.46 0 0.8 0.5
0.6530931871574 0.586267605633803 0.549295774647887 0.549295774647887 9 4 1 0.276 0.121 0.024 0.0279999999999998 20000 141 0.434005153609046 0 0.8 0.5
0.351541850220264 0.348591549295775 0.394366197183099 0.394366197183099 8 4 1 0.261 0.127 0.0299999999999998 0.026 20000 141 0.46 1 0.8 0.5
0.359436178543461 0.380281690140845 0.387323943661972 0.387323943661972 9 4 1 0.298 0.129 0.026 0.0310000000000001 20000 141 0.46 0 0.8 0.5
0.383947939262473 0.419014084507042 0.450704225352113 0.450704225352113 13 4 1 0.39 0.126 0.0250000000000001 0.0289999999999999 20000 141 0.46 0 0.8 0.5
0.382321041214751 0.397887323943662 0.408450704225352 0.408450704225352 13 4 1 0.4 0.128 0.026 0.03 20000 141 0.46 0 0.8 0.5
0.375807398708162 0.426056338028169 0.450704225352113 0.450704225352113 12 4 1 0.375 0.129 0.03 0.026 20000 141 0.46 0 0.8 0.5
0.367864693446089 0.417253521126761 0.415492957746479 0.415492957746479 10 4 1 0.303 0.121 0.0290000000000001 0.0249999999999999 20000 141 0.46 0 0.8 0.5
0.372837924407431 0.431338028169014 0.464788732394366 0.464788732394366 11 4 1 0.361 0.132 0.0270000000000001 0.0309999999999999 20000 141 0.46 1 0.8 0.5
0.389097744360902 0.454225352112676 0.47887323943662 0.47887323943662 15 4 1 0.443 0.126 0.026 0.03 20000 141 0.46 0 0.8 0.5
0.799295774647887 0.799295774647887 0.802816901408451 0.802816901408451 2 2 1 0.097 0.0770000000000001 0.026 0.0309999999999999 20000 141 0.8 1 0.8 0.5
0.388627819548872 0.464788732394366 0.408450704225352 0.408450704225352 15 4 1 0.449 0.128 0.0250000000000001 0.0289999999999999 20000 141 0.46 1 0.8 0.5
0.806338028169014 0.806338028169014 0.816901408450704 0.816901408450704 2 2 1 0.0980000000000001 0.08 0.027 0.0309999999999999 20000 141 0.8 0 0.8 0.5
0.386278195488722 0.436619718309859 0.450704225352113 0.450704225352113 15 4 1 0.446 0.128 0.026 0.03 20000 141 0.46 0 0.8 0.5
0.387713997985901 0.415492957746479 0.394366197183099 0.394366197183099 14 4 1 0.419 0.125 0.0289999999999999 0.0250000000000001 20000 141 0.46 1 0.8 0.5
0.382678751258812 0.413732394366197 0.359154929577465 0.359154929577465 14 4 1 0.437 0.129 0.03 0.0270000000000001 20000 141 0.46 0 0.8 0.5
0.248826291079812 0.248826291079812 0.176056338028169 0.176056338028169 3 3 1 0.131 0.107 0.0269999999999999 0.0309999999999999 20000 141 0.2 0 0.8 0.5
0.802816901408451 0.802816901408451 0.774647887323944 0.774647887323944 2 2 1 0.096 0.0770000000000001 0.0279999999999999 0.03 20000 141 0.8 0 0.8 0.5
0.374633000587199 0.403169014084507 0.422535211267606 0.422535211267606 12 4 1 0.378 0.129 0.03 0.026 20000 141 0.343623820465162 1 0.8 0.5
0.786384976525822 0.786384976525822 0.753521126760563 0.753521126760563 3 3 1 0.128 0.104 0.0269999999999999 0.03 20000 141 0.8 1 0.8 0.5
0.809859154929577 0.809859154929577 0.809859154929577 0.809859154929577 2 2 1 0.1 0.0800000000000001 0.028 0.0309999999999999 20000 141 0.8 1 0.8 0.5
0.402448071216617 0.426056338028169 0.514084507042254 0.514084507042254 19 4 1 0.564 0.128 0.026 0.0290000000000001 20000 141 0.46 0 0.8 0.5
0.784037558685446 0.784037558685446 0.809859154929577 0.809859154929577 3 3 1 0.129 0.105 0.028 0.03 20000 141 0.8 1 0.8 0.5
0.373458602466236 0.389084507042254 0.394366197183099 0.394366197183099 12 4 1 0.385 0.131 0.0309999999999999 0.0269999999999999 20000 141 0.46 1 0.8 0.5
0.623101952277657 0.52112676056338 0.457746478873239 0.457746478873239 13 4 1 0.406 0.129 0.0259999999999998 0.03 20000 141 0.24395462616016 0 0.8 0.5
0.621843805049912 0.524647887323944 0.464788732394366 0.464788732394366 12 4 1 0.398 0.144 0.032 0.028 20000 141 0.2 0 0.8 0.5
0.607929515418502 0.558098591549296 0.528169014084507 0.528169014084507 16 4 1 0.499 0.132 0.0309999999999999 0.0269999999999999 20000 141 0.479281425904116 1 0.8 0.5
0.389567669172932 0.436619718309859 0.5 0.5 15 4 1 0.433 0.125 0.024 0.028 20000 141 0.46 1 0.8 0.5
0.392070484581498 0.431338028169014 0.394366197183099 0.394366197183099 16 4 1 0.447 0.119 0.0269999999999999 0.024 20000 141 0.46 1 0.8 0.5
0.386706948640483 0.415492957746479 0.380281690140845 0.380281690140845 14 4 1 0.419 0.125 0.03 0.026 20000 141 0.46 0 0.8 0.5
0.799295774647887 0.799295774647887 0.830985915492958 0.830985915492958 2 2 1 0.099 0.0780000000000001 0.027 0.0309999999999999 20000 141 0.8 1 0.8 0.5
0.395522388059701 0.441901408450704 0.535211267605634 0.535211267605634 17 4 1 0.541 0.14 0.0289999999999999 0.032 20000 141 0.46 0 0.8 0.5
0.813380281690141 0.813380281690141 0.823943661971831 0.823943661971831 2 2 1 0.1 0.0830000000000001 0.029 0.0319999999999999 20000 141 0.8 1 0.8 0.5
0.816901408450704 0.816901408450704 0.809859154929577 0.809859154929577 2 2 1 0.098 0.0780000000000001 0.027 0.0299999999999999 20000 141 0.8 1 0.8 0.5
0.788732394366197 0.788732394366197 0.78169014084507 0.78169014084507 3 3 1 0.132 0.107 0.0270000000000001 0.0309999999999999 20000 141 0.8 1 0.8 0.5
0.795774647887324 0.795774647887324 0.788732394366197 0.788732394366197 2 2 1 0.099 0.0780000000000001 0.027 0.0309999999999999 20000 141 0.8 1 0.8 0.5
0.816901408450704 0.816901408450704 0.76056338028169 0.76056338028169 2 2 1 0.0990000000000001 0.077 0.026 0.03 20000 141 0.8 1 0.8 0.5
0.23943661971831 0.23943661971831 0.211267605633803 0.211267605633803 3 3 1 0.13 0.105 0.027 0.03 20000 141 0.2 0 0.8 0.5
0.784037558685446 0.784037558685446 0.732394366197183 0.732394366197183 3 3 1 0.13 0.106 0.0269999999999999 0.0310000000000001 20000 141 0.8 1 0.8 0.5
0.779342723004695 0.779342723004695 0.732394366197183 0.732394366197183 3 3 1 0.131 0.107 0.028 0.0309999999999999 20000 141 0.8 1 0.8 0.5
0.765258215962441 0.765258215962441 0.78169014084507 0.78169014084507 3 3 1 0.131 0.106 0.0270000000000001 0.0309999999999999 20000 141 0.8 0 0.8 0.5
0.765258215962441 0.765258215962441 0.830985915492958 0.830985915492958 3 3 1 0.122 0.099 0.026 0.03 20000 141 0.8 1 0.8 0.5
0.816901408450704 0.816901408450704 0.802816901408451 0.802816901408451 2 2 1 0.096 0.0750000000000001 0.026 0.0289999999999999 20000 141 0.8 1 0.8 0.5
0.816901408450704 0.816901408450704 0.830985915492958 0.830985915492958 2 2 1 0.0980000000000001 0.076 0.026 0.0309999999999999 20000 141 0.8 1 0.8 0.5
0.28169014084507 0.28169014084507 0.274647887323944 0.274647887323944 4 4 1 0.157 0.137 0.028 0.0309999999999999 20000 141 0.21378621987429 1 0.8 0.5
0.802816901408451 0.802816901408451 0.838028169014085 0.838028169014085 2 2 1 0.0960000000000001 0.077 0.027 0.03 20000 141 0.8 1 0.8 0.5
0.55879223197659 0.35387323943662 0.366197183098592 0.366197183098592 53 4 1 1.718 0.142 0.0329999999999999 0.0289999999999999 20000 141 0.46 0 0.8 0.5
0.779342723004695 0.779342723004695 0.76056338028169 0.76056338028169 3 3 1 0.122 0.1 0.026 0.029 20000 141 0.8 1 0.8 0.5
0.834507042253521 0.834507042253521 0.809859154929577 0.809859154929577 2 2 1 0.099 0.0790000000000001 0.028 0.0309999999999999 20000 141 0.8 1 0.8 0.5
0.809859154929577 0.809859154929577 0.774647887323944 0.774647887323944 3 3 1 0.126 0.103 0.026 0.03 20000 141 0.8 1 0.8 0.5
0.246478873239437 0.246478873239437 0.246478873239437 0.246478873239437 3 3 1 0.125 0.099 0.025 0.0289999999999999 20000 141 0.2 0 0.8 0.5
0.223004694835681 0.223004694835681 0.21830985915493 0.21830985915493 3 3 1 0.127 0.104 0.0259999999999999 0.0300000000000001 20000 141 0.2 1 0.8 0.5
0.784037558685446 0.784037558685446 0.746478873239437 0.746478873239437 3 3 1 0.127 0.103 0.027 0.03 20000 141 0.8 1 0.8 0.5
0.809859154929577 0.809859154929577 0.809859154929577 0.809859154929577 2 2 1 0.096 0.0750000000000001 0.026 0.0289999999999999 20000 141 0.8 1 0.8 0.5
0.809859154929577 0.809859154929577 0.774647887323944 0.774647887323944 2 2 1 0.093 0.0740000000000001 0.026 0.0289999999999999 20000 141 0.8 1 0.8 0.5
0.64291307752545 0.621478873239437 0.556338028169014 0.556338028169014 9 4 1 0.3 0.131 0.0269999999999999 0.0310000000000001 20000 141 0.487242616949821 1 0.8 0.5
0.288732394366197 0.288732394366197 0.232394366197183 0.232394366197183 4 4 1 0.159 0.138 0.0270000000000001 0.0309999999999999 20000 141 0.2 0 0.8 0.5
0.354737666405638 0.355633802816901 0.288732394366197 0.288732394366197 9 4 1 0.298 0.132 0.0269999999999999 0.0310000000000001 20000 141 0.322448993662092 0 0.8 0.5
0.356303837118246 0.360915492957746 0.309859154929577 0.309859154929577 9 4 1 0.298 0.132 0.0269999999999999 0.0309999999999999 20000 141 0.46 1 0.8 0.5
0.367159971811135 0.360915492957746 0.408450704225352 0.408450704225352 10 4 1 0.318 0.127 0.03 0.026 20000 141 0.46 1 0.8 0.5
0.367072389493914 0.373239436619718 0.436619718309859 0.436619718309859 11 4 1 0.353 0.129 0.026 0.0299999999999998 20000 141 0.46 0 0.8 0.5
0.806338028169014 0.806338028169014 0.816901408450704 0.816901408450704 2 2 1 0.101 0.0820000000000001 0.028 0.0319999999999999 20000 141 0.8 1 0.8 0.5
0.326291079812207 0.318661971830986 0.288732394366197 0.288732394366197 6 4 1 0.215 0.136 0.028 0.0269999999999999 20000 141 0.2 0 0.8 0.5
0.7981220657277 0.7981220657277 0.802816901408451 0.802816901408451 3 3 1 0.13 0.105 0.027 0.03 20000 141 0.8 1 0.8 0.5
0.845070422535211 0.845070422535211 0.852112676056338 0.852112676056338 2 2 1 0.102 0.0800000000000001 0.028 0.0309999999999999 20000 141 0.8 0 0.8 0.5
0.325117370892019 0.315140845070423 0.352112676056338 0.352112676056338 6 4 1 0.197 0.125 0.0250000000000001 0.0250000000000001 20000 141 0.46 1 0.8 0.5
0.334340382678751 0.325704225352113 0.253521126760563 0.253521126760563 7 4 1 0.24 0.13 0.026 0.03 20000 141 0.391420194050312 1 0.8 0.5
0.364509929532351 0.360915492957746 0.373239436619718 0.373239436619718 11 4 1 0.361 0.133 0.028 0.0309999999999999 20000 141 0.362314057262541 1 0.8 0.5
0.582971800433839 0.448943661971831 0.330985915492958 0.330985915492958 26 4 1 0.698 0.112 0.026 0.0229999999999999 20000 141 0.2 1 0.8 0.5
0.784037558685446 0.784037558685446 0.823943661971831 0.823943661971831 3 3 1 0.126 0.102 0.0259999999999999 0.0300000000000001 20000 141 0.8 1 0.8 0.5
0.767605633802817 0.767605633802817 0.802816901408451 0.802816901408451 3 3 1 0.127 0.103 0.0270000000000001 0.0299999999999998 20000 141 0.8 1 0.8 0.5
0.802816901408451 0.802816901408451 0.774647887323944 0.774647887323944 2 2 1 0.0980000000000001 0.078 0.026 0.0289999999999999 20000 141 0.8 0 0.8 0.5
0.809859154929577 0.809859154929577 0.767605633802817 0.767605633802817 2 2 1 0.0970000000000001 0.077 0.026 0.0299999999999999 20000 141 0.8 1 0.8 0.5
0.555219872440416 0.352112676056338 0.387323943661972 0.387323943661972 63 4 1 1.82 0.131 0.0270000000000001 0.0289999999999999 20000 141 0.46 1 0.8 0.5
0.372837924407431 0.392605633802817 0.408450704225352 0.408450704225352 11 4 1 0.351 0.129 0.026 0.0310000000000001 20000 141 0.46 0 0.8 0.5
0.806338028169014 0.806338028169014 0.802816901408451 0.802816901408451 2 2 1 0.101 0.0820000000000001 0.0279999999999999 0.031 20000 141 0.8 0 0.8 0.5
0.365791159513133 0.390845070422535 0.415492957746479 0.415492957746479 11 4 1 0.363 0.133 0.028 0.0309999999999999 20000 141 0.46 0 0.8 0.5
0.626898047722343 0.533450704225352 0.422535211267606 0.422535211267606 13 4 1 0.393 0.125 0.0249999999999999 0.0289999999999999 20000 141 0.2 0 0.8 0.5
0.7981220657277 0.7981220657277 0.838028169014085 0.838028169014085 3 3 1 0.129 0.106 0.027 0.03 20000 141 0.8 0 0.8 0.5
0.678403755868545 0.686619718309859 0.732394366197183 0.732394366197183 6 4 1 0.209 0.133 0.0270000000000001 0.0269999999999999 20000 141 0.607805803836894 0 0.8 0.5
0.767605633802817 0.767605633802817 0.746478873239437 0.746478873239437 3 3 1 0.128 0.105 0.027 0.031 20000 141 0.8 1 0.8 0.5
0.655506607929515 0.642605633802817 0.570422535211268 0.570422535211268 8 4 1 0.248 0.121 0.028 0.0250000000000001 20000 141 0.367546430783904 0 0.8 0.5
0.566004485741749 0.313380281690141 0.295774647887324 0.295774647887324 44 4 1 1.331 0.145 0.0310000000000001 0.0270000000000001 20000 141 0.2 1 0.8 0.5
0.561421928903555 0.323943661971831 0.253521126760563 0.253521126760563 47 4 1 1.394 0.139 0.0259999999999998 0.0270000000000001 20000 141 0.2 0 0.8 0.5
0.382863340563991 0.433098591549296 0.443661971830986 0.443661971830986 13 4 1 0.41 0.129 0.026 0.0310000000000001 20000 141 0.46 0 0.8 0.5
0.64200140944327 0.625 0.619718309859155 0.619718309859155 10 4 1 0.318 0.127 0.03 0.026 20000 141 0.735858705939059 1 0.8 0.5
0.585954446854664 0.427816901408451 0.338028169014085 0.338028169014085 26 4 1 0.573 0.0940000000000001 0.02 0.0190000000000001 20000 141 0.2 0 0.8 0.5
0.351541850220264 0.360915492957746 0.401408450704225 0.401408450704225 8 4 1 0.269 0.131 0.0309999999999999 0.028 20000 141 0.46 1 0.8 0.5
0.64200140944327 0.61443661971831 0.542253521126761 0.542253521126761 10 4 1 0.329 0.133 0.0310000000000001 0.028 20000 141 0.543628349883109 0 0.8 0.5
0.379609544468547 0.40669014084507 0.457746478873239 0.457746478873239 13 4 1 0.391 0.123 0.0250000000000001 0.028 20000 141 0.46 0 0.8 0.5
0.365750528541226 0.355633802816901 0.309859154929577 0.309859154929577 10 4 1 0.326 0.131 0.0309999999999999 0.0270000000000001 20000 141 0.262132324793205 0 0.8 0.5
0.387224669603524 0.422535211267606 0.443661971830986 0.443661971830986 16 4 1 0.479 0.127 0.03 0.026 20000 141 0.46 1 0.8 0.5
0.360219263899765 0.378521126760563 0.380281690140845 0.380281690140845 9 4 1 0.295 0.131 0.0259999999999998 0.0310000000000001 20000 141 0.46 1 0.8 0.5
0.375807398708162 0.378521126760563 0.436619718309859 0.436619718309859 12 4 1 0.395 0.134 0.032 0.0270000000000001 20000 141 0.46 0 0.8 0.5
0.366431774503523 0.373239436619718 0.457746478873239 0.457746478873239 11 4 1 0.349 0.127 0.026 0.03 20000 141 0.397751778713495 1 0.8 0.5
0.391189427312775 0.464788732394366 0.549295774647887 0.549295774647887 16 4 1 0.498 0.13 0.0299999999999998 0.0269999999999999 20000 141 0.46 1 0.8 0.5
0.370916079436259 0.359154929577465 0.352112676056338 0.352112676056338 11 4 1 0.342 0.126 0.026 0.0289999999999999 20000 141 0.417305892094148 0 0.8 0.5
0.679577464788732 0.663732394366197 0.626760563380282 0.626760563380282 6 4 1 0.21 0.13 0.026 0.0250000000000001 20000 141 0.753322390627233 1 0.8 0.5
0.625366999412801 0.563380281690141 0.492957746478873 0.492957746478873 12 4 1 0.387 0.132 0.0309999999999999 0.0270000000000001 20000 141 0.440873369898966 1 0.8 0.5
0.387665198237885 0.464788732394366 0.450704225352113 0.450704225352113 16 4 1 0.487 0.129 0.03 0.0269999999999999 20000 141 0.46 0 0.8 0.5
0.354737666405638 0.376760563380282 0.366197183098592 0.366197183098592 9 4 1 0.295 0.129 0.0269999999999999 0.03 20000 141 0.46 1 0.8 0.5
0.359436178543461 0.380281690140845 0.330985915492958 0.330985915492958 9 4 1 0.293 0.129 0.026 0.03 20000 141 0.46 0 0.8 0.5
0.683098591549296 0.670774647887324 0.654929577464789 0.654929577464789 6 4 1 0.209 0.133 0.0269999999999999 0.026 20000 141 0.725017124665696 0 0.8 0.5
0.649339207048458 0.667253521126761 0.71830985915493 0.71830985915493 8 4 1 0.265 0.129 0.03 0.0259999999999998 20000 141 0.799655038150457 0 0.8 0.5
0.378156194950088 0.410211267605634 0.415492957746479 0.415492957746479 12 4 1 0.382 0.13 0.03 0.0269999999999999 20000 141 0.46 1 0.8 0.5
0.373478539397822 0.392605633802817 0.429577464788732 0.429577464788732 11 4 1 0.342 0.127 0.026 0.03 20000 141 0.46 1 0.8 0.5
0.380151843817787 0.450704225352113 0.492957746478873 0.492957746478873 13 4 1 0.401 0.126 0.0259999999999998 0.03 20000 141 0.46 0 0.8 0.5
0.383947939262473 0.397887323943662 0.401408450704225 0.401408450704225 13 4 1 0.399 0.127 0.0250000000000001 0.0289999999999999 20000 141 0.46 0 0.8 0.5
0.358653093187157 0.360915492957746 0.408450704225352 0.408450704225352 9 4 1 0.296 0.131 0.026 0.0310000000000001 20000 141 0.388136160331305 0 0.8 0.5
0.384189325276939 0.438380281690141 0.450704225352113 0.450704225352113 14 4 1 0.421 0.125 0.0290000000000001 0.026 20000 141 0.46 1 0.8 0.5
0.573294629898404 0.332746478873239 0.323943661971831 0.323943661971831 34 4 1 1.019 0.165 0.0269999999999999 0.0310000000000001 20000 141 0.2 0 0.8 0.5
0.38177874186551 0.362676056338028 0.436619718309859 0.436619718309859 13 4 1 0.403 0.128 0.026 0.0310000000000001 20000 141 0.46 0 0.8 0.5
0.552704042295407 0.419014084507042 0.507042253521127 0.507042253521127 64 4 1 1.871 0.131 0.0299999999999998 0.0270000000000001 20000 141 0.46 1 0.8 0.5
0.359436178543461 0.348591549295775 0.380281690140845 0.380281690140845 9 4 1 0.29 0.127 0.026 0.03 20000 141 0.273368020503642 1 0.8 0.5
0.565737704918033 0.338028169014085 0.380281690140845 0.380281690140845 43 4 1 1.288 0.14 0.0299999999999998 0.0310000000000001 20000 141 0.46 0 0.8 0.5
0.358653093187157 0.389084507042254 0.450704225352113 0.450704225352113 9 4 1 0.293 0.129 0.026 0.03 20000 141 0.46 1 0.8 0.5
0.386748120300752 0.452464788732394 0.471830985915493 0.471830985915493 15 4 1 0.436 0.125 0.0250000000000001 0.0289999999999999 20000 141 0.46 0 0.8 0.5
0.387713997985901 0.415492957746479 0.450704225352113 0.450704225352113 14 4 1 0.409 0.123 0.0289999999999999 0.0250000000000001 20000 141 0.46 1 0.8 0.5
0.36645525017618 0.383802816901408 0.408450704225352 0.408450704225352 10 4 1 0.329 0.13 0.0310000000000001 0.0269999999999999 20000 141 0.46 0 0.8 0.5
0.394273127753304 0.448943661971831 0.429577464788732 0.429577464788732 16 4 1 0.496 0.131 0.0299999999999998 0.026 20000 141 0.46 1 0.8 0.5
0.382863340563991 0.436619718309859 0.387323943661972 0.387323943661972 13 4 1 0.413 0.133 0.0270000000000001 0.032 20000 141 0.46 0 0.8 0.5
0.634208840486867 0.554577464788732 0.542253521126761 0.542253521126761 11 4 1 0.342 0.126 0.026 0.0290000000000001 20000 141 0.449575922022476 1 0.8 0.5
0.385699899295065 0.359154929577465 0.380281690140845 0.380281690140845 14 4 1 0.433 0.128 0.0299999999999998 0.026 20000 141 0.46 0 0.8 0.5
0.594994712724709 0.447183098591549 0.394366197183099 0.394366197183099 20 4 1 0.602 0.13 0.03 0.0270000000000001 20000 141 0.2 0 0.8 0.5
0.393392070484582 0.450704225352113 0.436619718309859 0.436619718309859 16 4 1 0.483 0.128 0.03 0.0259999999999998 20000 141 0.46 1 0.8 0.5
0.602819237147595 0.529929577464789 0.535211267605634 0.535211267605634 17 4 1 0.508 0.13 0.026 0.0289999999999999 20000 141 0.228374826801366 1 0.8 0.5
0.617321248741188 0.53169014084507 0.450704225352113 0.450704225352113 14 4 1 0.419 0.126 0.03 0.026 20000 141 0.2 1 0.8 0.5
0.594289742685936 0.443661971830986 0.387323943661972 0.387323943661972 20 4 1 0.6 0.128 0.03 0.0259999999999998 20000 141 0.2 0 0.8 0.5
0.576211453744493 0.367957746478873 0.309859154929577 0.309859154929577 32 4 1 0.925 0.121 0.0249999999999999 0.0589999999999999 20000 141 0.2 1 0.8 0.5
0.375807398708162 0.367957746478873 0.429577464788732 0.429577464788732 12 4 1 0.369 0.125 0.0289999999999999 0.026 20000 141 0.46 1 0.8 0.5
0.375220199647681 0.408450704225352 0.429577464788732 0.429577464788732 12 4 1 0.363 0.125 0.03 0.0249999999999999 20000 141 0.46 0 0.8 0.5
0.562197092084006 0.39612676056338 0.436619718309859 0.436619718309859 48 4 1 1.468 0.13 0.028 0.0299999999999998 20000 141 0.46 0 0.8 0.5
0.618421052631579 0.501760563380282 0.429577464788732 0.429577464788732 15 4 1 0.445 0.128 0.026 0.0289999999999999 20000 141 0.2 0 0.8 0.5
0.381236442516269 0.389084507042254 0.457746478873239 0.457746478873239 13 4 1 0.402 0.128 0.026 0.03 20000 141 0.46 1 0.8 0.5
0.385196374622357 0.438380281690141 0.535211267605634 0.535211267605634 14 4 1 0.414 0.124 0.0289999999999999 0.026 20000 141 0.46 1 0.8 0.5
0.613796576032226 0.526408450704225 0.528169014084507 0.528169014084507 14 4 1 0.438 0.131 0.0309999999999999 0.0270000000000001 20000 141 0.2 0 0.8 0.5
0.576158940397351 0.369718309859155 0.225352112676056 0.225352112676056 33 4 1 0.926 0.125 0.0569999999999999 0.0250000000000001 20000 141 0.2 1 0.8 0.5
0.37110980622431 0.39612676056338 0.352112676056338 0.352112676056338 12 4 1 0.386 0.131 0.0299999999999998 0.0270000000000001 20000 141 0.46 1 0.8 0.5
0.613796576032226 0.519366197183099 0.47887323943662 0.47887323943662 14 4 1 0.423 0.126 0.0289999999999999 0.026 20000 141 0.2 0 0.8 0.5
0.384692849949648 0.401408450704225 0.436619718309859 0.436619718309859 14 4 1 0.431 0.129 0.03 0.026 20000 141 0.46 0 0.8 0.5
0.608623548922056 0.47887323943662 0.345070422535211 0.345070422535211 17 4 1 0.493 0.126 0.0249999999999999 0.0279999999999998 20000 141 0.2 1 0.8 0.5
0.382175226586103 0.452464788732394 0.457746478873239 0.457746478873239 14 4 1 0.436 0.13 0.03 0.0270000000000001 20000 141 0.46 0 0.8 0.5
0.573722341883689 0.35387323943662 0.26056338028169 0.26056338028169 36 4 1 1.004 0.153 0.026 0.0289999999999999 20000 141 0.2 0 0.8 0.5
0.391447368421053 0.417253521126761 0.401408450704225 0.401408450704225 15 4 1 0.466 0.135 0.0269999999999999 0.03 20000 141 0.46 1 0.8 0.5
0.599060297572435 0.51056338028169 0.47887323943662 0.47887323943662 18 4 1 0.517 0.122 0.028 0.026 20000 141 0.44171890110681 0 0.8 0.5
0.559775571860164 0.373239436619718 0.415492957746479 0.415492957746479 49 4 1 0.964 0.0839999999999999 0.0190000000000001 0.018 20000 141 0.46 0 0.8 0.5
0.580700048614487 0.376760563380282 0.274647887323944 0.274647887323944 29 4 1 0.82 0.123 0.0290000000000001 0.0249999999999999 20000 141 0.2 0 0.8 0.5
0.587371512481645 0.404929577464789 0.253521126760563 0.253521126760563 24 4 1 0.71 0.129 0.03 0.026 20000 141 0.2 0 0.8 0.5
0.590308370044053 0.508802816901408 0.5 0.5 24 4 1 0.682 0.123 0.0290000000000001 0.026 20000 141 0.27030691458659 0 0.8 0.5
0.581067472306143 0.357394366197183 0.246478873239437 0.246478873239437 28 4 1 0.809 0.122 0.0249999999999999 0.028 20000 141 0.2 0 0.8 0.5
0.555281400540477 0.427816901408451 0.408450704225352 0.408450704225352 60 4 1 1.696 0.124 0.0289999999999999 0.0249999999999999 20000 141 0.46 1 0.8 0.5
0.558432754880694 0.36443661971831 0.387323943661972 0.387323943661972 52 4 1 1.358 0.127 0.0229999999999997 0.0260000000000002 20000 141 0.374042969892663 1 0.8 0.5
0.586411051592895 0.413732394366197 0.359154929577465 0.359154929577465 25 4 1 0.708 0.127 0.0249999999999999 0.028 20000 141 0.2 0 0.8 0.5
0.572406847935549 0.378521126760563 0.246478873239437 0.246478873239437 35 4 1 0.883 0.128 0.028 0.0229999999999999 20000 141 0.2 1 0.8 0.5
0.576398362892224 0.341549295774648 0.225352112676056 0.225352112676056 31 4 1 0.862 0.119 0.0269999999999999 0.0250000000000001 20000 141 0.2 0 0.8 0.5
0.56655737704918 0.375 0.352112676056338 0.352112676056338 43 4 1 0.922 0.0820000000000001 0.0169999999999999 0.0189999999999999 20000 141 0.277303818803603 0 0.8 0.5
0.566795911173775 0.376760563380282 0.359154929577465 0.359154929577465 40 4 1 1.132 0.134 0.028 0.0259999999999998 20000 141 0.237351769392238 0 0.8 0.5
0.567787418655098 0.35387323943662 0.359154929577465 0.359154929577465 39 4 1 0.925 0.101 0.0209999999999999 0.022 20000 141 0.2 1 0.8 0.5
0.563770491803279 0.330985915492958 0.253521126760563 0.253521126760563 43 4 1 1.083 0.105 0.022 0.0249999999999999 20000 141 0.2 0 0.8 0.5
0.565901639344262 0.369718309859155 0.359154929577465 0.359154929577465 43 4 1 1.181 0.116 0.0260000000000002 0.0289999999999999 20000 141 0.424470714064437 1 0.8 0.5
0.562605363984674 0.39612676056338 0.387323943661972 0.387323943661972 46 4 1 1.251 0.117 0.0270000000000001 0.024 20000 141 0.46 1 0.8 0.5
0.559652928416486 0.383802816901408 0.401408450704225 0.401408450704225 52 4 1 1.215 0.102 0.0210000000000001 0.0239999999999998 20000 141 0.46 0 0.8 0.5
0.559087767795439 0.35387323943662 0.380281690140845 0.380281690140845 51 4 1 1.324 0.121 0.0269999999999997 0.0230000000000001 20000 141 0.447890010185675 1 0.8 0.5
0.55757180156658 0.371478873239437 0.359154929577465 0.359154929577465 54 4 1 1.181 0.097 0.02 0.022 20000 141 0.2 0 0.8 0.5
0.557549346321456 0.36443661971831 0.359154929577465 0.359154929577465 55 4 1 1.055 0.081 0.018 0.02 20000 141 0.46 1 0.8 0.5
