0.832 0.832 0.822222222222222 0.8 25 25 9 0.405 0.361 0.0130000000000001 0.014 60000 6000 0.8 1 0.8 0.2
0.852173913043478 0.852173913043478 0.877777777777778 0.9 23 23 9 0.433 0.382 0.016 0.0149999999999999 60000 6000 0.8 1 0.8 0.2
0.841666666666667 0.841666666666667 0.833333333333333 0.8 24 24 9 0.436 0.397 0.02 0.016 60000 6000 0.8 1 0.8 0.2
0.813333333333333 0.813333333333333 0.766666666666667 0.9 30 30 9 0.47 0.436 0.014 0.0139999999999998 60000 6000 0.8 1 0.8 0.2
0.196666666666667 0.196666666666667 0.177777777777778 0 30 30 9 0.476 0.437 0.014 0.014 60000 6000 0.2 0 0.8 0.2
0.785294117647059 0.785294117647059 0.722222222222222 0.7 34 34 9 0.529 0.486 0.0130000000000001 0.0129999999999999 60000 6000 0.8 1 0.8 0.2
0.8 0.8 0.777777777777778 0.6 31 31 9 0.563 0.532 0.016 0.016 60000 6000 0.8 1 0.8 0.2
0.185714285714286 0.185714285714286 0.177777777777778 0.2 28 28 9 0.504 0.445 0.0189999999999999 0.0150000000000001 60000 6000 0.2 0 0.8 0.2
0.822222222222222 0.822222222222222 0.833333333333333 0.7 27 27 9 0.411 0.371 0.0129999999999999 0.0130000000000001 60000 6000 0.8 1 0.8 0.2
0.803125 0.803125 0.733333333333333 0.5 32 32 9 0.584 0.54 0.02 0.0169999999999999 60000 6000 0.8 0 0.8 0.2
0.217142857142857 0.217142857142857 0.222222222222222 0.1 35 35 9 0.663 0.608 0.0180000000000002 0.0259999999999998 60000 6000 0.2 0 0.8 0.2
0.788235294117647 0.788235294117647 0.8 0.7 34 34 9 0.517 0.472 0.014 0.0129999999999999 60000 6000 0.8 1 0.8 0.2
0.782857142857143 0.782857142857143 0.788888888888889 0.6 35 35 9 0.582 0.55 0.016 0.0190000000000001 60000 6000 0.8 1 0.8 0.2
0.788235294117647 0.788235294117647 0.8 0.6 34 34 9 0.608 0.557 0.016 0.0150000000000001 60000 6000 0.8 1 0.8 0.2
0.777777777777778 0.777777777777778 0.722222222222222 0.9 36 36 9 0.545 0.508 0.0130000000000001 0.0129999999999999 60000 6000 0.8 1 0.8 0.2
0.785714285714286 0.785714285714286 0.766666666666667 0.4 35 35 9 0.597 0.545 0.0150000000000001 0.0190000000000001 60000 6000 0.8 0 0.8 0.2
0.182142857142857 0.182142857142857 0.2 0.3 28 28 9 0.47 0.429 0.0189999999999999 0.014 60000 6000 0.2 0 0.8 0.2
0.752272727272727 0.752272727272727 0.733333333333333 0.6 44 44 9 0.676 0.655 0.016 0.0150000000000001 60000 6000 0.8 1 0.8 0.2
0.796875 0.796875 0.755555555555556 0.8 32 32 9 0.495 0.458 0.0170000000000001 0.0130000000000001 60000 6000 0.8 1 0.8 0.2
0.2375 0.2375 0.211111111111111 0.1 40 40 9 0.634 0.598 0.0140000000000002 0.0169999999999999 60000 6000 0.2 0 0.8 0.2
0.242857142857143 0.242857142857143 0.233333333333333 0.4 42 42 9 0.635 0.597 0.0140000000000002 0.0139999999999998 60000 6000 0.2 0 0.8 0.2
0.796875 0.796875 0.8 0.7 32 32 9 0.49 0.448 0.0169999999999999 0.0129999999999999 60000 6000 0.8 1 0.8 0.2
0.7675 0.7675 0.733333333333333 0.8 40 40 9 0.614 0.581 0.0140000000000002 0.0139999999999998 60000 6000 0.8 1 0.8 0.2
0.777777777777778 0.777777777777778 0.733333333333333 0.8 36 36 9 0.545 0.509 0.014 0.0129999999999999 60000 6000 0.8 0 0.8 0.2
0.736 0.736 0.788888888888889 1 50 50 9 0.793 0.766 0.0139999999999998 0.0129999999999999 60000 6000 0.8 0 0.8 0.2
0.239024390243902 0.239024390243902 0.222222222222222 0.4 41 41 9 0.637 0.602 0.0140000000000002 0.016 60000 6000 0.2 0 0.8 0.2
0.85 0.85 0.855555555555556 0.9 24 24 9 0.471 0.432 0.0210000000000001 0.0170000000000001 60000 6000 0.8 1 0.8 0.2
0.821428571428571 0.821428571428571 0.822222222222222 0.8 28 28 9 0.541 0.489 0.0199999999999998 0.0169999999999999 60000 6000 0.8 0 0.8 0.2
0.168 0.168 0.133333333333333 0.3 25 25 9 0.519 0.462 0.0170000000000001 0.0170000000000001 60000 6000 0.2 0 0.8 0.2
0.806666666666667 0.806666666666667 0.766666666666667 0.6 30 30 9 0.562 0.52 0.0170000000000001 0.016 60000 6000 0.8 1 0.8 0.2
0.790909090909091 0.790909090909091 0.688888888888889 0.6 33 33 9 0.6 0.551 0.016 0.016 60000 6000 0.8 1 0.8 0.2
0.806666666666667 0.806666666666667 0.822222222222222 0.9 30 30 9 0.428 0.387 0.012 0.012 60000 6000 0.8 1 0.8 0.2
0.794117647058823 0.794117647058823 0.811111111111111 0.6 34 34 9 0.608 0.558 0.0149999999999997 0.016 60000 6000 0.8 1 0.8 0.2
0.777777777777778 0.777777777777778 0.822222222222222 1 36 36 9 0.645 0.602 0.0179999999999998 0.0180000000000002 60000 6000 0.8 1 0.8 0.2
0.769230769230769 0.769230769230769 0.766666666666667 0.7 39 39 9 0.692 0.664 0.0180000000000002 0.0209999999999999 60000 6000 0.8 1 0.8 0.2
0.8 0.8 0.855555555555556 0.8 31 31 9 0.586 0.563 0.0169999999999999 0.0169999999999999 60000 6000 0.8 1 0.8 0.2
0.338679245283019 0.345555555555556 0.311111111111111 0.2 106 90 9 1.578 1.324 0.0139999999999998 0.0129999999999999 60000 6000 0.314270306736631 0 0.8 0.2
0.81 0.81 0.8 0.9 30 30 9 0.569 0.516 0.016 0.016 60000 6000 0.8 1 0.8 0.2
0.814285714285714 0.814285714285714 0.833333333333333 0.9 28 28 9 0.533 0.472 0.02 0.0149999999999999 60000 6000 0.8 1 0.8 0.2
0.19 0.19 0.211111111111111 0.1 30 30 9 0.603 0.556 0.0180000000000002 0.0169999999999999 60000 6000 0.2 0 0.8 0.2
0.2 0.2 0.166666666666667 0 31 31 9 0.622 0.554 0.0169999999999999 0.0170000000000003 60000 6000 0.2 0 0.8 0.2
0.219444444444444 0.219444444444444 0.233333333333333 0.1 36 36 9 0.69 0.65 0.0179999999999998 0.0190000000000001 60000 6000 0.2 0 0.8 0.2
0.2 0.2 0.233333333333333 0.4 32 32 9 0.613 0.567 0.0220000000000002 0.0169999999999999 60000 6000 0.2 0 0.8 0.2
0.224324324324324 0.224324324324324 0.233333333333333 0 37 37 9 0.686 0.655 0.0190000000000001 0.0179999999999998 60000 6000 0.2 0 0.8 0.2
0.790909090909091 0.790909090909091 0.811111111111111 0.7 33 33 9 0.619 0.563 0.0169999999999999 0.016 60000 6000 0.8 1 0.8 0.2
0.781081081081081 0.781081081081081 0.722222222222222 0.9 37 37 9 0.705 0.653 0.0179999999999998 0.0180000000000002 60000 6000 0.8 1 0.8 0.2
0.354961832061069 0.353333333333333 0.433333333333333 0.4 131 90 9 1.853 1.276 0.0129999999999999 0.0140000000000002 60000 6000 0.317173584673759 1 0.8 0.2
0.775675675675676 0.775675675675676 0.788888888888889 0.9 37 37 9 0.676 0.67 0.0190000000000001 0.0190000000000001 60000 6000 0.8 0 0.8 0.2
0.780555555555556 0.780555555555556 0.744444444444444 0.7 36 36 9 0.678 0.648 0.0180000000000002 0.0179999999999998 60000 6000 0.8 1 0.8 0.2
0.788235294117647 0.788235294117647 0.9 0.9 34 34 9 0.65 0.599 0.016 0.0220000000000002 60000 6000 0.8 1 0.8 0.2
0.641304347826087 0.641111111111111 0.644444444444444 0.5 138 90 9 2.119 1.348 0.0140000000000002 0.0149999999999997 60000 6000 0.566627995095156 1 0.8 0.2
0.239024390243902 0.239024390243902 0.211111111111111 0.2 41 41 9 0.794 0.738 0.0170000000000003 0.0169999999999999 60000 6000 0.2 0 0.8 0.2
0.350806451612903 0.36 0.3 0.2 124 90 9 1.961 1.434 0.0170000000000003 0.0220000000000002 60000 6000 0.323408826970777 0 0.8 0.2
0.276363636363636 0.276363636363636 0.188888888888889 0.1 55 55 9 0.947 0.938 0.016 0.016 60000 6000 0.2 0 0.8 0.2
0.357037037037037 0.36 0.388888888888889 0.8 135 90 9 2.201 1.4 0.0149999999999997 0.0149999999999997 60000 6000 0.438780674247426 0 0.8 0.2
0.62969696969697 0.612222222222222 0.633333333333333 0.8 165 90 9 2.322 1.231 0.0140000000000002 0.0129999999999999 60000 6000 0.649149243443338 0 0.8 0.2
0.372832369942197 0.398888888888889 0.488888888888889 0.2 173 90 9 2.458 1.248 0.0140000000000002 0.0129999999999999 60000 6000 0.46 0 0.8 0.2
0.246511627906977 0.246511627906977 0.133333333333333 0.1 43 43 9 0.791 0.755 0.0169999999999999 0.0209999999999999 60000 6000 0.2 1 0.8 0.2
0.733333333333333 0.733333333333333 0.8 0.8 51 51 9 0.864 0.838 0.02 0.016 60000 6000 0.8 0 0.8 0.2
0.364900662251656 0.375555555555556 0.433333333333333 0.6 151 90 9 2.536 1.445 0.016 0.0149999999999997 60000 6000 0.46 1 0.8 0.2
0.643283582089552 0.608888888888889 0.633333333333333 0.5 134 90 9 2.281 1.508 0.016 0.0150000000000006 60000 6000 0.658790890755734 1 0.8 0.2
0.37030303030303 0.366666666666667 0.366666666666667 0.5 165 90 9 2.391 1.273 0.0140000000000002 0.0140000000000002 60000 6000 0.389744402610171 1 0.8 0.2
0.36624203821656 0.377777777777778 0.366666666666667 0.1 157 90 9 2.522 1.389 0.0150000000000006 0.0179999999999998 60000 6000 0.388906720234226 0 0.8 0.2
0.375141242937853 0.407777777777778 0.433333333333333 0.4 177 90 9 2.582 1.282 0.0140000000000002 0.0129999999999999 60000 6000 0.46 1 0.8 0.2
0.376111111111111 0.403333333333333 0.433333333333333 0.4 180 90 9 2.669 1.301 0.0179999999999998 0.0140000000000002 60000 6000 0.46 0 0.8 0.2
0.370658682634731 0.393333333333333 0.366666666666667 0.2 167 90 9 2.659 1.385 0.0140000000000002 0.0149999999999997 60000 6000 0.46 0 0.8 0.2
0.379057591623037 0.412222222222222 0.511111111111111 0.5 191 90 9 2.728 1.266 0.0129999999999999 0.0139999999999993 60000 6000 0.46 0 0.8 0.2
0.374576271186441 0.387777777777778 0.444444444444444 0.5 177 90 9 2.801 1.357 0.0150000000000006 0.0150000000000006 60000 6000 0.46 1 0.8 0.2
0.378723404255319 0.392222222222222 0.433333333333333 0.6 188 90 9 2.671 1.257 0.0140000000000002 0.0129999999999999 60000 6000 0.46 0 0.8 0.2
0.312658227848101 0.312658227848101 0.288888888888889 0.5 79 79 9 1.316 1.324 0.0149999999999997 0.0149999999999997 60000 6000 0.2 0 0.8 0.2
0.367924528301887 0.388888888888889 0.488888888888889 0.5 159 90 9 2.803 1.522 0.0170000000000003 0.0169999999999995 60000 6000 0.46 0 0.8 0.2
0.381725888324873 0.396666666666667 0.444444444444444 0.3 197 90 9 2.849 1.274 0.0139999999999993 0.0140000000000002 60000 6000 0.46 0 0.8 0.2
0.793939393939394 0.793939393939394 0.755555555555556 0.9 33 33 9 0.49 0.456 0.0129999999999999 0.0119999999999998 60000 6000 0.8 0 0.8 0.2
0.814285714285714 0.814285714285714 0.811111111111111 0.8 28 28 9 0.532 0.484 0.0210000000000001 0.016 60000 6000 0.8 1 0.8 0.2
0.790909090909091 0.790909090909091 0.777777777777778 0.9 33 33 9 0.611 0.567 0.016 0.016 60000 6000 0.8 0 0.8 0.2
0.785714285714286 0.785714285714286 0.722222222222222 0.8 35 35 9 0.519 0.487 0.0129999999999999 0.0170000000000001 60000 6000 0.8 1 0.8 0.2
0.813793103448276 0.813793103448276 0.788888888888889 0.7 29 29 9 0.549 0.509 0.0169999999999999 0.018 60000 6000 0.8 1 0.8 0.2
0.2 0.2 0.2 0.2 32 32 9 0.618 0.588 0.0220000000000002 0.0219999999999998 60000 6000 0.2 0 0.8 0.2
0.158333333333333 0.158333333333333 0.177777777777778 0.5 24 24 9 0.477 0.437 0.0219999999999998 0.018 60000 6000 0.2 0 0.8 0.2
0.387946428571429 0.436666666666667 0.411111111111111 0.7 224 90 9 3.199 1.283 0.0140000000000002 0.0139999999999993 60000 6000 0.46 1 0.8 0.2
0.790909090909091 0.790909090909091 0.777777777777778 0.6 33 33 9 0.615 0.555 0.0169999999999999 0.016 60000 6000 0.8 1 0.8 0.2
0.328723404255319 0.326666666666667 0.277777777777778 0.2 94 90 9 1.568 1.441 0.016 0.016 60000 6000 0.213304286651922 0 0.8 0.2
0.189655172413793 0.189655172413793 0.177777777777778 0.1 29 29 9 0.581 0.532 0.018 0.0179999999999998 60000 6000 0.2 0 0.8 0.2
0.385308056872038 0.408888888888889 0.444444444444444 0.4 211 90 9 3.153 1.336 0.0149999999999997 0.0150000000000006 60000 6000 0.46 0 0.8 0.2
0.393469387755102 0.42 0.477777777777778 0.7 245 90 9 3.583 1.291 0.0139999999999993 0.0130000000000008 60000 6000 0.46 0 0.8 0.2
0.769230769230769 0.769230769230769 0.766666666666667 0.7 39 39 9 0.733 0.697 0.0170000000000003 0.0209999999999999 60000 6000 0.8 1 0.8 0.2
0.660185185185185 0.648888888888889 0.588888888888889 0.6 108 90 9 1.847 1.52 0.0169999999999995 0.0230000000000006 60000 6000 0.719598160370308 1 0.8 0.2
0.778378378378378 0.778378378378378 0.8 0.8 37 37 9 0.687 0.65 0.0180000000000002 0.0179999999999998 60000 6000 0.8 0 0.8 0.2
0.203125 0.203125 0.177777777777778 0.2 32 32 9 0.58 0.533 0.0200000000000002 0.016 60000 6000 0.2 0 0.8 0.2
0.392148760330578 0.441111111111111 0.433333333333333 0.2 242 90 9 3.52 1.284 0.0140000000000002 0.0140000000000002 60000 6000 0.46 1 0.8 0.2
0.38942731277533 0.431111111111111 0.488888888888889 0.4 227 90 9 3.624 1.404 0.0180000000000007 0.0139999999999993 60000 6000 0.46 0 0.8 0.2
0.790909090909091 0.790909090909091 0.811111111111111 0.7 33 33 9 0.636 0.591 0.0169999999999999 0.0190000000000001 60000 6000 0.8 1 0.8 0.2
0.788571428571429 0.788571428571429 0.766666666666667 0.8 35 35 9 0.663 0.625 0.0180000000000002 0.0260000000000002 60000 6000 0.8 1 0.8 0.2
0.771052631578947 0.771052631578947 0.777777777777778 0.9 38 38 9 0.728 0.692 0.0169999999999999 0.016 60000 6000 0.8 0 0.8 0.2
0.7625 0.7625 0.688888888888889 0.5 40 40 9 0.749 0.702 0.016 0.016 60000 6000 0.8 0 0.8 0.2
0.775675675675676 0.775675675675676 0.744444444444444 0.9 37 37 9 0.696 0.647 0.0180000000000002 0.0179999999999998 60000 6000 0.8 1 0.8 0.2
0.772972972972973 0.772972972972973 0.777777777777778 0.8 37 37 9 0.641 0.589 0.0190000000000001 0.0169999999999999 60000 6000 0.8 0 0.8 0.2
0.351587301587302 0.366666666666667 0.366666666666667 0.4 126 90 9 2.041 1.463 0.016 0.0149999999999997 60000 6000 0.324956956940828 0 0.8 0.2
0.264 0.264 0.255555555555556 0.2 50 50 9 0.946 0.918 0.0179999999999998 0.0170000000000003 60000 6000 0.2 0 0.8 0.2
0.352755905511811 0.348888888888889 0.344444444444444 0.2 127 90 9 2.109 1.526 0.016 0.0150000000000006 60000 6000 0.241075885050917 0 0.8 0.2
0.3512 0.357777777777778 0.422222222222222 0.6 125 90 9 2.034 1.443 0.0180000000000007 0.0149999999999997 60000 6000 0.321571964964791 0 0.8 0.2
0.725925925925926 0.725925925925926 0.811111111111111 0.9 54 54 9 0.929 0.847 0.0149999999999997 0.0189999999999997 60000 6000 0.8 1 0.8 0.2
0.34 0.351111111111111 0.311111111111111 0.5 110 90 9 1.801 1.492 0.0150000000000006 0.0150000000000006 60000 6000 0.223043391105087 0 0.8 0.2
0.347058823529412 0.337777777777778 0.333333333333333 0.2 119 90 9 1.984 1.586 0.016 0.016 60000 6000 0.2 1 0.8 0.2
0.345217391304348 0.336666666666667 0.188888888888889 0.2 115 90 9 1.94 1.503 0.016 0.016 60000 6000 0.2 0 0.8 0.2
0.361224489795918 0.382222222222222 0.411111111111111 0.4 147 90 9 2.466 1.433 0.016 0.016 60000 6000 0.46 1 0.8 0.2
0.283050847457627 0.283050847457627 0.222222222222222 0.2 59 59 9 1.105 1.066 0.0169999999999999 0.0169999999999999 60000 6000 0.2 0 0.8 0.2
0.3512 0.345555555555556 0.455555555555556 0.2 125 90 9 2.069 1.519 0.0190000000000001 0.016 60000 6000 0.291320026225759 0 0.8 0.2
0.283050847457627 0.283050847457627 0.277777777777778 0.1 59 59 9 1.01 0.986 0.016 0.016 60000 6000 0.2 0 0.8 0.2
0.363087248322148 0.364444444444444 0.4 0.3 149 90 9 2.694 1.439 0.0179999999999998 0.016 60000 6000 0.46 0 0.8 0.2
0.366666666666667 0.392222222222222 0.477777777777778 0.5 156 90 9 2.545 1.431 0.0150000000000006 0.0179999999999998 60000 6000 0.46 1 0.8 0.2
0.370481927710843 0.385555555555556 0.311111111111111 0.3 166 90 9 2.695 1.427 0.0150000000000006 0.0140000000000002 60000 6000 0.458843871392201 0 0.8 0.2
0.287096774193548 0.287096774193548 0.233333333333333 0.1 62 62 9 1.138 1.096 0.016 0.0169999999999999 60000 6000 0.2 0 0.8 0.2
0.357971014492754 0.368888888888889 0.311111111111111 0.1 138 90 9 2.351 1.488 0.016 0.016 60000 6000 0.313782839510724 0 0.8 0.2
0.593710691823899 0.581111111111111 0.611111111111111 0.5 318 90 9 4.569 1.267 0.0179999999999998 0.0140000000000002 60000 6000 0.552905848075101 1 0.8 0.2
0.305479452054795 0.305479452054795 0.277777777777778 0.1 73 73 9 1.17 1.187 0.016 0.0139999999999998 60000 6000 0.267217261284105 0 0.8 0.2
0.403030303030303 0.424444444444444 0.422222222222222 0.5 297 90 9 4.322 1.305 0.0140000000000002 0.0140000000000002 60000 6000 0.46 0 0.8 0.2
0.274074074074074 0.274074074074074 0.244444444444444 0.1 54 54 9 0.921 0.897 0.016 0.02 60000 6000 0.2 0 0.8 0.2
0.405696202531646 0.447777777777778 0.466666666666667 0.3 316 90 9 4.38 1.223 0.0129999999999999 0.016 60000 6000 0.46 1 0.8 0.2
0.378947368421053 0.401111111111111 0.466666666666667 0.6 190 90 9 2.977 1.33 0.0149999999999997 0.0150000000000006 60000 6000 0.46 0 0.8 0.2
0.406624605678233 0.446666666666667 0.5 0.6 317 90 9 4.585 1.266 0.016 0.0129999999999999 60000 6000 0.46 0 0.8 0.2
0.366666666666667 0.364444444444444 0.333333333333333 0.3 156 90 9 2.5 1.39 0.0149999999999997 0.0180000000000007 60000 6000 0.416624195107441 0 0.8 0.2
0.406896551724138 0.448888888888889 0.477777777777778 0.5 319 90 9 4.629 1.269 0.0129999999999999 0.0140000000000002 60000 6000 0.46 0 0.8 0.2
0.404620462046205 0.421111111111111 0.422222222222222 0.4 303 90 9 4.883 1.391 0.0149999999999997 0.0149999999999997 60000 6000 0.46 1 0.8 0.2
0.411797752808989 0.458888888888889 0.466666666666667 0.4 356 90 9 5.04 1.256 0.0129999999999999 0.0169999999999995 60000 6000 0.46 1 0.8 0.2
0.380612244897959 0.408888888888889 0.477777777777778 0.5 196 90 9 3.223 1.413 0.0150000000000006 0.0149999999999997 60000 6000 0.46 0 0.8 0.2
0.382 0.372222222222222 0.366666666666667 0.4 200 90 9 3.023 1.312 0.0140000000000002 0.0140000000000002 60000 6000 0.377187842130224 0 0.8 0.2
0.385915492957746 0.387777777777778 0.311111111111111 0.3 213 90 9 3.415 1.378 0.0150000000000006 0.0150000000000006 60000 6000 0.46 0 0.8 0.2
0.408383233532934 0.464444444444444 0.466666666666667 0.3 334 90 9 4.716 1.251 0.016 0.0130000000000008 60000 6000 0.46 0 0.8 0.2
0.312658227848101 0.312658227848101 0.333333333333333 0.3 79 79 9 1.375 1.354 0.016 0.016 60000 6000 0.203804343784704 0 0.8 0.2
0.376502732240437 0.396666666666667 0.4 0.3 183 90 9 3.034 1.45 0.016 0.0149999999999997 60000 6000 0.46 0 0.8 0.2
0.371597633136095 0.404444444444444 0.433333333333333 0.4 169 90 9 2.776 1.451 0.0150000000000006 0.0150000000000006 60000 6000 0.46 0 0.8 0.2
0.377049180327869 0.391111111111111 0.511111111111111 0.5 183 90 9 2.982 1.414 0.0149999999999997 0.0149999999999997 60000 6000 0.46 1 0.8 0.2
0.319540229885057 0.319540229885057 0.288888888888889 0.3 87 87 9 1.471 1.452 0.0179999999999998 0.0150000000000001 60000 6000 0.2 0 0.8 0.2
0.410434782608696 0.478888888888889 0.533333333333333 0.3 345 90 9 5.034 1.273 0.0140000000000002 0.0139999999999993 60000 6000 0.46 0 0.8 0.2
0.614018691588785 0.607777777777778 0.666666666666667 0.8 214 90 9 3.219 1.331 0.0149999999999997 0.0150000000000006 60000 6000 0.670576886910711 1 0.8 0.2
0.413351498637602 0.44 0.366666666666667 0.3 367 90 9 5.204 1.258 0.0140000000000002 0.0140000000000002 60000 6000 0.46 1 0.8 0.2
0.656140350877193 0.637777777777778 0.588888888888889 0.6 114 90 9 1.928 1.533 0.016 0.0149999999999997 60000 6000 0.659499074507079 1 0.8 0.2
0.392946058091286 0.423333333333333 0.4 0.5 241 90 9 3.676 1.341 0.0149999999999997 0.0149999999999997 60000 6000 0.46 1 0.8 0.2
0.412876712328767 0.468888888888889 0.4 0.5 365 90 9 5.322 1.296 0.0200000000000005 0.0149999999999997 60000 6000 0.46 1 0.8 0.2
0.392016806722689 0.414444444444444 0.4 0.4 238 90 9 3.78 1.376 0.0150000000000006 0.0149999999999997 60000 6000 0.46 0 0.8 0.2
0.390393013100437 0.407777777777778 0.444444444444444 0.4 229 90 9 3.599 1.372 0.016 0.0150000000000006 60000 6000 0.46 0 0.8 0.2
0.417942583732057 0.453333333333333 0.466666666666667 0.6 418 90 9 5.8 1.207 0.0119999999999996 0.0120000000000005 60000 6000 0.46 1 0.8 0.2
0.351968503937008 0.352222222222222 0.366666666666667 0.1 127 90 9 2.098 1.501 0.0149999999999997 0.0149999999999997 60000 6000 0.327935045458658 1 0.8 0.2
0.350806451612903 0.351111111111111 0.411111111111111 0.3 124 90 9 2.072 1.495 0.0150000000000006 0.0190000000000001 60000 6000 0.423656756667973 0 0.8 0.2
0.360283687943262 0.355555555555556 0.411111111111111 0.1 141 90 9 2.504 1.513 0.0199999999999996 0.016 60000 6000 0.428216839856981 0 0.8 0.2
0.393469387755102 0.44 0.466666666666667 0.5 245 90 9 3.831 1.382 0.0140000000000002 0.0139999999999993 60000 6000 0.46 0 0.8 0.2
0.394354838709677 0.433333333333333 0.5 0.8 248 90 9 3.778 1.339 0.0150000000000006 0.0140000000000002 60000 6000 0.46 0 0.8 0.2
0.401408450704225 0.433333333333333 0.433333333333333 0.3 284 90 9 4.235 1.329 0.0139999999999993 0.0140000000000002 60000 6000 0.46 0 0.8 0.2
0.600727272727273 0.548888888888889 0.322222222222222 0.2 275 90 9 4.017 1.291 0.0140000000000002 0.0140000000000002 60000 6000 0.333950079828806 0 0.8 0.2
0.412602739726027 0.447777777777778 0.566666666666667 0.5 365 90 9 5.531 1.314 0.0170000000000003 0.0139999999999993 60000 6000 0.46 0 0.8 0.2
0.395686274509804 0.425555555555556 0.366666666666667 0.6 255 90 9 3.898 1.342 0.0149999999999997 0.0149999999999997 60000 6000 0.46 0 0.8 0.2
0.417718446601942 0.493333333333333 0.488888888888889 0.5 412 90 9 5.832 1.266 0.0139999999999993 0.016 60000 6000 0.46 0 0.8 0.2
0.403367003367003 0.447777777777778 0.455555555555556 0.4 297 90 9 4.303 1.279 0.0140000000000002 0.0139999999999993 60000 6000 0.46 1 0.8 0.2
0.398897058823529 0.438888888888889 0.422222222222222 0.4 272 90 9 4.238 1.357 0.0149999999999997 0.0149999999999997 60000 6000 0.46 0 0.8 0.2
0.374431818181818 0.387777777777778 0.444444444444444 0.1 176 90 9 3.014 1.538 0.0170000000000003 0.016 60000 6000 0.46 1 0.8 0.2
0.36687898089172 0.378888888888889 0.388888888888889 0.3 157 90 9 2.762 1.533 0.016 0.0200000000000005 60000 6000 0.46 1 0.8 0.2
0.375 0.401111111111111 0.533333333333333 0.6 180 90 9 2.873 1.367 0.0179999999999998 0.0149999999999997 60000 6000 0.46 1 0.8 0.2
0.375555555555556 0.377777777777778 0.444444444444444 0.4 180 90 9 2.8 1.359 0.0179999999999998 0.0140000000000002 60000 6000 0.46 1 0.8 0.2
0.406583072100313 0.444444444444444 0.366666666666667 0.5 319 90 9 4.673 1.272 0.0139999999999993 0.0140000000000002 60000 6000 0.46 0 0.8 0.2
0.401045296167247 0.412222222222222 0.311111111111111 0.4 287 90 9 4.217 1.312 0.0139999999999993 0.0140000000000002 60000 6000 0.46 1 0.8 0.2
0.374011299435028 0.395555555555556 0.433333333333333 0.5 177 90 9 3.075 1.522 0.016 0.016 60000 6000 0.46 1 0.8 0.2
0.380512820512821 0.417777777777778 0.488888888888889 0.6 195 90 9 3.294 1.476 0.0190000000000001 0.0149999999999997 60000 6000 0.46 0 0.8 0.2
0.386448598130841 0.426666666666667 0.488888888888889 0.5 214 90 9 3.283 1.376 0.0149999999999997 0.0149999999999997 60000 6000 0.46 1 0.8 0.2
0.379581151832461 0.403333333333333 0.355555555555556 0.5 191 90 9 3.249 1.444 0.016 0.016 60000 6000 0.46 0 0.8 0.2
0.384285714285714 0.431111111111111 0.477777777777778 0.2 210 90 9 3.203 1.349 0.0149999999999997 0.0150000000000006 60000 6000 0.46 1 0.8 0.2
0.380208333333333 0.396666666666667 0.433333333333333 0.5 192 90 9 3.05 1.387 0.0139999999999993 0.0140000000000002 60000 6000 0.46 0 0.8 0.2
0.379166666666667 0.411111111111111 0.466666666666667 0.1 192 90 9 3.016 1.392 0.0150000000000006 0.0149999999999997 60000 6000 0.46 1 0.8 0.2
0.377173913043478 0.381111111111111 0.422222222222222 0.5 184 90 9 3.132 1.449 0.016 0.016 60000 6000 0.46 1 0.8 0.2
0.382 0.417777777777778 0.477777777777778 0.1 200 90 9 3.074 1.345 0.0140000000000002 0.0140000000000002 60000 6000 0.46 0 0.8 0.2
0.381909547738693 0.41 0.366666666666667 0.7 199 90 9 3.229 1.376 0.0149999999999997 0.0140000000000002 60000 6000 0.46 0 0.8 0.2
0.389380530973451 0.415555555555556 0.433333333333333 0.3 226 90 9 3.404 1.311 0.0139999999999993 0.0170000000000003 60000 6000 0.46 1 0.8 0.2
0.387727272727273 0.42 0.511111111111111 0.6 220 90 9 3.588 1.402 0.0150000000000006 0.0149999999999997 60000 6000 0.46 0 0.8 0.2
0.4071875 0.454444444444444 0.433333333333333 0.5 320 90 9 4.811 1.301 0.0140000000000002 0.0140000000000002 60000 6000 0.46 1 0.8 0.2
0.389867841409692 0.403333333333333 0.422222222222222 0.4 227 90 9 3.732 1.388 0.0180000000000007 0.0149999999999997 60000 6000 0.46 1 0.8 0.2
0.387782805429864 0.427777777777778 0.5 0.4 221 90 9 3.35 1.321 0.0139999999999993 0.0140000000000002 60000 6000 0.46 1 0.8 0.2
0.409253731343284 0.455555555555556 0.444444444444444 0.4 335 90 9 4.979 1.291 0.0139999999999993 0.0150000000000006 60000 6000 0.46 0 0.8 0.2
0.388288288288288 0.431111111111111 0.444444444444444 0.4 222 90 9 3.648 1.404 0.0150000000000006 0.0149999999999997 60000 6000 0.46 0 0.8 0.2
0.39390243902439 0.456666666666667 0.477777777777778 0.3 246 90 9 3.626 1.277 0.0140000000000002 0.0129999999999999 60000 6000 0.46 1 0.8 0.2
0.390393013100437 0.417777777777778 0.355555555555556 0.3 229 90 9 3.672 1.412 0.0149999999999997 0.0150000000000006 60000 6000 0.46 0 0.8 0.2
0.393927125506073 0.43 0.477777777777778 0.4 247 90 9 3.903 1.379 0.0140000000000002 0.0139999999999993 60000 6000 0.46 0 0.8 0.2
0.392946058091286 0.435555555555556 0.388888888888889 0.5 241 90 9 3.885 1.41 0.016 0.0150000000000006 60000 6000 0.46 1 0.8 0.2
0.57140221402214 0.475555555555556 0.455555555555556 0.3 542 90 9 7.246 1.194 0.0120000000000005 0.0129999999999999 60000 6000 0.360109165462989 0 0.8 0.2
0.392946058091286 0.425555555555556 0.477777777777778 0.8 241 90 9 3.757 1.379 0.0150000000000006 0.0149999999999997 60000 6000 0.46 0 0.8 0.2
0.398888888888889 0.455555555555556 0.488888888888889 0.2 270 90 9 4.329 1.407 0.0150000000000006 0.0149999999999997 60000 6000 0.46 0 0.8 0.2
0.39963503649635 0.426666666666667 0.433333333333333 0.6 274 90 9 4.307 1.391 0.016 0.0149999999999997 60000 6000 0.46 0 0.8 0.2
0.403986710963455 0.443333333333333 0.377777777777778 0.5 301 90 9 4.524 1.302 0.0149999999999997 0.0170000000000003 60000 6000 0.46 0 0.8 0.2
0.592283950617284 0.534444444444444 0.5 0.5 324 90 9 4.721 1.243 0.0130000000000008 0.0129999999999999 60000 6000 0.285995588662781 0 0.8 0.2
0.412011173184358 0.444444444444444 0.422222222222222 0.4 358 90 9 5.119 1.271 0.0129999999999999 0.0140000000000002 60000 6000 0.46 1 0.8 0.2
0.409734513274336 0.435555555555556 0.522222222222222 0.8 339 90 9 4.972 1.293 0.0140000000000002 0.0140000000000002 60000 6000 0.46 1 0.8 0.2
0.573622047244094 0.43 0.333333333333333 0.4 508 90 9 7.156 1.25 0.0139999999999993 0.016 60000 6000 0.2 0 0.8 0.2
0.58046511627907 0.484444444444444 0.344444444444444 0.3 430 90 9 5.937 1.233 0.016 0.0129999999999999 60000 6000 0.215619089894733 1 0.8 0.2
0.418203883495146 0.458888888888889 0.444444444444444 0.5 412 90 9 6.016 1.314 0.0139999999999993 0.016 60000 6000 0.46 0 0.8 0.2
0.561506849315068 0.365555555555556 0.233333333333333 0.1 730 90 9 9.336 1.171 0.0120000000000005 0.0119999999999987 60000 6000 0.2 1 0.8 0.2
0.571534195933457 0.476666666666667 0.355555555555556 0.2 541 90 9 7.301 1.199 0.0130000000000017 0.0129999999999999 60000 6000 0.2 0 0.8 0.2
0.558582089552239 0.373333333333333 0.277777777777778 0.3 804 90 9 10.575 1.167 0.0129999999999999 0.0120000000000005 60000 6000 0.2 0 0.8 0.2
0.56218487394958 0.392222222222222 0.222222222222222 0.3 714 90 9 9.533 1.156 0.0120000000000005 0.0139999999999993 60000 6000 0.2 0 0.8 0.2
0.56469696969697 0.341111111111111 0.188888888888889 0.1 660 90 9 8.997 1.118 0.011000000000001 0.0139999999999993 60000 6000 0.2 1 0.8 0.2
0.556009070294785 0.394444444444444 0.222222222222222 0.2 882 90 9 10.168 1.062 0.0120000000000005 0.0120000000000005 60000 6000 0.2 0 0.8 0.2
0.556562137049942 0.384444444444444 0.233333333333333 0 861 90 9 10.028 1.021 0.0109999999999992 0.011000000000001 60000 6000 0.2 0 0.8 0.2
