0.820345310312646 0.820345310312646 0.820345310312646 0.820345310312646 1 1 1 0.392999999999999 0.369000000000002 0.359 0.356999999999999 60000 28 0.8 1 0.8 0.7
0.808212785814279 0.808212785814279 0.808212785814279 0.808212785814279 1 1 1 0.403 0.376999999999999 0.368 0.365 60000 28 0.8 1 0.8 0.7
0.801679888007466 0.801679888007466 0.801679888007466 0.801679888007466 1 1 1 0.404 0.378 0.371 0.368 60000 28 0.8 1 0.8 0.7
0.802146523565096 0.802146523565096 0.802146523565096 0.802146523565096 1 1 1 0.417 0.390000000000001 0.382 0.379999999999999 60000 28 0.8 1 0.8 0.7
0.383574428371442 0.383574428371442 0.383574428371442 0.383574428371442 1 1 1 0.394 0.369 0.360999999999999 0.358000000000001 60000 28 0.2 0 0.8 0.7
0.798880074661689 0.798880074661689 0.798880074661689 0.798880074661689 1 1 1 0.388999999999999 0.361999999999998 0.353000000000002 0.353 60000 28 0.8 1 0.8 0.7
0.78908072795147 0.78908072795147 0.78908072795147 0.78908072795147 1 1 1 0.407 0.381 0.372 0.370000000000001 60000 28 0.8 1 0.8 0.7
0.307979468035464 0.307979468035464 0.307979468035464 0.307979468035464 1 1 1 0.404999999999999 0.379000000000001 0.373999999999999 0.371 60000 28 0.2 0 0.8 0.7
0.793747083527765 0.793747083527765 0.793747083527765 0.793747083527765 1 1 1 0.412000000000001 0.384 0.377000000000001 0.374999999999998 60000 28 0.8 1 0.8 0.7
0.78861409239384 0.78861409239384 0.78861409239384 0.78861409239384 1 1 1 0.405000000000001 0.378 0.371 0.369 60000 28 0.8 0 0.8 0.7
0.382174521698553 0.382174521698553 0.382174521698553 0.382174521698553 1 1 1 0.404999999999999 0.379 0.373000000000001 0.369 60000 28 0.2 0 0.8 0.7
0.785347643490434 0.785347643490434 0.785347643490434 0.785347643490434 1 1 1 0.41 0.379 0.365 0.361000000000001 60000 28 0.8 1 0.8 0.7
0.803079794680355 0.803079794680355 0.803079794680355 0.803079794680355 1 1 1 0.401999999999999 0.377000000000001 0.371 0.364999999999998 60000 28 0.8 1 0.8 0.7
0.788147456836211 0.788147456836211 0.788147456836211 0.788147456836211 1 1 1 0.391 0.365 0.365 0.358000000000001 60000 28 0.8 1 0.8 0.7
0.775081661222585 0.775081661222585 0.775081661222585 0.775081661222585 1 1 1 0.415000000000001 0.388999999999999 0.379999999999999 0.378 60000 28 0.8 1 0.8 0.7
0.804013065795614 0.804013065795614 0.804013065795614 0.804013065795614 1 1 1 0.399000000000001 0.374000000000001 0.367999999999999 0.365 60000 28 0.8 0 0.8 0.7
0.771815212319179 0.771815212319179 0.771815212319179 0.771815212319179 1 1 1 0.407 0.381 0.372999999999999 0.371 60000 28 0.8 1 0.8 0.7
0.318712085860943 0.318712085860943 0.318712085860943 0.318712085860943 1 1 1 0.399999999999999 0.374000000000001 0.366 0.364000000000001 60000 28 0.2 0 0.8 0.7
0.796080261315912 0.796080261315912 0.796080261315912 0.796080261315912 1 1 1 0.407999999999999 0.382 0.377000000000001 0.370999999999999 60000 28 0.8 1 0.8 0.7
0.791880541297247 0.791880541297247 0.791880541297247 0.791880541297247 1 1 1 0.404 0.378 0.373000000000001 0.369 60000 28 0.8 1 0.8 0.7
0.776948203453103 0.776948203453103 0.776948203453103 0.776948203453103 1 1 1 0.405999999999999 0.380999999999998 0.373000000000001 0.369999999999999 60000 28 0.8 1 0.8 0.7
0.56724218385441 0.433504433037797 0.433504433037797 0.433504433037797 5 1 1 1.946 0.405000000000001 0.385999999999999 0.391999999999999 60000 28 0.2 0 0.8 0.7
0.79841343910406 0.79841343910406 0.79841343910406 0.79841343910406 1 1 1 0.405999999999999 0.378 0.373999999999999 0.371000000000002 60000 28 0.8 0 0.8 0.7
0.702286514232385 0.702286514232385 0.702286514232385 0.702286514232385 1 1 1 0.399000000000001 0.372999999999999 0.366 0.363000000000001 60000 28 0.8 0 0.8 0.7
0.568206564006844 0.418105459636024 0.418105459636024 0.418105459636024 6 1 1 2.206 0.387 0.371000000000002 0.369999999999997 60000 28 0.2 0 0.8 0.7
0.552 0.392440503966402 0.392440503966402 0.392440503966402 7 1 1 2.648 0.397000000000002 0.378 0.388999999999999 60000 28 0.2 0 0.8 0.7
0.806812879141391 0.806812879141391 0.806812879141391 0.806812879141391 1 1 1 0.411000000000001 0.382999999999999 0.376999999999999 0.374000000000001 60000 28 0.8 1 0.8 0.7
0.80727951469902 0.80727951469902 0.80727951469902 0.80727951469902 1 1 1 0.402000000000001 0.378 0.371 0.369999999999999 60000 28 0.8 0 0.8 0.7
0.803546430237984 0.803546430237984 0.803546430237984 0.803546430237984 1 1 1 0.403 0.378 0.372 0.369 60000 28 0.8 1 0.8 0.7
0.796546896873542 0.796546896873542 0.796546896873542 0.796546896873542 1 1 1 0.415000000000001 0.390000000000001 0.382 0.396999999999998 60000 28 0.8 1 0.8 0.7
0.791413905739617 0.791413905739617 0.791413905739617 0.791413905739617 1 1 1 0.402000000000001 0.374000000000001 0.366 0.363 60000 28 0.8 1 0.8 0.7
0.800279981334578 0.800279981334578 0.800279981334578 0.800279981334578 1 1 1 0.399000000000001 0.372999999999999 0.370000000000001 0.365 60000 28 0.8 1 0.8 0.7
0.557133333333333 0.401773215118992 0.401773215118992 0.401773215118992 7 1 1 2.709 0.404999999999998 0.388000000000002 0.399000000000001 60000 28 0.2 0 0.8 0.7
0.748016798880075 0.748016798880075 0.748016798880075 0.748016798880075 1 1 1 0.401 0.375 0.369 0.365 60000 28 0.8 1 0.8 0.7
0.764815678954736 0.764815678954736 0.764815678954736 0.764815678954736 1 1 1 0.404 0.377000000000001 0.369999999999999 0.367000000000001 60000 28 0.8 1 0.8 0.7
0.795613625758283 0.795613625758283 0.795613625758283 0.795613625758283 1 1 1 0.401999999999999 0.377000000000001 0.369 0.373000000000001 60000 28 0.8 1 0.8 0.7
0.773681754549697 0.773681754549697 0.773681754549697 0.773681754549697 1 1 1 0.404 0.379 0.372 0.370000000000001 60000 28 0.8 1 0.8 0.7
0.790013999066729 0.790013999066729 0.790013999066729 0.790013999066729 1 1 1 0.401 0.376000000000001 0.372999999999999 0.368 60000 28 0.8 1 0.8 0.7
0.383574428371442 0.383574428371442 0.383574428371442 0.383574428371442 1 1 1 0.4 0.379 0.366 0.363000000000001 60000 28 0.314270306736631 0 0.8 0.7
0.316378908072795 0.316378908072795 0.316378908072795 0.316378908072795 1 1 1 0.408000000000001 0.382999999999999 0.375999999999999 0.371 60000 28 0.2 0 0.8 0.7
0.352776481567895 0.352776481567895 0.352776481567895 0.352776481567895 1 1 1 0.407 0.378 0.369999999999999 0.366000000000001 60000 28 0.2 0 0.8 0.7
0.795146990200653 0.795146990200653 0.795146990200653 0.795146990200653 1 1 1 0.417999999999999 0.388 0.383000000000001 0.379999999999999 60000 28 0.8 1 0.8 0.7
0.549930004666356 0.393373775081661 0.393373775081661 0.393373775081661 6 1 1 2.261 0.397000000000002 0.378999999999998 0.378 60000 28 0.2 0 0.8 0.7
0.782547830144657 0.782547830144657 0.782547830144657 0.782547830144657 1 1 1 0.417 0.388999999999999 0.385 0.380999999999998 60000 28 0.8 1 0.8 0.7
0.789547363509099 0.789547363509099 0.789547363509099 0.789547363509099 1 1 1 0.419 0.391 0.383000000000001 0.379000000000001 60000 28 0.8 0 0.8 0.7
0.803546430237984 0.803546430237984 0.803546430237984 0.803546430237984 1 1 1 0.414 0.385000000000002 0.376999999999999 0.375000000000002 60000 28 0.8 1 0.8 0.7
0.791413905739617 0.791413905739617 0.791413905739617 0.791413905739617 1 1 1 0.412999999999998 0.385 0.377000000000001 0.375 60000 28 0.8 1 0.8 0.7
0.551174366153368 0.403173121791881 0.403173121791881 0.403173121791881 6 1 1 2.312 0.408000000000001 0.385999999999999 0.385999999999999 60000 28 0.2 0 0.8 0.7
0.557 0.396173588427438 0.396173588427438 0.396173588427438 7 1 1 2.739 0.407999999999998 0.391000000000002 0.401000000000003 60000 28 0.2 0 0.8 0.7
0.403173121791881 0.387307512832478 0.387307512832478 0.387307512832478 2 1 1 0.743 0.374000000000001 0.354999999999999 0.357000000000003 60000 28 0.317173584673759 1 0.8 0.7
0.668688754083061 0.668688754083061 0.668688754083061 0.668688754083061 1 1 1 0.397 0.370999999999999 0.364000000000001 0.359999999999999 60000 28 0.566627995095156 1 0.8 0.7
0.549618914294603 0.388707419505366 0.388707419505366 0.388707419505366 6 1 1 2.251 0.396000000000001 0.376999999999999 0.376000000000001 60000 28 0.2 0 0.8 0.7
0.372841810545964 0.372841810545964 0.372841810545964 0.372841810545964 1 1 1 0.394 0.369 0.361000000000001 0.359 60000 28 0.323408826970777 0 0.8 0.7
0.701819878674755 0.701819878674755 0.701819878674755 0.701819878674755 1 1 1 0.404 0.377000000000001 0.371 0.368 60000 28 0.8 0 0.8 0.7
0.377508166122259 0.377508166122259 0.377508166122259 0.377508166122259 1 1 1 0.396999999999998 0.366000000000001 0.359 0.360999999999999 60000 28 0.46 0 0.8 0.7
0.356509566028931 0.356509566028931 0.356509566028931 0.356509566028931 1 1 1 0.411000000000001 0.385 0.378 0.373999999999999 60000 28 0.438780674247426 0 0.8 0.7
0.622958469435371 0.622958469435371 0.622958469435371 0.622958469435371 1 1 1 0.397 0.372999999999999 0.364000000000001 0.359999999999999 60000 28 0.649149243443338 0 0.8 0.7
0.561129258049463 0.387774148390107 0.387774148390107 0.387774148390107 6 1 1 2.224 0.389999999999997 0.374000000000002 0.370999999999999 60000 28 0.2 1 0.8 0.7
0.673355109659356 0.673355109659356 0.673355109659356 0.673355109659356 1 1 1 0.4 0.374000000000001 0.368 0.365 60000 28 0.658790890755734 1 0.8 0.7
0.406906206252916 0.388707419505366 0.388707419505366 0.388707419505366 2 1 1 0.778 0.391 0.369999999999999 0.372 60000 28 0.46 1 0.8 0.7
0.384041063929071 0.384041063929071 0.384041063929071 0.384041063929071 1 1 1 0.388 0.363 0.355 0.353 60000 28 0.389744402610171 1 0.8 0.7
0.572095193653756 0.447503499766682 0.447503499766682 0.447503499766682 4 1 1 1.494 0.382 0.365000000000002 0.372999999999998 60000 28 0.2 0 0.8 0.7
0.369108726084928 0.369108726084928 0.369108726084928 0.369108726084928 1 1 1 0.404 0.378 0.370999999999999 0.368 60000 28 0.388906720234226 0 0.8 0.7
0.386374241717219 0.386374241717219 0.386374241717219 0.386374241717219 1 1 1 0.406000000000001 0.381 0.372999999999999 0.369 60000 28 0.46 1 0.8 0.7
0.798880074661689 0.798880074661689 0.798880074661689 0.798880074661689 1 1 1 0.407 0.370000000000001 0.363 0.363 60000 28 0.8 0 0.8 0.7
0.345776948203453 0.345776948203453 0.345776948203453 0.345776948203453 1 1 1 0.407 0.379000000000001 0.369999999999999 0.369 60000 28 0.46 0 0.8 0.7
0.409472701819879 0.408772748483434 0.408772748483434 0.408772748483434 2 1 1 0.773 0.388999999999999 0.369 0.372999999999999 60000 28 0.46 0 0.8 0.7
0.408772748483434 0.399440037330845 0.399440037330845 0.399440037330845 2 1 1 0.752000000000001 0.375 0.359 0.366000000000001 60000 28 0.46 0 0.8 0.7
0.375641623891741 0.375641623891741 0.375641623891741 0.375641623891741 1 1 1 0.407999999999999 0.385 0.374000000000001 0.373000000000001 60000 28 0.2 0 0.8 0.7
0.377041530564629 0.377041530564629 0.377041530564629 0.377041530564629 1 1 1 0.398 0.372999999999999 0.365 0.362 60000 28 0.46 1 0.8 0.7
0.806346243583761 0.806346243583761 0.806346243583761 0.806346243583761 1 1 1 0.388999999999999 0.361999999999998 0.354000000000001 0.343 60000 28 0.8 1 0.8 0.7
0.763882407839477 0.763882407839477 0.763882407839477 0.763882407839477 1 1 1 0.401 0.374000000000001 0.367000000000001 0.363999999999999 60000 28 0.8 1 0.8 0.7
0.804479701353243 0.804479701353243 0.804479701353243 0.804479701353243 1 1 1 0.396000000000001 0.369999999999999 0.365 0.361000000000001 60000 28 0.8 0 0.8 0.7
0.390107326178255 0.388240783947737 0.388240783947737 0.388240783947737 2 1 1 0.741 0.375 0.354000000000001 0.355 60000 28 0.46 0 0.8 0.7
0.381707886140924 0.381707886140924 0.381707886140924 0.381707886140924 1 1 1 0.385 0.359999999999999 0.351000000000001 0.349 60000 28 0.46 0 0.8 0.7
0.771348576761549 0.771348576761549 0.771348576761549 0.771348576761549 1 1 1 0.414000000000001 0.388 0.382 0.379 60000 28 0.8 1 0.8 0.7
0.379841343910406 0.379841343910406 0.379841343910406 0.379841343910406 1 1 1 0.408999999999999 0.382999999999999 0.377000000000001 0.373000000000001 60000 28 0.46 0 0.8 0.7
0.346243583761083 0.346243583761083 0.346243583761083 0.346243583761083 1 1 1 0.407999999999999 0.382000000000001 0.375 0.369999999999999 60000 28 0.2 0 0.8 0.7
0.372841810545964 0.372841810545964 0.372841810545964 0.372841810545964 1 1 1 0.4 0.372999999999999 0.366999999999999 0.365 60000 28 0.2 0 0.8 0.7
0.810545963602426 0.810545963602426 0.810545963602426 0.810545963602426 1 1 1 0.399000000000001 0.372999999999999 0.367000000000001 0.363 60000 28 0.8 1 0.8 0.7
0.329444703686421 0.329444703686421 0.329444703686421 0.329444703686421 1 1 1 0.406000000000001 0.379 0.374000000000001 0.368 60000 28 0.2 0 0.8 0.7
0.38497433504433 0.38497433504433 0.38497433504433 0.38497433504433 1 1 1 0.399000000000001 0.372999999999999 0.365 0.362 60000 28 0.213304286651922 0 0.8 0.7
0.383574428371442 0.383574428371442 0.383574428371442 0.383574428371442 1 1 1 0.390000000000001 0.363 0.353999999999999 0.352 60000 28 0.46 1 0.8 0.7
0.760615958936071 0.760615958936071 0.760615958936071 0.760615958936071 1 1 1 0.403 0.379 0.372 0.368 60000 28 0.8 1 0.8 0.7
0.762482501166589 0.762482501166589 0.762482501166589 0.762482501166589 1 1 1 0.402000000000001 0.375999999999999 0.372 0.367000000000001 60000 28 0.8 0 0.8 0.7
0.309846010265982 0.309846010265982 0.309846010265982 0.309846010265982 1 1 1 0.404000000000002 0.376999999999999 0.370000000000001 0.367000000000001 60000 28 0.2 0 0.8 0.7
0.79841343910406 0.79841343910406 0.79841343910406 0.79841343910406 1 1 1 0.406000000000001 0.378 0.372 0.369 60000 28 0.8 1 0.8 0.7
0.387307512832478 0.39477368175455 0.39477368175455 0.39477368175455 2 1 1 0.75 0.375999999999999 0.357999999999999 0.359 60000 28 0.46 0 0.8 0.7
0.714885674288381 0.714885674288381 0.714885674288381 0.714885674288381 1 1 1 0.404 0.375 0.369 0.364000000000001 60000 28 0.719598160370308 1 0.8 0.7
0.781614559029398 0.781614559029398 0.781614559029398 0.781614559029398 1 1 1 0.404 0.378 0.371 0.368 60000 28 0.8 1 0.8 0.7
0.374708352776482 0.374708352776482 0.374708352776482 0.374708352776482 1 1 1 0.398 0.374000000000001 0.368 0.366999999999999 60000 28 0.46 0 0.8 0.7
0.79794680354643 0.79794680354643 0.79794680354643 0.79794680354643 1 1 1 0.403 0.376999999999999 0.369 0.366 60000 28 0.8 0 0.8 0.7
0.763882407839477 0.763882407839477 0.763882407839477 0.763882407839477 1 1 1 0.408000000000001 0.381 0.374000000000001 0.369999999999999 60000 28 0.8 1 0.8 0.7
0.766682221185254 0.766682221185254 0.766682221185254 0.766682221185254 1 1 1 0.401999999999999 0.375 0.369 0.366 60000 28 0.8 0 0.8 0.7
0.757816145590294 0.757816145590294 0.757816145590294 0.757816145590294 1 1 1 0.426 0.392999999999999 0.390000000000001 0.385999999999999 60000 28 0.8 0 0.8 0.7
0.383807746150257 0.398506766215586 0.398506766215586 0.398506766215586 2 1 1 0.757 0.378 0.361000000000001 0.363 60000 28 0.46 1 0.8 0.7
0.378441437237517 0.390107326178255 0.390107326178255 0.390107326178255 2 1 1 0.771999999999998 0.386999999999999 0.368 0.369 60000 28 0.46 0 0.8 0.7
0.372375174988334 0.372375174988334 0.372375174988334 0.372375174988334 1 1 1 0.404 0.378 0.371 0.367999999999999 60000 28 0.2 0 0.8 0.7
0.356509566028931 0.356509566028931 0.356509566028931 0.356509566028931 1 1 1 0.409999999999998 0.385000000000002 0.375999999999999 0.374000000000001 60000 28 0.324956956940828 0 0.8 0.7
0.703219785347644 0.703219785347644 0.703219785347644 0.703219785347644 1 1 1 0.411 0.385 0.378 0.375000000000002 60000 28 0.8 1 0.8 0.7
0.362575828278115 0.362575828278115 0.362575828278115 0.362575828278115 1 1 1 0.398 0.373000000000001 0.365 0.362 60000 28 0.223043391105087 0 0.8 0.7
0.416005599626692 0.390573961735884 0.390573961735884 0.390573961735884 2 1 1 0.754999999999999 0.381 0.360999999999999 0.364000000000001 60000 28 0.321571964964791 0 0.8 0.7
0.547830144657023 0.398506766215586 0.398506766215586 0.398506766215586 6 1 1 2.226 0.390999999999998 0.374000000000002 0.372999999999998 60000 28 0.241075885050917 0 0.8 0.7
0.374241717218852 0.374241717218852 0.374241717218852 0.374241717218852 1 1 1 0.405000000000001 0.378 0.371 0.369 60000 28 0.2 0 0.8 0.7
0.377508166122259 0.377508166122259 0.377508166122259 0.377508166122259 1 1 1 0.411999999999999 0.385999999999999 0.378 0.376000000000001 60000 28 0.2 0 0.8 0.7
0.386374241717219 0.386374241717219 0.386374241717219 0.386374241717219 1 1 1 0.390000000000001 0.364000000000001 0.355 0.355 60000 28 0.46 1 0.8 0.7
0.555218540986157 0.397106859542697 0.397106859542697 0.397106859542697 6 1 1 2.2 0.385000000000002 0.367999999999999 0.369 60000 28 0.2 1 0.8 0.7
0.385907606159589 0.385907606159589 0.385907606159589 0.385907606159589 1 1 1 0.404999999999999 0.378 0.370000000000001 0.369 60000 28 0.291320026225759 0 0.8 0.7
0.332711152589827 0.332711152589827 0.332711152589827 0.332711152589827 1 1 1 0.401 0.375 0.369999999999999 0.366 60000 28 0.2 0 0.8 0.7
0.373308446103593 0.373308446103593 0.373308446103593 0.373308446103593 1 1 1 0.413 0.383999999999999 0.379000000000001 0.375 60000 28 0.46 0 0.8 0.7
0.364442370508633 0.364442370508633 0.364442370508633 0.364442370508633 1 1 1 0.393000000000001 0.369999999999999 0.361000000000001 0.356999999999999 60000 28 0.458843871392201 0 0.8 0.7
0.331311245916939 0.331311245916939 0.331311245916939 0.331311245916939 1 1 1 0.396000000000001 0.372 0.366 0.362 60000 28 0.267217261284105 0 0.8 0.7
0.405739617358843 0.392440503966402 0.392440503966402 0.392440503966402 2 1 1 0.746 0.375999999999999 0.356 0.356999999999999 60000 28 0.46 1 0.8 0.7
0.380774615025665 0.380774615025665 0.380774615025665 0.380774615025665 1 1 1 0.401999999999999 0.376000000000001 0.369 0.365 60000 28 0.313782839510724 0 0.8 0.7
0.324778348110126 0.324778348110126 0.324778348110126 0.324778348110126 1 1 1 0.411 0.385 0.375999999999999 0.372999999999999 60000 28 0.2 0 0.8 0.7
0.61899206719552 0.604759682687821 0.604759682687821 0.604759682687821 2 1 1 0.739000000000001 0.372 0.352 0.354000000000001 60000 28 0.552905848075101 1 0.8 0.7
0.396640223985068 0.396173588427438 0.396173588427438 0.396173588427438 2 1 1 0.761000000000001 0.382999999999999 0.361000000000001 0.363 60000 28 0.46 0 0.8 0.7
0.386140923938404 0.395706952869809 0.395706952869809 0.395706952869809 2 1 1 0.764000000000001 0.384 0.363999999999999 0.366000000000001 60000 28 0.46 0 0.8 0.7
0.377974801679888 0.377974801679888 0.377974801679888 0.377974801679888 1 1 1 0.395999999999999 0.370000000000001 0.362 0.361000000000001 60000 28 0.416624195107441 0 0.8 0.7
0.395240317312179 0.397106859542697 0.397106859542697 0.397106859542697 2 1 1 0.721 0.363 0.343 0.343999999999999 60000 28 0.46 1 0.8 0.7
0.562015865608959 0.457769482034531 0.457769482034531 0.457769482034531 5 1 1 1.843 0.381999999999998 0.364000000000001 0.372 60000 28 0.2 0 0.8 0.7
0.401306579561363 0.40410639290714 0.40410639290714 0.40410639290714 2 1 1 0.741999999999999 0.372 0.353999999999999 0.356999999999999 60000 28 0.46 0 0.8 0.7
0.407606159589361 0.435370975268315 0.435370975268315 0.435370975268315 2 1 1 0.670999999999999 0.334999999999999 0.317 0.324 60000 28 0.46 1 0.8 0.7
0.335044330377975 0.335044330377975 0.335044330377975 0.335044330377975 1 1 1 0.404 0.378 0.369999999999999 0.368 60000 28 0.203804343784704 0 0.8 0.7
0.380774615025665 0.380774615025665 0.380774615025665 0.380774615025665 1 1 1 0.404 0.378 0.369999999999999 0.366000000000001 60000 28 0.377187842130224 0 0.8 0.7
0.375174988334111 0.375174988334111 0.375174988334111 0.375174988334111 1 1 1 0.406000000000001 0.381 0.372999999999999 0.369999999999999 60000 28 0.46 0 0.8 0.7
0.394073728418105 0.401773215118992 0.401773215118992 0.401773215118992 2 1 1 0.745000000000001 0.372999999999999 0.353999999999999 0.356 60000 28 0.46 0 0.8 0.7
0.342043863742417 0.342043863742417 0.342043863742417 0.342043863742417 1 1 1 0.398999999999999 0.372999999999999 0.365 0.362 60000 28 0.2 0 0.8 0.7
0.386374241717219 0.388240783947737 0.388240783947737 0.388240783947737 2 1 1 0.746 0.375999999999999 0.356 0.358000000000001 60000 28 0.46 0 0.8 0.7
0.391507232851143 0.409706019598693 0.409706019598693 0.409706019598693 2 1 1 0.745000000000001 0.375 0.355 0.358000000000001 60000 28 0.46 1 0.8 0.7
0.383574428371442 0.383574428371442 0.383574428371442 0.383574428371442 1 1 1 0.412000000000001 0.385999999999999 0.380000000000001 0.375999999999999 60000 28 0.46 0 0.8 0.7
0.38544097060196 0.38544097060196 0.38544097060196 0.38544097060196 1 1 1 0.407 0.385999999999999 0.372999999999999 0.369 60000 28 0.46 0 0.8 0.7
0.409472701819879 0.39430704619692 0.39430704619692 0.39430704619692 2 1 1 0.767999999999999 0.391 0.367999999999999 0.369999999999999 60000 28 0.46 1 0.8 0.7
0.394540363975735 0.414372375174988 0.414372375174988 0.414372375174988 2 1 1 0.75 0.378 0.359 0.361000000000001 60000 28 0.46 0 0.8 0.7
0.670555296313579 0.670555296313579 0.670555296313579 0.670555296313579 1 1 1 0.399000000000001 0.372 0.366999999999999 0.364000000000001 60000 28 0.659499074507079 1 0.8 0.7
0.397106859542697 0.419505366308913 0.419505366308913 0.419505366308913 2 1 1 0.734999999999999 0.369 0.349 0.351999999999999 60000 28 0.46 0 0.8 0.7
0.629024731684554 0.629024731684554 0.629024731684554 0.629024731684554 1 1 1 0.398 0.370999999999999 0.363 0.363 60000 28 0.670576886910711 1 0.8 0.7
0.401073261782548 0.403173121791881 0.403173121791881 0.403173121791881 2 1 1 0.735999999999999 0.369999999999999 0.363 0.357000000000001 60000 28 0.46 1 0.8 0.7
0.393607092860476 0.398973401773215 0.398973401773215 0.398973401773215 2 1 1 0.760999999999999 0.382999999999999 0.364000000000001 0.364999999999998 60000 28 0.46 1 0.8 0.7
0.378908072795147 0.378908072795147 0.378908072795147 0.378908072795147 1 1 1 0.404 0.378 0.370000000000001 0.366999999999999 60000 28 0.46 0 0.8 0.7
0.406439570695287 0.423705086327578 0.423705086327578 0.423705086327578 2 1 1 0.640000000000001 0.318999999999999 0.327 0.31 60000 28 0.46 1 0.8 0.7
0.402473168455436 0.409706019598693 0.409706019598693 0.409706019598693 2 1 1 0.739000000000001 0.372 0.351000000000001 0.354000000000001 60000 28 0.46 1 0.8 0.7
0.377041530564629 0.377041530564629 0.377041530564629 0.377041530564629 1 1 1 0.394 0.369000000000002 0.359999999999999 0.357000000000001 60000 28 0.327935045458658 1 0.8 0.7
0.374708352776482 0.374708352776482 0.374708352776482 0.374708352776482 1 1 1 0.407 0.379999999999999 0.371 0.368 60000 28 0.46 0 0.8 0.7
0.36724218385441 0.36724218385441 0.36724218385441 0.36724218385441 1 1 1 0.407 0.381 0.374000000000001 0.370999999999999 60000 28 0.423656756667973 0 0.8 0.7
0.401306579561363 0.389174055062996 0.389174055062996 0.389174055062996 2 1 1 0.750999999999999 0.378 0.359 0.361000000000001 60000 28 0.428216839856981 0 0.8 0.7
0.405506299580028 0.40363975734951 0.40363975734951 0.40363975734951 2 1 1 0.750999999999999 0.378 0.359 0.360999999999999 60000 28 0.46 0 0.8 0.7
0.405972935137657 0.40363975734951 0.40363975734951 0.40363975734951 2 1 1 0.760999999999999 0.383000000000001 0.365 0.366999999999999 60000 28 0.46 0 0.8 0.7
0.620858609426038 0.608026131591227 0.608026131591227 0.608026131591227 2 1 1 0.742999999999999 0.374000000000001 0.356000000000002 0.357999999999999 60000 28 0.333950079828806 0 0.8 0.7
0.391040597293514 0.398040130657956 0.398040130657956 0.398040130657956 2 1 1 0.766 0.385 0.366 0.369000000000002 60000 28 0.46 0 0.8 0.7
0.385674288380775 0.396640223985068 0.396640223985068 0.396640223985068 2 1 1 0.75 0.376999999999999 0.356999999999999 0.358000000000001 60000 28 0.46 0 0.8 0.7
0.391973868408773 0.397573495100327 0.397573495100327 0.397573495100327 2 1 1 0.758000000000001 0.382999999999999 0.361000000000001 0.363000000000001 60000 28 0.46 0 0.8 0.7
0.419272048530098 0.429304713019132 0.429304713019132 0.429304713019132 2 1 1 0.753 0.362 0.342000000000001 0.345000000000001 60000 28 0.46 0 0.8 0.7
0.392907139524032 0.406439570695287 0.406439570695287 0.406439570695287 2 1 1 0.739000000000001 0.371 0.351000000000001 0.353000000000002 60000 28 0.46 1 0.8 0.7
0.366308912739151 0.366308912739151 0.366308912739151 0.366308912739151 1 1 1 0.404 0.380000000000001 0.369 0.367000000000001 60000 28 0.46 1 0.8 0.7
0.372841810545964 0.372841810545964 0.372841810545964 0.372841810545964 1 1 1 0.407999999999999 0.381 0.374000000000001 0.369999999999999 60000 28 0.46 1 0.8 0.7
0.382174521698553 0.382174521698553 0.382174521698553 0.382174521698553 1 1 1 0.391 0.366 0.358000000000001 0.355 60000 28 0.46 1 0.8 0.7
0.381241250583294 0.401773215118992 0.401773215118992 0.401773215118992 2 1 1 0.769 0.387 0.366999999999999 0.367999999999999 60000 28 0.46 0 0.8 0.7
0.398273448436771 0.388240783947737 0.388240783947737 0.388240783947737 2 1 1 0.743 0.373000000000001 0.357000000000001 0.358000000000001 60000 28 0.46 1 0.8 0.7
0.372375174988334 0.372375174988334 0.372375174988334 0.372375174988334 1 1 1 0.412000000000001 0.385 0.378 0.376000000000001 60000 28 0.46 1 0.8 0.7
0.390807279514699 0.39477368175455 0.39477368175455 0.39477368175455 2 1 1 0.747 0.375 0.357000000000001 0.358999999999998 60000 28 0.46 1 0.8 0.7
0.381474568362109 0.387774148390107 0.387774148390107 0.387774148390107 2 1 1 0.744 0.374000000000001 0.355 0.355999999999998 60000 28 0.46 1 0.8 0.7
0.418805412972468 0.401773215118992 0.401773215118992 0.401773215118992 2 1 1 0.751000000000001 0.378 0.359 0.359999999999999 60000 28 0.46 0 0.8 0.7
0.377041530564629 0.377041530564629 0.377041530564629 0.377041530564629 1 1 1 0.395 0.370000000000001 0.360999999999999 0.357000000000001 60000 28 0.46 1 0.8 0.7
0.386374241717219 0.386374241717219 0.386374241717219 0.386374241717219 1 1 1 0.395999999999999 0.371 0.364999999999998 0.360999999999999 60000 28 0.46 0 0.8 0.7
0.388007466168922 0.386840877274848 0.386840877274848 0.386840877274848 2 1 1 0.754 0.382000000000001 0.360999999999999 0.363 60000 28 0.46 0 0.8 0.7
0.380774615025665 0.401306579561363 0.401306579561363 0.401306579561363 2 1 1 0.763 0.383000000000001 0.364000000000001 0.365 60000 28 0.46 0 0.8 0.7
0.378441437237517 0.378441437237517 0.378441437237517 0.378441437237517 1 1 1 0.412000000000001 0.385999999999999 0.378 0.375999999999999 60000 28 0.46 1 0.8 0.7
0.381241250583294 0.381241250583294 0.381241250583294 0.381241250583294 1 1 1 0.395999999999999 0.388000000000002 0.363999999999999 0.361000000000001 60000 28 0.46 0 0.8 0.7
0.389640690620625 0.399906672888474 0.399906672888474 0.399906672888474 2 1 1 0.783999999999999 0.393999999999998 0.372999999999999 0.375 60000 28 0.46 0 0.8 0.7
0.40363975734951 0.392907139524032 0.392907139524032 0.392907139524032 2 1 1 0.744 0.372999999999999 0.355 0.355000000000002 60000 28 0.46 1 0.8 0.7
0.556553695385872 0.393840410639291 0.393840410639291 0.393840410639291 8 1 1 3.01 0.395 0.386000000000003 0.353000000000002 60000 28 0.46 1 0.8 0.7
0.403406439570695 0.391507232851143 0.391507232851143 0.391507232851143 2 1 1 0.753 0.379999999999999 0.358000000000001 0.361000000000001 60000 28 0.46 0 0.8 0.7
0.379374708352776 0.379374708352776 0.379374708352776 0.379374708352776 1 1 1 0.41 0.383000000000001 0.375 0.372 60000 28 0.46 1 0.8 0.7
0.400606626224918 0.39430704619692 0.39430704619692 0.39430704619692 2 1 1 0.765000000000001 0.383999999999999 0.364000000000001 0.366999999999999 60000 28 0.46 1 0.8 0.7
0.393373775081661 0.406906206252916 0.406906206252916 0.406906206252916 2 1 1 0.764000000000001 0.384 0.363 0.365000000000002 60000 28 0.46 1 0.8 0.7
0.397340177321512 0.399906672888474 0.399906672888474 0.399906672888474 2 1 1 0.760999999999999 0.381 0.363000000000001 0.364999999999998 60000 28 0.46 0 0.8 0.7
0.374241717218852 0.396640223985068 0.396640223985068 0.396640223985068 2 1 1 0.746 0.375 0.357000000000001 0.357999999999999 60000 28 0.46 0 0.8 0.7
0.396406906206253 0.391040597293514 0.391040597293514 0.391040597293514 2 1 1 0.743 0.372999999999999 0.353999999999999 0.356 60000 28 0.46 1 0.8 0.7
0.40853943070462 0.403173121791881 0.403173121791881 0.403173121791881 2 1 1 0.776 0.390000000000001 0.370000000000001 0.373000000000001 60000 28 0.46 0 0.8 0.7
0.386840877274848 0.393373775081661 0.393373775081661 0.393373775081661 2 1 1 0.779 0.391999999999999 0.372 0.374000000000002 60000 28 0.46 0 0.8 0.7
0.381241250583294 0.381241250583294 0.381241250583294 0.381241250583294 1 1 1 0.404 0.378 0.371 0.367000000000001 60000 28 0.46 1 0.8 0.7
0.380074661689221 0.387307512832478 0.387307512832478 0.387307512832478 2 1 1 0.741 0.372 0.355 0.356999999999999 60000 28 0.46 0 0.8 0.7
0.587805257427283 0.539430704619692 0.539430704619692 0.539430704619692 3 1 1 1.035 0.349 0.333 0.347 60000 28 0.360109165462989 0 0.8 0.7
0.396640223985068 0.398973401773215 0.398973401773215 0.398973401773215 2 1 1 0.758999999999999 0.382 0.364000000000001 0.365999999999998 60000 28 0.46 0 0.8 0.7
0.383574428371442 0.408306112925805 0.408306112925805 0.408306112925805 2 1 1 0.768000000000001 0.387 0.368 0.369999999999999 60000 28 0.46 0 0.8 0.7
0.387074195053663 0.391507232851143 0.391507232851143 0.391507232851143 2 1 1 0.741 0.372999999999999 0.354000000000001 0.356000000000002 60000 28 0.46 0 0.8 0.7
0.624125058329445 0.604293047130191 0.604293047130191 0.604293047130191 2 1 1 0.743 0.372000000000002 0.353 0.354000000000001 60000 28 0.285995588662781 0 0.8 0.7
0.397806812879141 0.4129724685021 0.4129724685021 0.4129724685021 2 1 1 0.693999999999999 0.354000000000001 0.327999999999999 0.327999999999999 60000 28 0.46 1 0.8 0.7
0.387540830611293 0.399440037330845 0.399440037330845 0.399440037330845 2 1 1 0.739000000000001 0.372 0.354000000000001 0.353999999999999 60000 28 0.46 1 0.8 0.7
0.611759216052263 0.531497900139991 0.531497900139991 0.531497900139991 3 1 1 0.831000000000001 0.292999999999999 0.264000000000001 0.264999999999999 60000 28 0.2 0 0.8 0.7
0.592393840410639 0.571628558096127 0.571628558096127 0.571628558096127 2 1 1 0.689 0.343 0.323 0.327 60000 28 0.215619089894733 1 0.8 0.7
0.3987400839944 0.424171721885208 0.424171721885208 0.424171721885208 2 1 1 0.763000000000002 0.382999999999999 0.364000000000001 0.366999999999999 60000 28 0.46 0 0.8 0.7
0.578044797013532 0.492300513299113 0.492300513299113 0.492300513299113 4 1 1 0.961 0.248999999999999 0.231 0.231999999999999 60000 28 0.2 1 0.8 0.7
0.592627158189454 0.554363042463836 0.554363042463836 0.554363042463836 3 1 1 1.022 0.332000000000001 0.315 0.321 60000 28 0.2 0 0.8 0.7
0.575011665888941 0.487167522165189 0.487167522165189 0.487167522165189 4 1 1 0.968 0.235000000000001 0.227 0.225999999999999 60000 28 0.2 0 0.8 0.7
0.582244517032198 0.496033597760149 0.496033597760149 0.496033597760149 4 1 1 1.011 0.252000000000001 0.241 0.241 60000 28 0.2 0 0.8 0.7
0.573650645512521 0.467102193187121 0.467102193187121 0.467102193187121 3 1 1 0.708 0.237 0.231 0.225999999999999 60000 28 0.2 1 0.8 0.7
0.558796080261316 0.481101259916006 0.481101259916006 0.481101259916006 4 1 1 1.018 0.259 0.243 0.245000000000001 60000 28 0.2 0 0.8 0.7
0.564629024731685 0.49510032664489 0.49510032664489 0.49510032664489 4 1 1 0.963000000000001 0.246 0.228999999999999 0.23 60000 28 0.2 0 0.8 0.7
