0.823170731707317 0.823170731707317 0.853658536585366 0.853658536585366 4 4 1 0.149 0.124 0.0250000000000001 0.0249999999999999 60000 732 0.8 1 0.8 0.4
0.849593495934959 0.849593495934959 0.865853658536585 0.865853658536585 3 3 1 0.132 0.104 0.0269999999999999 0.032 60000 732 0.8 1 0.8 0.4
0.823170731707317 0.823170731707317 0.890243902439024 0.890243902439024 4 4 1 0.157 0.132 0.0269999999999999 0.0269999999999999 60000 732 0.8 1 0.8 0.4
0.804878048780488 0.804878048780488 0.804878048780488 0.804878048780488 4 4 1 0.147 0.125 0.026 0.0249999999999999 60000 732 0.8 1 0.8 0.4
0.154471544715447 0.154471544715447 0.121951219512195 0.121951219512195 3 3 1 0.121 0.0940000000000001 0.0249999999999999 0.0289999999999999 60000 732 0.2 0 0.8 0.4
0.8 0.8 0.780487804878049 0.780487804878049 5 5 1 0.177 0.152 0.0289999999999999 0.026 60000 732 0.8 1 0.8 0.4
0.804878048780488 0.804878048780488 0.829268292682927 0.829268292682927 4 4 1 0.144 0.119 0.024 0.024 60000 732 0.8 1 0.8 0.4
0.798780487804878 0.798780487804878 0.780487804878049 0.780487804878049 4 4 1 0.159 0.134 0.028 0.028 60000 732 0.8 1 0.8 0.4
0.195121951219512 0.195121951219512 0.170731707317073 0.170731707317073 4 4 1 0.156 0.131 0.0270000000000001 0.0269999999999999 60000 732 0.2 0 0.8 0.4
0.787804878048781 0.787804878048781 0.682926829268293 0.682926829268293 5 5 1 0.185 0.16 0.0309999999999999 0.0270000000000001 60000 732 0.8 0 0.8 0.4
0.207317073170732 0.207317073170732 0.182926829268293 0.182926829268293 4 4 1 0.162 0.137 0.0269999999999999 0.028 60000 732 0.2 0 0.8 0.4
0.785365853658537 0.785365853658537 0.829268292682927 0.829268292682927 5 5 1 0.174 0.149 0.0289999999999999 0.0249999999999999 60000 732 0.8 1 0.8 0.4
0.760975609756098 0.760975609756098 0.719512195121951 0.719512195121951 5 5 1 0.18 0.157 0.0309999999999999 0.026 60000 732 0.8 1 0.8 0.4
0.768292682926829 0.768292682926829 0.804878048780488 0.804878048780488 5 5 1 0.187 0.161 0.0310000000000001 0.028 60000 732 0.8 1 0.8 0.4
0.763414634146341 0.763414634146341 0.707317073170732 0.707317073170732 5 5 1 0.172 0.147 0.028 0.024 60000 732 0.8 1 0.8 0.4
0.778048780487805 0.778048780487805 0.768292682926829 0.768292682926829 5 5 1 0.179 0.155 0.0299999999999998 0.026 60000 732 0.8 0 0.8 0.4
0.795731707317073 0.795731707317073 0.817073170731707 0.817073170731707 4 4 1 0.154 0.127 0.026 0.026 60000 732 0.8 1 0.8 0.4
0.204268292682927 0.204268292682927 0.170731707317073 0.170731707317073 4 4 1 0.155 0.131 0.026 0.028 60000 732 0.2 0 0.8 0.4
0.775609756097561 0.775609756097561 0.74390243902439 0.74390243902439 5 5 1 0.177 0.152 0.0289999999999999 0.0269999999999999 60000 732 0.8 1 0.8 0.4
0.260162601626016 0.260162601626016 0.195121951219512 0.195121951219512 6 6 1 0.201 0.181 0.0250000000000001 0.0250000000000001 60000 732 0.2 0 0.8 0.4
0.254065040650407 0.254065040650407 0.195121951219512 0.195121951219512 6 6 1 0.195 0.175 0.0250000000000001 0.0249999999999999 60000 732 0.2 0 0.8 0.4
0.826219512195122 0.826219512195122 0.804878048780488 0.804878048780488 4 4 1 0.155 0.132 0.028 0.0270000000000001 60000 732 0.8 1 0.8 0.4
0.765853658536585 0.765853658536585 0.731707317073171 0.731707317073171 5 5 1 0.175 0.153 0.0289999999999999 0.026 60000 732 0.8 1 0.8 0.4
0.782926829268293 0.782926829268293 0.780487804878049 0.780487804878049 5 5 1 0.189 0.163 0.0329999999999999 0.028 60000 732 0.8 0 0.8 0.4
0.733449477351916 0.733449477351916 0.682926829268293 0.682926829268293 7 7 1 0.233 0.205 0.03 0.0259999999999998 60000 732 0.8 0 0.8 0.4
0.247967479674797 0.247967479674797 0.207317073170732 0.207317073170732 6 6 1 0.221 0.201 0.0289999999999999 0.028 60000 732 0.2 0 0.8 0.4
0.814024390243902 0.814024390243902 0.841463414634146 0.841463414634146 4 4 1 0.161 0.137 0.028 0.0270000000000001 60000 732 0.8 1 0.8 0.4
0.841463414634146 0.841463414634146 0.841463414634146 0.841463414634146 3 3 1 0.131 0.103 0.0270000000000001 0.032 60000 732 0.8 0 0.8 0.4
0.234146341463415 0.234146341463415 0.121951219512195 0.121951219512195 5 5 1 0.193 0.166 0.032 0.028 60000 732 0.2 0 0.8 0.4
0.804878048780488 0.804878048780488 0.817073170731707 0.817073170731707 4 4 1 0.16 0.133 0.0269999999999999 0.0269999999999999 60000 732 0.8 1 0.8 0.4
0.807926829268293 0.807926829268293 0.792682926829268 0.792682926829268 4 4 1 0.142 0.11 0.022 0.022 60000 732 0.8 1 0.8 0.4
0.782926829268293 0.782926829268293 0.731707317073171 0.731707317073171 5 5 1 0.184 0.161 0.0309999999999999 0.028 60000 732 0.8 1 0.8 0.4
0.798780487804878 0.798780487804878 0.804878048780488 0.804878048780488 4 4 1 0.156 0.132 0.028 0.026 60000 732 0.8 1 0.8 0.4
0.747967479674797 0.747967479674797 0.804878048780488 0.804878048780488 6 6 1 0.212 0.19 0.026 0.026 60000 732 0.8 1 0.8 0.4
0.741869918699187 0.741869918699187 0.817073170731707 0.817073170731707 6 6 1 0.21 0.191 0.026 0.0259999999999998 60000 732 0.8 1 0.8 0.4
0.789634146341463 0.789634146341463 0.853658536585366 0.853658536585366 4 4 1 0.158 0.135 0.028 0.0269999999999999 60000 732 0.8 1 0.8 0.4
0.792682926829268 0.792682926829268 0.817073170731707 0.817073170731707 4 4 1 0.161 0.137 0.028 0.028 60000 732 0.8 1 0.8 0.4
0.790243902439024 0.790243902439024 0.865853658536585 0.865853658536585 5 5 1 0.189 0.165 0.0319999999999998 0.028 60000 732 0.8 1 0.8 0.4
0.341463414634146 0.347006651884701 0.353658536585366 0.353658536585366 14 11 1 0.415 0.314 0.0249999999999999 0.0300000000000002 60000 732 0.314270306736631 0 0.8 0.4
0.158536585365854 0.158536585365854 0.170731707317073 0.170731707317073 3 3 1 0.133 0.104 0.0269999999999999 0.032 60000 732 0.2 0 0.8 0.4
0.231707317073171 0.231707317073171 0.219512195121951 0.219512195121951 5 5 1 0.192 0.168 0.0330000000000001 0.0289999999999999 60000 732 0.2 0 0.8 0.4
0.201219512195122 0.201219512195122 0.195121951219512 0.195121951219512 4 4 1 0.165 0.138 0.028 0.0279999999999998 60000 732 0.2 0 0.8 0.4
0.195121951219512 0.195121951219512 0.170731707317073 0.170731707317073 4 4 1 0.162 0.137 0.0289999999999999 0.028 60000 732 0.2 0 0.8 0.4
0.807926829268293 0.807926829268293 0.804878048780488 0.804878048780488 4 4 1 0.16 0.135 0.028 0.028 60000 732 0.8 1 0.8 0.4
0.288109756097561 0.288109756097561 0.304878048780488 0.304878048780488 8 8 1 0.281 0.254 0.0289999999999999 0.034 60000 732 0.2 0 0.8 0.4
0.768292682926829 0.768292682926829 0.817073170731707 0.817073170731707 5 5 1 0.196 0.167 0.032 0.028 60000 732 0.8 1 0.8 0.4
0.768292682926829 0.768292682926829 0.75609756097561 0.75609756097561 5 5 1 0.19 0.166 0.032 0.028 60000 732 0.8 0 0.8 0.4
0.787804878048781 0.787804878048781 0.768292682926829 0.768292682926829 5 5 1 0.193 0.166 0.032 0.0290000000000001 60000 732 0.8 1 0.8 0.4
0.795731707317073 0.795731707317073 0.890243902439024 0.890243902439024 4 4 1 0.165 0.139 0.028 0.028 60000 732 0.8 1 0.8 0.4
0.36392811296534 0.362527716186253 0.463414634146341 0.463414634146341 19 11 1 0.536 0.318 0.0279999999999996 0.0260000000000002 60000 732 0.317173584673759 1 0.8 0.4
0.221951219512195 0.221951219512195 0.134146341463415 0.134146341463415 5 5 1 0.186 0.161 0.0309999999999999 0.028 60000 732 0.2 0 0.8 0.4
0.642276422764228 0.639689578713969 0.682926829268293 0.682926829268293 18 11 1 0.534 0.334 0.036 0.0269999999999997 60000 732 0.566627995095156 1 0.8 0.4
0.351371951219512 0.360310421286031 0.317073170731707 0.317073170731707 16 11 1 0.493 0.34 0.0290000000000004 0.028 60000 732 0.323408826970777 0 0.8 0.4
0.336772983114447 0.339246119733925 0.207317073170732 0.207317073170732 13 11 1 0.424 0.338 0.0270000000000001 0.032 60000 732 0.2 0 0.8 0.4
0.275261324041812 0.275261324041812 0.219512195121951 0.219512195121951 7 7 1 0.247 0.216 0.032 0.0270000000000001 60000 732 0.2 1 0.8 0.4
0.74390243902439 0.74390243902439 0.853658536585366 0.853658536585366 6 6 1 0.211 0.192 0.0270000000000001 0.0269999999999999 60000 732 0.8 0 0.8 0.4
0.355182926829268 0.363636363636364 0.402439024390244 0.402439024390244 16 11 1 0.499 0.349 0.0310000000000001 0.028 60000 732 0.438780674247426 0 0.8 0.4
0.369512195121951 0.375831485587583 0.341463414634146 0.341463414634146 20 11 1 0.545 0.298 0.028 0.0350000000000001 60000 732 0.46 0 0.8 0.4
0.632317073170732 0.618625277161863 0.670731707317073 0.670731707317073 20 11 1 0.552 0.315 0.0270000000000001 0.0299999999999998 60000 732 0.649149243443338 0 0.8 0.4
0.35840108401084 0.366962305986696 0.463414634146341 0.463414634146341 18 11 1 0.555 0.35 0.0330000000000004 0.028 60000 732 0.46 1 0.8 0.4
0.645579268292683 0.629711751662971 0.585365853658537 0.585365853658537 16 11 1 0.498 0.333 0.032 0.0309999999999997 60000 732 0.658790890755734 1 0.8 0.4
0.369337979094077 0.361419068736142 0.341463414634146 0.341463414634146 21 11 1 0.575 0.312 0.0310000000000001 0.024 60000 732 0.389744402610171 1 0.8 0.4
0.36890243902439 0.380266075388027 0.292682926829268 0.292682926829268 20 11 1 0.607 0.345 0.0270000000000001 0.0310000000000001 60000 732 0.388906720234226 0 0.8 0.4
0.373614190687361 0.402439024390244 0.414634146341463 0.414634146341463 22 11 1 0.616 0.322 0.0259999999999998 0.0249999999999999 60000 732 0.46 1 0.8 0.4
0.369918699186992 0.363636363636364 0.304878048780488 0.304878048780488 21 11 1 0.627 0.343 0.0310000000000001 0.0270000000000001 60000 732 0.46 0 0.8 0.4
0.381951219512195 0.405764966740576 0.475609756097561 0.475609756097561 25 11 1 0.712 0.331 0.0260000000000002 0.0249999999999999 60000 732 0.46 0 0.8 0.4
0.378556910569106 0.405764966740576 0.463414634146341 0.463414634146341 24 11 1 0.646 0.314 0.028 0.0249999999999999 60000 732 0.46 0 0.8 0.4
0.807926829268293 0.807926829268293 0.817073170731707 0.817073170731707 4 4 1 0.142 0.119 0.024 0.024 60000 732 0.8 0 0.8 0.4
0.321507760532151 0.321507760532151 0.292682926829268 0.292682926829268 11 11 1 0.362 0.333 0.0279999999999996 0.0310000000000001 60000 732 0.2 0 0.8 0.4
0.372505543237251 0.404656319290466 0.463414634146341 0.463414634146341 22 11 1 0.646 0.336 0.0259999999999998 0.0260000000000002 60000 732 0.46 1 0.8 0.4
0.376385809312639 0.38470066518847 0.475609756097561 0.475609756097561 22 11 1 0.596 0.309 0.0249999999999999 0.024 60000 732 0.46 0 0.8 0.4
0.798780487804878 0.798780487804878 0.841463414634146 0.841463414634146 4 4 1 0.158 0.135 0.028 0.028 60000 732 0.8 1 0.8 0.4
0.810975609756098 0.810975609756098 0.75609756097561 0.75609756097561 4 4 1 0.16 0.134 0.0269999999999999 0.028 60000 732 0.8 0 0.8 0.4
0.792682926829268 0.792682926829268 0.768292682926829 0.768292682926829 4 4 1 0.138 0.116 0.0229999999999999 0.0230000000000001 60000 732 0.8 1 0.8 0.4
0.370095440084836 0.395787139689579 0.5 0.5 23 11 1 0.737 0.368 0.028 0.032 60000 732 0.46 0 0.8 0.4
0.380975609756098 0.399113082039911 0.378048780487805 0.378048780487805 25 11 1 0.682 0.316 0.0249999999999999 0.0249999999999999 60000 732 0.46 0 0.8 0.4
0.804878048780488 0.804878048780488 0.804878048780488 0.804878048780488 4 4 1 0.164 0.139 0.028 0.0270000000000001 60000 732 0.8 1 0.8 0.4
0.207317073170732 0.207317073170732 0.134146341463415 0.134146341463415 4 4 1 0.164 0.139 0.028 0.028 60000 732 0.2 0 0.8 0.4
0.207317073170732 0.207317073170732 0.158536585365854 0.158536585365854 4 4 1 0.163 0.138 0.028 0.028 60000 732 0.2 0 0.8 0.4
0.778048780487805 0.778048780487805 0.731707317073171 0.731707317073171 5 5 1 0.182 0.159 0.0309999999999999 0.0270000000000001 60000 732 0.8 1 0.8 0.4
0.229268292682927 0.229268292682927 0.158536585365854 0.158536585365854 5 5 1 0.203 0.17 0.0330000000000001 0.028 60000 732 0.2 0 0.8 0.4
0.324833702882483 0.324833702882483 0.317073170731707 0.317073170731707 11 11 1 0.357 0.33 0.0279999999999998 0.032 60000 732 0.213304286651922 0 0.8 0.4
0.386022514071295 0.440133037694013 0.390243902439024 0.390243902439024 26 11 1 0.708 0.319 0.024 0.028 60000 732 0.46 1 0.8 0.4
0.763414634146341 0.763414634146341 0.731707317073171 0.731707317073171 5 5 1 0.199 0.163 0.032 0.028 60000 732 0.8 1 0.8 0.4
0.775609756097561 0.775609756097561 0.804878048780488 0.804878048780488 5 5 1 0.189 0.163 0.032 0.028 60000 732 0.8 0 0.8 0.4
0.210365853658537 0.210365853658537 0.231707317073171 0.231707317073171 4 4 1 0.157 0.133 0.0269999999999999 0.0269999999999999 60000 732 0.2 0 0.8 0.4
0.383208255159475 0.412416851441242 0.414634146341463 0.414634146341463 26 11 1 0.741 0.334 0.0249999999999999 0.0289999999999999 60000 732 0.46 0 0.8 0.4
0.389402859545837 0.419068736141907 0.463414634146341 0.463414634146341 29 11 1 0.801 0.324 0.0249999999999999 0.0250000000000004 60000 732 0.46 0 0.8 0.4
0.662288930581614 0.646341463414634 0.646341463414634 0.646341463414634 13 11 1 0.421 0.335 0.0270000000000001 0.028 60000 732 0.719598160370308 1 0.8 0.4
0.795731707317073 0.795731707317073 0.731707317073171 0.731707317073171 4 4 1 0.16 0.134 0.0269999999999999 0.0269999999999999 60000 732 0.8 1 0.8 0.4
0.790243902439024 0.790243902439024 0.75609756097561 0.75609756097561 5 5 1 0.188 0.161 0.0319999999999998 0.028 60000 732 0.8 1 0.8 0.4
0.765853658536585 0.765853658536585 0.792682926829268 0.792682926829268 5 5 1 0.192 0.168 0.032 0.028 60000 732 0.8 0 0.8 0.4
0.778048780487805 0.778048780487805 0.768292682926829 0.768292682926829 5 5 1 0.185 0.16 0.0310000000000001 0.0269999999999999 60000 732 0.8 0 0.8 0.4
0.782926829268293 0.782926829268293 0.780487804878049 0.780487804878049 5 5 1 0.187 0.161 0.0329999999999999 0.0270000000000001 60000 732 0.8 1 0.8 0.4
0.778048780487805 0.778048780487805 0.780487804878049 0.780487804878049 5 5 1 0.182 0.158 0.0310000000000001 0.0269999999999999 60000 732 0.8 0 0.8 0.4
0.390397481306572 0.433481152993348 0.390243902439024 0.390243902439024 31 11 1 0.861 0.314 0.0299999999999998 0.0250000000000004 60000 732 0.46 1 0.8 0.4
0.385553470919325 0.412416851441242 0.475609756097561 0.475609756097561 26 11 1 0.793 0.355 0.0270000000000001 0.0310000000000001 60000 732 0.46 0 0.8 0.4
0.263066202090592 0.263066202090592 0.195121951219512 0.195121951219512 7 7 1 0.255 0.223 0.0329999999999999 0.028 60000 732 0.2 0 0.8 0.4
0.346036585365854 0.355875831485588 0.378048780487805 0.378048780487805 16 11 1 0.504 0.391 0.0309999999999997 0.0300000000000002 60000 732 0.324956956940828 0 0.8 0.4
0.719512195121951 0.719512195121951 0.768292682926829 0.768292682926829 7 7 1 0.244 0.213 0.032 0.0270000000000001 60000 732 0.8 1 0.8 0.4
0.344947735191638 0.337028824833703 0.317073170731707 0.317073170731707 14 11 1 0.439 0.327 0.0270000000000001 0.0310000000000001 60000 732 0.241075885050917 0 0.8 0.4
0.355093256814921 0.347006651884701 0.402439024390244 0.402439024390244 17 11 1 0.529 0.322 0.0259999999999998 0.0310000000000001 60000 732 0.321571964964791 0 0.8 0.4
0.349593495934959 0.350332594235033 0.317073170731707 0.317073170731707 15 11 1 0.465 0.327 0.044 0.0289999999999999 60000 732 0.223043391105087 0 0.8 0.4
0.330284552845528 0.335920177383592 0.341463414634146 0.341463414634146 12 11 1 0.378 0.329 0.0310000000000001 0.0269999999999997 60000 732 0.2 1 0.8 0.4
0.278745644599303 0.278745644599303 0.280487804878049 0.280487804878049 7 7 1 0.251 0.224 0.034 0.028 60000 732 0.2 0 0.8 0.4
0.280487804878049 0.280487804878049 0.268292682926829 0.268292682926829 7 7 1 0.246 0.219 0.0329999999999999 0.028 60000 732 0.2 0 0.8 0.4
0.362466124661247 0.379157427937916 0.402439024390244 0.402439024390244 18 11 1 0.568 0.335 0.032 0.028 60000 732 0.46 1 0.8 0.4
0.344715447154472 0.344789356984479 0.353658536585366 0.353658536585366 15 11 1 0.48 0.344 0.04 0.0300000000000002 60000 732 0.291320026225759 0 0.8 0.4
0.291327913279133 0.291327913279133 0.25609756097561 0.25609756097561 9 9 1 0.315 0.291 0.028 0.0279999999999998 60000 732 0.2 0 0.8 0.4
0.362466124661247 0.366962305986696 0.402439024390244 0.402439024390244 18 11 1 0.563 0.347 0.032 0.0269999999999997 60000 732 0.46 0 0.8 0.4
0.551994577846631 0.340354767184035 0.207317073170732 0.207317073170732 126 11 1 3.661 0.328 0.0269999999999992 0.0270000000000001 60000 732 0.2 0 0.8 0.4
0.373403019744483 0.388026607538803 0.51219512195122 0.51219512195122 21 11 1 0.644 0.35 0.0319999999999996 0.0270000000000001 60000 732 0.46 1 0.8 0.4
0.369512195121951 0.382483370288248 0.439024390243902 0.439024390243902 20 11 1 0.621 0.352 0.028 0.0309999999999997 60000 732 0.458843871392201 0 0.8 0.4
0.357245337159254 0.366962305986696 0.353658536585366 0.353658536585366 17 11 1 0.525 0.345 0.0289999999999999 0.032 60000 732 0.313782839510724 0 0.8 0.4
0.304878048780488 0.304878048780488 0.317073170731707 0.317073170731707 9 9 1 0.291 0.268 0.026 0.0269999999999999 60000 732 0.267217261284105 0 0.8 0.4
0.299457994579946 0.299457994579946 0.25609756097561 0.25609756097561 9 9 1 0.305 0.287 0.028 0.028 60000 732 0.2 0 0.8 0.4
0.595505617977528 0.583148558758315 0.646341463414634 0.646341463414634 38 11 1 1.08 0.347 0.0289999999999999 0.0259999999999998 60000 732 0.552905848075101 1 0.8 0.4
0.404173354735152 0.416851441241685 0.378048780487805 0.378048780487805 38 11 1 1.089 0.351 0.0289999999999999 0.0260000000000002 60000 732 0.46 0 0.8 0.4
0.380081300813008 0.390243902439024 0.5 0.5 24 11 1 0.704 0.341 0.0299999999999998 0.0270000000000001 60000 732 0.46 0 0.8 0.4
0.407319250223148 0.445676274944568 0.475609756097561 0.475609756097561 41 11 1 1.097 0.33 0.024 0.0270000000000001 60000 732 0.46 1 0.8 0.4
0.37592788971368 0.365853658536585 0.317073170731707 0.317073170731707 23 11 1 0.687 0.342 0.0269999999999997 0.0310000000000001 60000 732 0.416624195107441 0 0.8 0.4
0.40774626410491 0.442350332594235 0.524390243902439 0.524390243902439 40 11 1 1.112 0.347 0.0249999999999999 0.0259999999999998 60000 732 0.46 0 0.8 0.4
0.406526379993901 0.455654101995565 0.475609756097561 0.475609756097561 40 11 1 1.128 0.35 0.0249999999999999 0.0259999999999998 60000 732 0.46 0 0.8 0.4
0.374168514412417 0.386917960088692 0.353658536585366 0.353658536585366 22 11 1 0.662 0.347 0.0260000000000002 0.0259999999999998 60000 732 0.377187842130224 0 0.8 0.4
0.381463414634146 0.403547671840355 0.463414634146341 0.463414634146341 25 11 1 0.768 0.359 0.028 0.0270000000000001 60000 732 0.46 0 0.8 0.4
0.326219512195122 0.325942350332594 0.378048780487805 0.378048780487805 12 11 1 0.392 0.343 0.0330000000000004 0.032 60000 732 0.203804343784704 0 0.8 0.4
0.401533635413036 0.414634146341463 0.48780487804878 0.48780487804878 35 11 1 1.054 0.367 0.0259999999999998 0.0270000000000001 60000 732 0.46 1 0.8 0.4
0.384146341463415 0.394678492239468 0.353658536585366 0.353658536585366 26 11 1 0.776 0.342 0.0259999999999998 0.0310000000000001 60000 732 0.46 0 0.8 0.4
0.412849010571971 0.462305986696231 0.524390243902439 0.524390243902439 45 11 1 1.193 0.333 0.024 0.028 60000 732 0.46 1 0.8 0.4
0.323170731707317 0.327050997782705 0.317073170731707 0.317073170731707 12 11 1 0.393 0.341 0.0329999999999999 0.0310000000000001 60000 732 0.2 0 0.8 0.4
0.374722838137472 0.391352549889135 0.414634146341463 0.414634146341463 22 11 1 0.683 0.353 0.028 0.0269999999999997 60000 732 0.46 0 0.8 0.4
0.370499419279907 0.395787139689579 0.439024390243902 0.439024390243902 21 11 1 0.656 0.355 0.032 0.028 60000 732 0.46 0 0.8 0.4
0.407441293077158 0.452328159645233 0.414634146341463 0.414634146341463 40 11 1 1.106 0.343 0.0249999999999999 0.0249999999999999 60000 732 0.46 0 0.8 0.4
0.365211810012837 0.388026607538803 0.48780487804878 0.48780487804878 19 11 1 0.576 0.343 0.0270000000000001 0.0259999999999998 60000 732 0.46 1 0.8 0.4
0.408051235132662 0.481152993348115 0.573170731707317 0.573170731707317 40 11 1 1.119 0.348 0.0260000000000002 0.0249999999999999 60000 732 0.46 0 0.8 0.4
0.650914634146341 0.636363636363636 0.573170731707317 0.573170731707317 16 11 1 0.508 0.357 0.0299999999999998 0.0270000000000001 60000 732 0.659499074507079 1 0.8 0.4
0.611062717770035 0.61529933481153 0.682926829268293 0.682926829268293 28 11 1 0.802 0.339 0.0259999999999998 0.0260000000000002 60000 732 0.670576886910711 1 0.8 0.4
0.388066202090592 0.419068736141907 0.402439024390244 0.402439024390244 28 11 1 0.832 0.336 0.0270000000000001 0.0259999999999998 60000 732 0.46 1 0.8 0.4
0.412253950651511 0.442350332594235 0.353658536585366 0.353658536585366 44 11 1 1.212 0.341 0.0249999999999999 0.0250000000000004 60000 732 0.46 1 0.8 0.4
0.390243902439024 0.414634146341463 0.390243902439024 0.390243902439024 29 11 1 0.868 0.324 0.0259999999999998 0.0260000000000002 60000 732 0.46 0 0.8 0.4
0.415260835712432 0.452328159645233 0.353658536585366 0.353658536585366 47 11 1 1.318 0.301 0.0249999999999999 0.0249999999999999 60000 732 0.46 1 0.8 0.4
0.391925988225399 0.399113082039911 0.390243902439024 0.390243902439024 29 11 1 0.882 0.34 0.0270000000000001 0.0270000000000001 60000 732 0.46 0 0.8 0.4
0.348780487804878 0.34589800443459 0.390243902439024 0.390243902439024 15 11 1 0.464 0.332 0.0449999999999999 0.0289999999999999 60000 732 0.327935045458658 1 0.8 0.4
0.417842621382444 0.458980044345898 0.475609756097561 0.475609756097561 51 11 1 1.276 0.285 0.0219999999999998 0.0230000000000001 60000 732 0.46 1 0.8 0.4
0.355810616929699 0.352549889135255 0.390243902439024 0.390243902439024 17 11 1 0.535 0.345 0.0269999999999997 0.0309999999999997 60000 732 0.423656756667973 0 0.8 0.4
0.359756097560976 0.355875831485588 0.414634146341463 0.414634146341463 18 11 1 0.565 0.357 0.032 0.028 60000 732 0.428216839856981 0 0.8 0.4
0.393089430894309 0.434589800443459 0.524390243902439 0.524390243902439 30 11 1 0.892 0.325 0.0249999999999999 0.0299999999999998 60000 732 0.46 0 0.8 0.4
0.390243902439024 0.434589800443459 0.475609756097561 0.475609756097561 29 11 1 0.858 0.338 0.0260000000000002 0.0260000000000002 60000 732 0.46 0 0.8 0.4
0.602744948532215 0.548780487804878 0.378048780487805 0.378048780487805 32 11 1 0.91 0.317 0.0260000000000002 0.0249999999999999 60000 732 0.333950079828806 0 0.8 0.4
0.398745207389334 0.429046563192905 0.48780487804878 0.48780487804878 35 11 1 1.044 0.364 0.0270000000000001 0.0259999999999998 60000 732 0.46 0 0.8 0.4
0.395513577331759 0.42350332594235 0.439024390243902 0.439024390243902 31 11 1 0.911 0.327 0.0310000000000001 0.0260000000000002 60000 732 0.46 0 0.8 0.4
0.409758802328805 0.453436807095344 0.536585365853659 0.536585365853659 44 11 1 1.237 0.343 0.0249999999999999 0.0250000000000004 60000 732 0.46 0 0.8 0.4
0.417780905465635 0.498891352549889 0.402439024390244 0.402439024390244 52 11 1 1.436 0.298 0.0249999999999999 0.0249999999999999 60000 732 0.46 0 0.8 0.4
0.404549950544016 0.433481152993348 0.463414634146341 0.463414634146341 37 11 1 1.017 0.342 0.0270000000000001 0.0289999999999999 60000 732 0.46 1 0.8 0.4
0.373059866962306 0.382483370288248 0.414634146341463 0.414634146341463 22 11 1 0.68 0.356 0.028 0.028 60000 732 0.46 1 0.8 0.4
0.359756097560976 0.368070953436807 0.439024390243902 0.439024390243902 18 11 1 0.579 0.363 0.032 0.028 60000 732 0.46 1 0.8 0.4
0.397255051467785 0.446784922394678 0.414634146341463 0.414634146341463 32 11 1 0.956 0.324 0.0259999999999998 0.0260000000000002 60000 732 0.46 0 0.8 0.4
0.379109225874867 0.3980044345898 0.475609756097561 0.475609756097561 23 11 1 0.674 0.34 0.0259999999999998 0.0299999999999998 60000 732 0.46 1 0.8 0.4
0.372241579558653 0.386917960088692 0.48780487804878 0.48780487804878 21 11 1 0.608 0.334 0.0300000000000002 0.0259999999999998 60000 732 0.46 1 0.8 0.4
0.372822299651568 0.389135254988914 0.451219512195122 0.451219512195122 21 11 1 0.664 0.364 0.0330000000000004 0.028 60000 732 0.46 1 0.8 0.4
0.40043057050592 0.409090909090909 0.439024390243902 0.439024390243902 34 11 1 0.967 0.311 0.0680000000000001 0.0260000000000002 60000 732 0.46 1 0.8 0.4
0.404391582799634 0.434589800443459 0.390243902439024 0.390243902439024 40 11 1 1.112 0.348 0.0250000000000004 0.0249999999999999 60000 732 0.46 0 0.8 0.4
0.383414634146341 0.434589800443459 0.463414634146341 0.463414634146341 25 11 1 0.721 0.336 0.0259999999999998 0.0249999999999999 60000 732 0.46 1 0.8 0.4
0.382270168855535 0.424611973392461 0.414634146341463 0.414634146341463 26 11 1 0.766 0.344 0.0269999999999997 0.0300000000000002 60000 732 0.46 0 0.8 0.4
0.381951219512195 0.404656319290466 0.378048780487805 0.378048780487805 25 11 1 0.751 0.349 0.0269999999999997 0.0270000000000001 60000 732 0.46 0 0.8 0.4
0.385553470919325 0.425720620842572 0.463414634146341 0.463414634146341 26 11 1 0.749 0.333 0.0259999999999998 0.0300000000000002 60000 732 0.46 1 0.8 0.4
0.374867444326617 0.405764966740576 0.426829268292683 0.426829268292683 23 11 1 0.668 0.337 0.0260000000000002 0.0299999999999998 60000 732 0.46 0 0.8 0.4
0.375831485587583 0.403547671840355 0.414634146341463 0.414634146341463 22 11 1 0.657 0.343 0.0270000000000001 0.0270000000000001 60000 732 0.46 1 0.8 0.4
0.376458112407211 0.374722838137472 0.475609756097561 0.475609756097561 23 11 1 0.722 0.356 0.0279999999999996 0.0310000000000001 60000 732 0.46 1 0.8 0.4
0.381605691056911 0.415742793791574 0.475609756097561 0.475609756097561 24 11 1 0.693 0.338 0.0289999999999999 0.0250000000000004 60000 732 0.46 0 0.8 0.4
0.380081300813008 0.403547671840355 0.439024390243902 0.439024390243902 24 11 1 0.714 0.343 0.0299999999999998 0.0259999999999998 60000 732 0.46 0 0.8 0.4
0.387630662020906 0.420177383592018 0.463414634146341 0.463414634146341 28 11 1 0.781 0.336 0.0259999999999998 0.0250000000000004 60000 732 0.46 1 0.8 0.4
0.382926829268293 0.419068736141907 0.536585365853659 0.536585365853659 25 11 1 0.749 0.343 0.0260000000000002 0.0259999999999998 60000 732 0.46 0 0.8 0.4
0.394332939787485 0.401330376940133 0.365853658536585 0.365853658536585 31 11 1 0.945 0.336 0.032 0.0270000000000001 60000 732 0.46 1 0.8 0.4
0.40774626410491 0.434589800443459 0.463414634146341 0.463414634146341 40 11 1 1.175 0.366 0.0269999999999997 0.0270000000000001 60000 732 0.46 1 0.8 0.4
0.386630532971996 0.430155210643016 0.573170731707317 0.573170731707317 27 11 1 0.774 0.333 0.0289999999999999 0.0259999999999998 60000 732 0.46 1 0.8 0.4
0.408051235132662 0.442350332594235 0.560975609756098 0.560975609756098 40 11 1 1.206 0.369 0.0270000000000001 0.028 60000 732 0.46 0 0.8 0.4
0.389823380992431 0.431263858093126 0.378048780487805 0.378048780487805 29 11 1 0.878 0.334 0.0270000000000001 0.0269999999999997 60000 732 0.46 0 0.8 0.4
0.390664423885618 0.456762749445676 0.475609756097561 0.475609756097561 29 11 1 0.799 0.324 0.024 0.024 60000 732 0.46 1 0.8 0.4
0.389837398373984 0.431263858093126 0.475609756097561 0.475609756097561 30 11 1 0.898 0.338 0.028 0.0319999999999996 60000 732 0.46 0 0.8 0.4
0.397255051467785 0.413525498891353 0.317073170731707 0.317073170731707 32 11 1 0.99 0.341 0.0270000000000001 0.028 60000 732 0.46 0 0.8 0.4
0.388561816652649 0.439024390243902 0.378048780487805 0.378048780487805 29 11 1 0.899 0.336 0.0269999999999997 0.028 60000 732 0.46 1 0.8 0.4
0.394824399260628 0.419068736141907 0.451219512195122 0.451219512195122 33 11 1 0.973 0.322 0.0269999999999997 0.069 60000 732 0.46 0 0.8 0.4
0.571534195933457 0.483370288248337 0.426829268292683 0.426829268292683 66 11 1 1.717 0.289 0.0230000000000001 0.0230000000000001 60000 732 0.360109165462989 0 0.8 0.4
0.396672828096118 0.452328159645233 0.426829268292683 0.426829268292683 33 11 1 0.996 0.331 0.0270000000000001 0.0720000000000001 60000 732 0.46 0 0.8 0.4
0.399354144241119 0.424611973392461 0.48780487804878 0.48780487804878 34 11 1 1.007 0.327 0.0710000000000002 0.0269999999999997 60000 732 0.46 0 0.8 0.4
0.40545746388443 0.446784922394678 0.414634146341463 0.414634146341463 38 11 1 1.109 0.356 0.0300000000000002 0.0269999999999997 60000 732 0.46 0 0.8 0.4
0.592863677950595 0.544345898004435 0.51219512195122 0.51219512195122 40 11 1 1.121 0.344 0.024 0.0249999999999999 60000 732 0.285995588662781 0 0.8 0.4
0.410313279733851 0.442350332594235 0.426829268292683 0.426829268292683 44 11 1 1.221 0.348 0.0249999999999999 0.0259999999999998 60000 732 0.46 1 0.8 0.4
0.4079143112169 0.445676274944568 0.51219512195122 0.51219512195122 41 11 1 1.182 0.352 0.0259999999999998 0.0300000000000002 60000 732 0.46 1 0.8 0.4
0.5746 0.431263858093126 0.365853658536585 0.365853658536585 61 11 1 1.571 0.282 0.024 0.024 60000 732 0.2 0 0.8 0.4
0.580897583429229 0.478935698447894 0.353658536585366 0.353658536585366 53 11 1 1.403 0.285 0.024 0.0270000000000001 60000 732 0.215619089894733 1 0.8 0.4
0.415260835712432 0.457871396895787 0.414634146341463 0.414634146341463 47 11 1 1.385 0.308 0.0260000000000002 0.0249999999999999 60000 732 0.46 0 0.8 0.4
0.561528150134048 0.35920177383592 0.280487804878049 0.280487804878049 91 11 1 2.147 0.261 0.0219999999999998 0.0220000000000002 60000 732 0.2 1 0.8 0.4
0.571903881700555 0.480044345898004 0.378048780487805 0.378048780487805 66 11 1 1.716 0.286 0.024 0.024 60000 732 0.2 0 0.8 0.4
0.559691273496826 0.375831485587583 0.292682926829268 0.292682926829268 98 11 1 2.271 0.257 0.0209999999999999 0.0209999999999999 60000 732 0.2 0 0.8 0.4
0.562836879432624 0.379157427937916 0.219512195121951 0.219512195121951 86 11 1 1.781 0.227 0.0189999999999997 0.02 60000 732 0.2 0 0.8 0.4
0.564079952968842 0.355875831485588 0.195121951219512 0.195121951219512 83 11 1 1.859 0.272 0.0230000000000001 0.0230000000000001 60000 732 0.2 1 0.8 0.4
0.556911024062675 0.392461197339246 0.231707317073171 0.231707317073171 109 11 1 2.198 0.223 0.0210000000000004 0.0189999999999997 60000 732 0.2 0 0.8 0.4
0.556795948900909 0.388026607538803 0.219512195121951 0.219512195121951 106 11 1 2.045 0.231 0.0179999999999998 0.0190000000000001 60000 732 0.2 0 0.8 0.4
