0.844339622641509 0.844339622641509 0.830188679245283 0.830188679245283 4 4 1 0.102 0.0700000000000001 0.013 0.012 20000 378 0.8 1 0.8 0.4
0.184905660377358 0.184905660377358 0.113207547169811 0.113207547169811 5 5 1 0.11 0.0790000000000001 0.0119999999999999 0.016 20000 378 0.2 1 0.8 0.4
0.815094339622642 0.815094339622642 0.754716981132076 0.754716981132076 5 5 1 0.108 0.0770000000000001 0.012 0.0159999999999999 20000 378 0.8 0 0.8 0.4
0.792452830188679 0.792452830188679 0.792452830188679 0.792452830188679 6 6 1 0.125 0.097 0.013 0.012 20000 378 0.8 0 0.8 0.4
0.778975741239892 0.778975741239892 0.792452830188679 0.792452830188679 7 7 1 0.142 0.112 0.013 0.013 20000 378 0.8 1 0.8 0.4
0.226415094339623 0.226415094339623 0.226415094339623 0.226415094339623 7 7 1 0.136 0.109 0.012 0.013 20000 378 0.2 1 0.8 0.4
0.789308176100629 0.789308176100629 0.735849056603774 0.735849056603774 6 6 1 0.124 0.095 0.012 0.012 20000 378 0.8 1 0.8 0.4
0.786163522012579 0.786163522012579 0.830188679245283 0.830188679245283 6 6 1 0.129 0.097 0.012 0.012 20000 378 0.8 1 0.8 0.4
0.786163522012579 0.786163522012579 0.830188679245283 0.830188679245283 6 6 1 0.124 0.096 0.012 0.012 20000 378 0.8 1 0.8 0.4
0.762803234501348 0.762803234501348 0.792452830188679 0.792452830188679 7 7 1 0.132 0.104 0.012 0.012 20000 378 0.8 1 0.8 0.4
0.77088948787062 0.77088948787062 0.735849056603774 0.735849056603774 7 7 1 0.137 0.108 0.012 0.013 20000 378 0.8 1 0.8 0.4
0.235849056603774 0.235849056603774 0.188679245283019 0.188679245283019 8 8 1 0.155 0.118 0.016 0.013 20000 378 0.2 0 0.8 0.4
0.726415094339623 0.726415094339623 0.830188679245283 0.830188679245283 10 10 1 0.175 0.143 0.0129999999999999 0.012 20000 378 0.8 0 0.8 0.4
0.257075471698113 0.257075471698113 0.207547169811321 0.207547169811321 8 8 1 0.153 0.118 0.016 0.013 20000 378 0.2 0 0.8 0.4
0.77122641509434 0.77122641509434 0.886792452830189 0.886792452830189 8 8 1 0.157 0.12 0.017 0.013 20000 378 0.8 1 0.8 0.4
0.837735849056604 0.837735849056604 0.792452830188679 0.792452830188679 5 5 1 0.11 0.0790000000000001 0.0119999999999999 0.015 20000 378 0.8 1 0.8 0.4
0.818867924528302 0.818867924528302 0.773584905660377 0.773584905660377 5 5 1 0.111 0.0800000000000001 0.0119999999999999 0.015 20000 378 0.8 1 0.8 0.4
0.79559748427673 0.79559748427673 0.792452830188679 0.792452830188679 6 6 1 0.121 0.093 0.012 0.012 20000 378 0.8 0 0.8 0.4
0.807547169811321 0.807547169811321 0.830188679245283 0.830188679245283 5 5 1 0.111 0.0790000000000001 0.012 0.0149999999999999 20000 378 0.8 1 0.8 0.4
0.779874213836478 0.779874213836478 0.792452830188679 0.792452830188679 6 6 1 0.123 0.095 0.012 0.012 20000 378 0.8 1 0.8 0.4
0.188679245283019 0.188679245283019 0.226415094339623 0.226415094339623 5 5 1 0.11 0.0780000000000001 0.0109999999999999 0.015 20000 378 0.2 0 0.8 0.4
0.711835334476844 0.711320754716981 0.679245283018868 0.679245283018868 11 10 1 0.184 0.14 0.0119999999999999 0.016 20000 378 0.8 0 0.8 0.4
0.682860998650472 0.684905660377358 0.754716981132076 0.754716981132076 14 10 1 0.225 0.143 0.012 0.012 20000 378 0.8 0 0.8 0.4
0.79874213836478 0.79874213836478 0.867924528301887 0.867924528301887 6 6 1 0.121 0.093 0.012 0.012 20000 378 0.8 1 0.8 0.4
0.742138364779874 0.742138364779874 0.716981132075472 0.716981132075472 9 9 1 0.164 0.132 0.012 0.012 20000 378 0.8 1 0.8 0.4
0.348920863309353 0.335849056603774 0.283018867924528 0.283018867924528 21 10 1 0.306 0.14 0.012 0.012 20000 378 0.284755277282403 1 0.8 0.4
0.332633788037775 0.354716981132075 0.320754716981132 0.320754716981132 18 10 1 0.267 0.139 0.0150000000000001 0.0110000000000001 20000 378 0.239644795090993 0 0.8 0.4
0.676505312868949 0.688679245283019 0.735849056603774 0.735849056603774 16 10 1 0.256 0.146 0.0119999999999998 0.012 20000 378 0.735747518620318 1 0.8 0.4
0.339960238568588 0.322641509433962 0.377358490566038 0.377358490566038 19 10 1 0.289 0.148 0.0130000000000001 0.012 20000 378 0.235359970753173 0 0.8 0.4
0.653446647780925 0.667924528301887 0.754716981132076 0.754716981132076 20 10 1 0.306 0.145 0.012 0.012 20000 378 0.74606726226872 1 0.8 0.4
0.381322957198444 0.352830188679245 0.320754716981132 0.320754716981132 34 10 1 0.478 0.142 0.012 0.0149999999999999 20000 378 0.46 0 0.8 0.4
0.311740890688259 0.305660377358491 0.264150943396226 0.264150943396226 14 10 1 0.24 0.151 0.0129999999999999 0.0129999999999999 20000 378 0.223802115152539 0 0.8 0.4
0.366689993002099 0.413207547169811 0.377358490566038 0.377358490566038 27 10 1 0.388 0.143 0.0129999999999999 0.012 20000 378 0.46 1 0.8 0.4
0.359032501889645 0.428301886792453 0.60377358490566 0.60377358490566 25 10 1 0.356 0.14 0.012 0.012 20000 378 0.46 0 0.8 0.4
0.662027833001988 0.641509433962264 0.566037735849057 0.566037735849057 19 10 1 0.28 0.145 0.012 0.012 20000 378 0.489683429621728 0 0.8 0.4
0.337972166998012 0.350943396226415 0.415094339622642 0.415094339622642 19 10 1 0.281 0.145 0.012 0.0110000000000001 20000 378 0.46 0 0.8 0.4
0.647493837304848 0.581132075471698 0.622641509433962 0.622641509433962 23 10 1 0.327 0.14 0.0149999999999999 0.012 20000 378 0.434005153609046 0 0.8 0.4
0.362055933484505 0.358490566037736 0.39622641509434 0.39622641509434 25 10 1 0.368 0.145 0.0129999999999999 0.012 20000 378 0.46 1 0.8 0.4
0.354971240755957 0.362264150943396 0.377358490566038 0.377358490566038 23 10 1 0.352 0.148 0.0169999999999999 0.0130000000000001 20000 378 0.46 0 0.8 0.4
0.370906801007557 0.407547169811321 0.452830188679245 0.452830188679245 30 10 1 0.431 0.149 0.0130000000000001 0.012 20000 378 0.46 0 0.8 0.4
0.377213695395514 0.405660377358491 0.415094339622642 0.415094339622642 32 10 1 0.444 0.141 0.012 0.012 20000 378 0.46 0 0.8 0.4
0.378394332939787 0.433962264150943 0.377358490566038 0.377358490566038 32 10 1 0.458 0.145 0.012 0.012 20000 378 0.46 0 0.8 0.4
0.370906801007557 0.424528301886792 0.471698113207547 0.471698113207547 30 10 1 0.412 0.143 0.012 0.012 20000 378 0.46 0 0.8 0.4
0.388285309400094 0.473584905660377 0.584905660377358 0.584905660377358 40 10 1 0.543 0.142 0.0149999999999999 0.0130000000000001 20000 378 0.46 0 0.8 0.4
0.374685138539043 0.433962264150943 0.547169811320755 0.547169811320755 30 10 1 0.437 0.151 0.0129999999999999 0.0130000000000001 20000 378 0.46 1 0.8 0.4
0.390647142182333 0.483018867924528 0.471698113207547 0.471698113207547 40 10 1 0.553 0.144 0.016 0.0129999999999999 20000 378 0.46 1 0.8 0.4
0.392712550607287 0.449056603773585 0.509433962264151 0.509433962264151 42 10 1 0.582 0.144 0.0129999999999999 0.012 20000 378 0.46 0 0.8 0.4
0.789308176100629 0.789308176100629 0.792452830188679 0.792452830188679 6 6 1 0.129 0.099 0.012 0.013 20000 378 0.8 1 0.8 0.4
0.38661899897855 0.426415094339623 0.283018867924528 0.283018867924528 37 10 1 0.515 0.149 0.012 0.0119999999999998 20000 378 0.46 1 0.8 0.4
0.383727034120735 0.435849056603774 0.39622641509434 0.39622641509434 36 10 1 0.517 0.153 0.0130000000000001 0.012 20000 378 0.46 0 0.8 0.4
0.807547169811321 0.807547169811321 0.754716981132076 0.754716981132076 5 5 1 0.117 0.083 0.013 0.017 20000 378 0.8 0 0.8 0.4
0.188679245283019 0.188679245283019 0.169811320754717 0.169811320754717 5 5 1 0.121 0.084 0.013 0.017 20000 378 0.2 0 0.8 0.4
0.377213695395514 0.407547169811321 0.358490566037736 0.358490566037736 32 10 1 0.451 0.143 0.012 0.0109999999999999 20000 378 0.343623820465162 1 0.8 0.4
0.784366576819407 0.784366576819407 0.69811320754717 0.69811320754717 7 7 1 0.138 0.108 0.012 0.013 20000 378 0.8 0 0.8 0.4
0.397312053758925 0.428301886792453 0.584905660377358 0.584905660377358 45 10 1 0.611 0.142 0.012 0.0150000000000001 20000 378 0.46 0 0.8 0.4
0.79559748427673 0.79559748427673 0.811320754716981 0.811320754716981 6 6 1 0.128 0.098 0.012 0.012 20000 378 0.8 1 0.8 0.4
0.368729641693811 0.39622641509434 0.377358490566038 0.377358490566038 29 10 1 0.441 0.151 0.016 0.0130000000000001 20000 378 0.46 1 0.8 0.4
0.789308176100629 0.789308176100629 0.679245283018868 0.679245283018868 6 6 1 0.13 0.101 0.014 0.013 20000 378 0.8 1 0.8 0.4
0.619347452776188 0.50377358490566 0.39622641509434 0.39622641509434 33 10 1 0.469 0.144 0.0129999999999999 0.012 20000 378 0.24395462616016 0 0.8 0.4
0.605008787346221 0.549056603773585 0.452830188679245 0.452830188679245 43 10 1 0.6 0.146 0.012 0.0129999999999999 20000 378 0.479281425904116 1 0.8 0.4
0.762803234501348 0.762803234501348 0.867924528301887 0.867924528301887 7 7 1 0.142 0.113 0.013 0.013 20000 378 0.8 1 0.8 0.4
0.622786304604486 0.541509433962264 0.471698113207547 0.471698113207547 32 10 1 0.486 0.169 0.014 0.014 20000 378 0.2 0 0.8 0.4
0.381627296587926 0.454716981132075 0.547169811320755 0.547169811320755 36 10 1 0.503 0.145 0.012 0.012 20000 378 0.46 1 0.8 0.4
0.387596899224806 0.445283018867925 0.433962264150943 0.433962264150943 39 10 1 0.527 0.138 0.0109999999999999 0.014 20000 378 0.46 1 0.8 0.4
0.383043922369765 0.418867924528302 0.415094339622642 0.415094339622642 37 10 1 0.512 0.142 0.012 0.0129999999999999 20000 378 0.46 0 0.8 0.4
0.382289416846652 0.445283018867925 0.509433962264151 0.509433962264151 35 10 1 0.528 0.154 0.018 0.014 20000 378 0.46 0 0.8 0.4
0.830188679245283 0.830188679245283 0.754716981132076 0.754716981132076 5 5 1 0.118 0.084 0.013 0.017 20000 378 0.8 1 0.8 0.4
0.833962264150943 0.833962264150943 0.867924528301887 0.867924528301887 5 5 1 0.12 0.086 0.013 0.018 20000 378 0.8 1 0.8 0.4
0.805031446540881 0.805031446540881 0.735849056603774 0.735849056603774 6 6 1 0.131 0.099 0.013 0.012 20000 378 0.8 1 0.8 0.4
0.811320754716981 0.811320754716981 0.735849056603774 0.735849056603774 5 5 1 0.12 0.0860000000000001 0.0129999999999999 0.017 20000 378 0.8 1 0.8 0.4
0.558835701476066 0.354716981132075 0.377358490566038 0.377358490566038 137 10 1 1.861 0.146 0.0129999999999999 0.012 20000 378 0.46 0 0.8 0.4
0.79559748427673 0.79559748427673 0.754716981132076 0.754716981132076 6 6 1 0.129 0.099 0.013 0.013 20000 378 0.8 1 0.8 0.4
0.210691823899371 0.210691823899371 0.226415094339623 0.226415094339623 6 6 1 0.13 0.1 0.013 0.013 20000 378 0.2 0 0.8 0.4
0.79559748427673 0.79559748427673 0.849056603773585 0.849056603773585 6 6 1 0.13 0.099 0.013 0.012 20000 378 0.8 1 0.8 0.4
0.792452830188679 0.792452830188679 0.735849056603774 0.735849056603774 6 6 1 0.133 0.101 0.013 0.013 20000 378 0.8 1 0.8 0.4
0.762803234501348 0.762803234501348 0.735849056603774 0.735849056603774 7 7 1 0.145 0.115 0.013 0.013 20000 378 0.8 1 0.8 0.4
0.78167115902965 0.78167115902965 0.735849056603774 0.735849056603774 7 7 1 0.144 0.114 0.014 0.013 20000 378 0.8 0 0.8 0.4
0.807547169811321 0.807547169811321 0.849056603773585 0.849056603773585 5 5 1 0.108 0.0780000000000001 0.012 0.016 20000 378 0.8 1 0.8 0.4
0.811320754716981 0.811320754716981 0.773584905660377 0.773584905660377 6 6 1 0.125 0.095 0.012 0.012 20000 378 0.8 1 0.8 0.4
0.837735849056604 0.837735849056604 0.867924528301887 0.867924528301887 5 5 1 0.115 0.0820000000000001 0.012 0.0159999999999999 20000 378 0.8 1 0.8 0.4
0.275471698113208 0.275471698113208 0.264150943396226 0.264150943396226 10 10 1 0.186 0.153 0.013 0.013 20000 378 0.21378621987429 1 0.8 0.4
0.811320754716981 0.811320754716981 0.849056603773585 0.849056603773585 5 5 1 0.115 0.083 0.013 0.016 20000 378 0.8 1 0.8 0.4
0.783018867924528 0.783018867924528 0.773584905660377 0.773584905660377 6 6 1 0.121 0.092 0.011 0.011 20000 378 0.8 1 0.8 0.4
0.833962264150943 0.833962264150943 0.849056603773585 0.849056603773585 5 5 1 0.118 0.085 0.013 0.017 20000 378 0.8 1 0.8 0.4
0.80188679245283 0.80188679245283 0.849056603773585 0.849056603773585 6 6 1 0.128 0.098 0.013 0.013 20000 378 0.8 1 0.8 0.4
0.27958833619211 0.284905660377358 0.113207547169811 0.113207547169811 11 10 1 0.186 0.142 0.0119999999999999 0.016 20000 378 0.2 0 0.8 0.4
0.22911051212938 0.22911051212938 0.169811320754717 0.169811320754717 7 7 1 0.142 0.112 0.013 0.013 20000 378 0.2 1 0.8 0.4
0.792452830188679 0.792452830188679 0.792452830188679 0.792452830188679 7 7 1 0.139 0.11 0.012 0.012 20000 378 0.8 1 0.8 0.4
0.818867924528302 0.818867924528302 0.830188679245283 0.830188679245283 5 5 1 0.112 0.08 0.012 0.016 20000 378 0.8 1 0.8 0.4
0.637944066515495 0.611320754716981 0.584905660377358 0.584905660377358 25 10 1 0.377 0.149 0.0129999999999999 0.0130000000000001 20000 378 0.487242616949821 1 0.8 0.4
0.783018867924528 0.783018867924528 0.773584905660377 0.773584905660377 6 6 1 0.122 0.093 0.012 0.012 20000 378 0.8 1 0.8 0.4
0.23989218328841 0.23989218328841 0.207547169811321 0.207547169811321 7 7 1 0.141 0.111 0.012 0.013 20000 378 0.2 0 0.8 0.4
0.348920863309353 0.343396226415094 0.207547169811321 0.207547169811321 21 10 1 0.326 0.15 0.0130000000000001 0.012 20000 378 0.322448993662092 0 0.8 0.4
0.355792933442892 0.343396226415094 0.339622641509434 0.339622641509434 23 10 1 0.354 0.149 0.0170000000000001 0.0129999999999999 20000 378 0.46 1 0.8 0.4
0.358267716535433 0.392452830188679 0.377358490566038 0.377358490566038 24 10 1 0.357 0.149 0.0129999999999999 0.012 20000 378 0.46 1 0.8 0.4
0.370445344129555 0.362264150943396 0.30188679245283 0.30188679245283 28 10 1 0.402 0.143 0.0119999999999998 0.016 20000 378 0.46 1 0.8 0.4
0.359055118110236 0.379245283018868 0.415094339622642 0.415094339622642 24 10 1 0.357 0.15 0.0129999999999999 0.0130000000000001 20000 378 0.46 0 0.8 0.4
0.313090418353576 0.315094339622641 0.339622641509434 0.339622641509434 14 10 1 0.239 0.152 0.0129999999999999 0.0130000000000001 20000 378 0.2 0 0.8 0.4
0.315789473684211 0.305660377358491 0.30188679245283 0.30188679245283 14 10 1 0.217 0.138 0.011 0.0110000000000001 20000 378 0.46 1 0.8 0.4
0.841509433962264 0.841509433962264 0.792452830188679 0.792452830188679 5 5 1 0.119 0.086 0.014 0.017 20000 378 0.8 1 0.8 0.4
0.818867924528302 0.818867924528302 0.830188679245283 0.830188679245283 5 5 1 0.117 0.0850000000000001 0.0129999999999999 0.017 20000 378 0.8 1 0.8 0.4
0.33788037775446 0.343396226415094 0.245283018867925 0.245283018867925 18 10 1 0.283 0.147 0.0169999999999999 0.0130000000000001 20000 378 0.391420194050312 1 0.8 0.4
0.363372093023256 0.352830188679245 0.415094339622642 0.415094339622642 26 10 1 0.403 0.149 0.0129999999999999 0.0130000000000001 20000 378 0.362314057262541 1 0.8 0.4
0.830188679245283 0.830188679245283 0.867924528301887 0.867924528301887 5 5 1 0.121 0.086 0.013 0.017 20000 378 0.8 0 0.8 0.4
0.582613390928726 0.405660377358491 0.264150943396226 0.264150943396226 70 10 1 0.823 0.129 0.01 0.01 20000 378 0.2 1 0.8 0.4
0.811320754716981 0.811320754716981 0.773584905660377 0.773584905660377 5 5 1 0.116 0.082 0.012 0.016 20000 378 0.8 1 0.8 0.4
0.818867924528302 0.818867924528302 0.849056603773585 0.849056603773585 5 5 1 0.116 0.082 0.013 0.016 20000 378 0.8 1 0.8 0.4
0.370277078085642 0.40377358490566 0.509433962264151 0.509433962264151 30 10 1 0.438 0.153 0.0129999999999999 0.012 20000 378 0.46 0 0.8 0.4
0.805031446540881 0.805031446540881 0.773584905660377 0.773584905660377 6 6 1 0.128 0.098 0.012 0.012 20000 378 0.8 0 0.8 0.4
0.376599634369287 0.392452830188679 0.415094339622642 0.415094339622642 31 10 1 0.468 0.153 0.0129999999999999 0.012 20000 378 0.46 0 0.8 0.4
0.79559748427673 0.79559748427673 0.773584905660377 0.773584905660377 6 6 1 0.128 0.1 0.012 0.012 20000 378 0.8 1 0.8 0.4
0.618790496760259 0.524528301886792 0.358490566037736 0.358490566037736 35 10 1 0.475 0.14 0.016 0.012 20000 378 0.2 0 0.8 0.4
0.565649867374005 0.311320754716981 0.226415094339623 0.226415094339623 114 10 1 1.591 0.15 0.0129999999999999 0.0130000000000003 20000 378 0.2 1 0.8 0.4
0.792452830188679 0.792452830188679 0.792452830188679 0.792452830188679 6 6 1 0.137 0.101 0.013 0.014 20000 378 0.8 0 0.8 0.4
0.56127193640318 0.290566037735849 0.245283018867925 0.245283018867925 126 10 1 1.704 0.145 0.012 0.0129999999999999 20000 378 0.2 0 0.8 0.4
0.689608636977058 0.683018867924528 0.679245283018868 0.679245283018868 14 10 1 0.231 0.145 0.0129999999999999 0.012 20000 378 0.607805803836894 0 0.8 0.4
0.78167115902965 0.78167115902965 0.811320754716981 0.811320754716981 7 7 1 0.141 0.113 0.013 0.013 20000 378 0.8 0 0.8 0.4
0.807547169811321 0.807547169811321 0.811320754716981 0.811320754716981 5 5 1 0.117 0.0830000000000001 0.0129999999999999 0.017 20000 378 0.8 1 0.8 0.4
0.654390934844193 0.609433962264151 0.452830188679245 0.452830188679245 20 10 1 0.29 0.139 0.012 0.012 20000 378 0.367546430783904 0 0.8 0.4
0.387129724208376 0.430188679245283 0.490566037735849 0.490566037735849 37 10 1 0.53 0.146 0.0129999999999999 0.012 20000 378 0.46 0 0.8 0.4
0.585583153347732 0.418867924528302 0.283018867924528 0.283018867924528 70 10 1 0.829 0.142 0.0110000000000001 0.0109999999999999 20000 378 0.2 0 0.8 0.4
0.643168604651163 0.622641509433962 0.69811320754717 0.69811320754717 26 10 1 0.377 0.144 0.012 0.012 20000 378 0.735858705939059 1 0.8 0.4
0.359842519685039 0.358490566037736 0.320754716981132 0.320754716981132 24 10 1 0.365 0.154 0.014 0.0129999999999999 20000 378 0.46 1 0.8 0.4
0.637944066515495 0.594339622641509 0.547169811320755 0.547169811320755 25 10 1 0.381 0.15 0.0129999999999999 0.0130000000000001 20000 378 0.543628349883109 0 0.8 0.4
0.38661899897855 0.413207547169811 0.490566037735849 0.490566037735849 37 10 1 0.511 0.143 0.012 0.012 20000 378 0.46 0 0.8 0.4
0.36738978306508 0.341509433962264 0.358490566037736 0.358490566037736 27 10 1 0.412 0.15 0.012 0.012 20000 378 0.262132324793205 0 0.8 0.4
0.387129724208376 0.435849056603774 0.452830188679245 0.452830188679245 37 10 1 0.517 0.145 0.0130000000000001 0.0119999999999998 20000 378 0.46 1 0.8 0.4
0.372166246851385 0.379245283018868 0.339622641509434 0.339622641509434 30 10 1 0.434 0.15 0.0129999999999999 0.012 20000 378 0.46 1 0.8 0.4
0.373425692695214 0.420754716981132 0.339622641509434 0.339622641509434 30 10 1 0.451 0.155 0.0130000000000001 0.0129999999999999 20000 378 0.46 0 0.8 0.4
0.390647142182333 0.490566037735849 0.509433962264151 0.509433962264151 40 10 1 0.576 0.147 0.016 0.0130000000000001 20000 378 0.46 1 0.8 0.4
0.371335504885993 0.386792452830189 0.415094339622642 0.415094339622642 29 10 1 0.419 0.144 0.016 0.0129999999999999 20000 378 0.397751778713495 1 0.8 0.4
0.362055933484505 0.373584905660377 0.30188679245283 0.30188679245283 25 10 1 0.36 0.142 0.012 0.0119999999999998 20000 378 0.417305892094148 0 0.8 0.4
0.629554655870445 0.583018867924528 0.490566037735849 0.490566037735849 28 10 1 0.42 0.15 0.0130000000000001 0.0169999999999999 20000 378 0.440873369898966 1 0.8 0.4
0.67 0.652830188679245 0.584905660377358 0.584905660377358 17 10 1 0.266 0.144 0.012 0.016 20000 378 0.753322390627233 1 0.8 0.4
0.393087557603687 0.445283018867925 0.584905660377358 0.584905660377358 41 10 1 0.575 0.15 0.0129999999999999 0.0130000000000001 20000 378 0.46 0 0.8 0.4
0.36281179138322 0.362264150943396 0.39622641509434 0.39622641509434 25 10 1 0.378 0.146 0.012 0.0130000000000001 20000 378 0.46 1 0.8 0.4
0.36738978306508 0.384905660377359 0.415094339622642 0.415094339622642 27 10 1 0.397 0.146 0.0129999999999999 0.012 20000 378 0.46 0 0.8 0.4
0.680100755667506 0.654716981132075 0.584905660377358 0.584905660377358 15 10 1 0.242 0.146 0.0130000000000001 0.0129999999999999 20000 378 0.725017124665696 0 0.8 0.4
0.657057654075547 0.681132075471698 0.849056603773585 0.849056603773585 19 10 1 0.294 0.149 0.0129999999999999 0.012 20000 378 0.799655038150457 0 0.8 0.4
0.378362907842015 0.435849056603774 0.60377358490566 0.60377358490566 33 10 1 0.489 0.147 0.012 0.0129999999999999 20000 378 0.46 1 0.8 0.4
0.378362907842015 0.413207547169811 0.377358490566038 0.377358490566038 33 10 1 0.497 0.148 0.012 0.0129999999999999 20000 378 0.46 1 0.8 0.4
0.573001038421599 0.309433962264151 0.39622641509434 0.39622641509434 91 10 1 1.256 0.148 0.0509999999999997 0.0129999999999999 20000 378 0.2 0 0.8 0.4
0.363372093023256 0.390566037735849 0.471698113207547 0.471698113207547 26 10 1 0.376 0.142 0.012 0.012 20000 378 0.46 1 0.8 0.4
0.378362907842015 0.452830188679245 0.433962264150943 0.433962264150943 33 10 1 0.474 0.148 0.0130000000000001 0.0129999999999999 20000 378 0.46 0 0.8 0.4
0.381322957198444 0.390566037735849 0.377358490566038 0.377358490566038 34 10 1 0.475 0.143 0.012 0.0149999999999999 20000 378 0.46 0 0.8 0.4
0.336831059811123 0.335849056603774 0.358490566037736 0.358490566037736 18 10 1 0.284 0.147 0.016 0.0130000000000001 20000 378 0.388136160331305 0 0.8 0.4
0.382022471910112 0.441509433962264 0.566037735849057 0.566037735849057 37 10 1 0.516 0.144 0.012 0.012 20000 378 0.46 1 0.8 0.4
0.350719424460432 0.373584905660377 0.39622641509434 0.39622641509434 21 10 1 0.323 0.148 0.0130000000000001 0.012 20000 378 0.46 0 0.8 0.4
0.341831916902738 0.360377358490566 0.433962264150943 0.433962264150943 20 10 1 0.305 0.146 0.012 0.0130000000000001 20000 378 0.46 0 0.8 0.4
0.359842519685039 0.364150943396226 0.377358490566038 0.377358490566038 24 10 1 0.352 0.146 0.012 0.012 20000 378 0.273368020503642 1 0.8 0.4
0.386627906976744 0.460377358490566 0.528301886792453 0.528301886792453 39 10 1 0.534 0.141 0.012 0.0150000000000001 20000 378 0.46 0 0.8 0.4
0.359842519685039 0.383018867924528 0.509433962264151 0.509433962264151 24 10 1 0.358 0.149 0.0129999999999999 0.0129999999999999 20000 378 0.46 1 0.8 0.4
0.389050387596899 0.415094339622642 0.547169811320755 0.547169811320755 39 10 1 0.534 0.142 0.012 0.0149999999999999 20000 378 0.46 1 0.8 0.4
0.394112478031634 0.460377358490566 0.358490566037736 0.358490566037736 43 10 1 0.616 0.15 0.0129999999999999 0.0130000000000001 20000 378 0.46 1 0.8 0.4
0.348021582733813 0.388679245283019 0.358490566037736 0.358490566037736 21 10 1 0.327 0.149 0.012 0.0130000000000001 20000 378 0.46 0 0.8 0.4
0.386108273748723 0.433962264150943 0.377358490566038 0.377358490566038 37 10 1 0.537 0.147 0.012 0.012 20000 378 0.46 0 0.8 0.4
0.636808957312806 0.549056603773585 0.509433962264151 0.509433962264151 27 10 1 0.382 0.142 0.0119999999999998 0.012 20000 378 0.449575922022476 1 0.8 0.4
0.594652406417112 0.432075471698113 0.320754716981132 0.320754716981132 53 10 1 0.721 0.149 0.0130000000000001 0.012 20000 378 0.2 0 0.8 0.4
0.393612235717499 0.445283018867925 0.377358490566038 0.377358490566038 42 10 1 0.592 0.146 0.0129999999999999 0.012 20000 378 0.46 1 0.8 0.4
0.377804014167651 0.373584905660377 0.377358490566038 0.377358490566038 32 10 1 0.46 0.146 0.012 0.0129999999999999 20000 378 0.46 0 0.8 0.4
0.601125854443104 0.528301886792453 0.509433962264151 0.509433962264151 47 10 1 0.633 0.145 0.012 0.012 20000 378 0.228374826801366 1 0.8 0.4
0.574066029539531 0.332075471698113 0.207547169811321 0.207547169811321 87 10 1 1.132 0.146 0.012 0.012 20000 378 0.2 1 0.8 0.4
0.614173228346457 0.50377358490566 0.320754716981132 0.320754716981132 36 10 1 0.491 0.144 0.0129999999999999 0.012 20000 378 0.2 1 0.8 0.4
0.592305096186298 0.447169811320755 0.339622641509434 0.339622641509434 56 10 1 0.759 0.144 0.012 0.016 20000 378 0.2 0 0.8 0.4
0.561421928903555 0.420754716981132 0.547169811320755 0.547169811320755 126 10 1 1.77 0.149 0.0129999999999999 0.0139999999999998 20000 378 0.46 0 0.8 0.4
0.37603305785124 0.384905660377359 0.39622641509434 0.39622641509434 32 10 1 0.459 0.144 0.012 0.0129999999999999 20000 378 0.46 1 0.8 0.4
0.377213695395514 0.424528301886792 0.452830188679245 0.452830188679245 32 10 1 0.459 0.145 0.012 0.012 20000 378 0.46 0 0.8 0.4
0.611520737327189 0.469811320754717 0.245283018867925 0.245283018867925 41 10 1 0.556 0.145 0.0129999999999999 0.012 20000 378 0.2 0 0.8 0.4
0.574699866607381 0.349056603773585 0.188679245283019 0.188679245283019 85 10 1 1.099 0.139 0.0150000000000001 0.012 20000 378 0.2 1 0.8 0.4
0.381209503239741 0.420754716981132 0.490566037735849 0.490566037735849 35 10 1 0.5 0.146 0.016 0.0119999999999998 20000 378 0.46 1 0.8 0.4
0.377213695395514 0.426415094339623 0.641509433962264 0.641509433962264 32 10 1 0.45 0.143 0.012 0.012 20000 378 0.46 1 0.8 0.4
0.618121178432463 0.513207547169811 0.509433962264151 0.509433962264151 34 10 1 0.488 0.147 0.012 0.0169999999999999 20000 378 0.2 0 0.8 0.4
0.382434685936631 0.383018867924528 0.358490566037736 0.358490566037736 34 10 1 0.498 0.148 0.012 0.0169999999999999 20000 378 0.46 1 0.8 0.4
0.615223097112861 0.520754716981132 0.452830188679245 0.452830188679245 36 10 1 0.503 0.148 0.012 0.0119999999999998 20000 378 0.2 0 0.8 0.4
0.381749460043197 0.40188679245283 0.39622641509434 0.39622641509434 35 10 1 0.504 0.148 0.0169999999999999 0.0129999999999999 20000 378 0.46 0 0.8 0.4
0.572308956450288 0.349056603773585 0.226415094339623 0.226415094339623 92 10 1 1.177 0.171 0.0110000000000001 0.0110000000000001 20000 378 0.2 0 0.8 0.4
0.605627887442251 0.456603773584906 0.264150943396226 0.264150943396226 45 10 1 0.612 0.143 0.012 0.0149999999999999 20000 378 0.2 1 0.8 0.4
0.383727034120735 0.456603773584906 0.433962264150943 0.433962264150943 36 10 1 0.517 0.152 0.0129999999999999 0.0130000000000001 20000 378 0.46 0 0.8 0.4
0.390322580645161 0.413207547169811 0.320754716981132 0.320754716981132 41 10 1 0.579 0.15 0.0130000000000001 0.0129999999999999 20000 378 0.46 1 0.8 0.4
0.603263203091456 0.520754716981132 0.415094339622642 0.415094339622642 44 10 1 0.581 0.138 0.0110000000000001 0.0110000000000001 20000 378 0.44171890110681 0 0.8 0.4
0.561160714285714 0.350943396226415 0.490566037735849 0.490566037735849 127 10 1 1.22 0.0999999999999999 0.0089999999999999 0.01 20000 378 0.46 0 0.8 0.4
0.579141104294479 0.358490566037736 0.283018867924528 0.283018867924528 77 10 1 0.995 0.14 0.012 0.012 20000 378 0.2 0 0.8 0.4
0.587540596397992 0.428301886792453 0.264150943396226 0.264150943396226 64 10 1 0.865 0.147 0.012 0.0119999999999998 20000 378 0.2 0 0.8 0.4
0.554425837320574 0.441509433962264 0.547169811320755 0.547169811320755 158 10 1 2.079 0.141 0.012 0.0150000000000001 20000 378 0.46 1 0.8 0.4
0.586682663467307 0.50188679245283 0.415094339622642 0.415094339622642 63 10 1 0.814 0.138 0.0149999999999999 0.012 20000 378 0.27030691458659 0 0.8 0.4
0.579313774241671 0.354716981132075 0.226415094339623 0.226415094339623 76 10 1 1.002 0.142 0.012 0.012 20000 378 0.2 0 0.8 0.4
0.559060589216231 0.379245283018868 0.39622641509434 0.39622641509434 136 10 1 1.663 0.132 0.0109999999999997 0.0109999999999997 20000 378 0.374042969892663 1 0.8 0.4
0.584491384102279 0.388679245283019 0.207547169811321 0.207547169811321 68 10 1 0.882 0.139 0.0119999999999998 0.0150000000000001 20000 378 0.2 0 0.8 0.4
0.572038203617151 0.326415094339623 0.226415094339623 0.226415094339623 93 10 1 1.076 0.143 0.012 0.01 20000 378 0.2 1 0.8 0.4
0.576275045537341 0.322641509433962 0.150943396226415 0.150943396226415 83 10 1 1.034 0.137 0.0110000000000001 0.0109999999999999 20000 378 0.2 0 0.8 0.4
0.564679048550016 0.352830188679245 0.339622641509434 0.339622641509434 116 10 1 1.262 0.111 0.012 0.01 20000 378 0.277303818803603 0 0.8 0.4
0.56712426457479 0.362264150943396 0.226415094339623 0.226415094339623 106 10 1 1.357 0.136 0.0150000000000001 0.0139999999999998 20000 378 0.237351769392238 0 0.8 0.4
0.56769035071779 0.350943396226415 0.283018867924528 0.283018867924528 104 10 1 1.239 0.125 0.0109999999999999 0.01 20000 378 0.2 1 0.8 0.4
0.564323607427056 0.309433962264151 0.320754716981132 0.320754716981132 114 10 1 1.352 0.125 0.00999999999999979 0.0109999999999997 20000 378 0.2 0 0.8 0.4
0.564820954907162 0.371698113207547 0.320754716981132 0.320754716981132 114 10 1 1.495 0.143 0.012 0.0139999999999998 20000 378 0.424470714064437 1 0.8 0.4
0.562566681908246 0.40188679245283 0.509433962264151 0.509433962264151 124 10 1 1.534 0.133 0.0110000000000001 0.012 20000 378 0.46 1 0.8 0.4
0.559111601600221 0.4 0.377358490566038 0.377358490566038 137 10 1 1.571 0.132 0.0100000000000002 0.0110000000000001 20000 378 0.46 0 0.8 0.4
0.560225669957687 0.358490566037736 0.339622641509434 0.339622641509434 134 10 1 1.671 0.13 0.0139999999999998 0.0110000000000001 20000 378 0.447890010185675 1 0.8 0.4
0.556570268899036 0.360377358490566 0.226415094339623 0.226415094339623 149 10 1 1.645 0.112 0.0100000000000002 0.00999999999999979 20000 378 0.2 0 0.8 0.4
0.557090719499479 0.373584905660377 0.339622641509434 0.339622641509434 145 10 1 1.355 0.107 0.00999999999999979 0.00999999999999979 20000 378 0.46 1 0.8 0.4
