0.768041237113402 0.768041237113402 0.707692307692308 0.7 70 70 11 0.915 0.89 0.012 0.012 60000 10995 0.8 1 0.8 0.2
0.835341365461847 0.835341365461847 0.907692307692308 0.9 45 45 11 0.588 0.561 0.0109999999999999 0.0109999999999999 60000 11029 0.8 1 0.8 0.2
0.76530612244898 0.76530612244898 0.723076923076923 0.8 70 70 11 1.607 0.98 0.0129999999999999 0.0130000000000003 60000 10857 0.8 1 0.8 0.2
0.820143884892086 0.820143884892086 0.815384615384615 0.7 50 50 11 0.722 0.706 0.0169999999999999 0.02 60000 11015 0.8 1 0.8 0.2
0.79746835443038 0.79746835443038 0.712121212121212 0.4 56 56 11 0.877 1.358 0.0209999999999999 0.0150000000000001 60000 10756 0.8 1 0.8 0.2
0.261758691206544 0.261758691206544 0.2 0.1 90 90 11 1.221 1.209 0.0190000000000001 0.0139999999999998 60000 11137 0.272305788304657 0 0.8 0.2
0.815331010452962 0.815331010452962 0.8 0.8 51 51 11 1.35 1.066 0.0129999999999999 0.012 60000 10902 0.8 1 0.8 0.2
0.807560137457045 0.807560137457045 0.876923076923077 1 52 52 11 1.111 0.707 0.0130000000000003 0.0129999999999999 60000 10907 0.8 1 0.8 0.2
0.863207547169811 0.863207547169811 0.818181818181818 0.9 37 37 11 0.915 0.554 0.0129999999999999 0.0129999999999999 60000 10756 0.8 1 0.8 0.2
0.157676348547718 0.157676348547718 0.184615384615385 0.2 43 43 11 0.632 0.623 0.016 0.0129999999999999 60000 10988 0.2 0 0.8 0.2
0.164658634538153 0.164658634538153 0.246153846153846 0.4 44 44 11 0.657 0.868 0.0420000000000003 0.0179999999999998 60000 10794 0.2 0 0.8 0.2
0.142857142857143 0.142857142857143 0.123076923076923 0.1 39 39 11 1.28 1.016 0.0230000000000001 0.0150000000000001 60000 11022 0.2 0 0.8 0.2
0.2375 0.2375 0.153846153846154 0 72 72 11 0.975 0.93 0.0110000000000001 0.0139999999999998 60000 10913 0.2 0 0.8 0.2
0.840816326530612 0.840816326530612 0.818181818181818 0.6 43 43 11 1.081 1.028 0.0140000000000002 0.0129999999999999 60000 10749 0.8 1 0.8 0.2
0.183391003460208 0.183391003460208 0.227272727272727 0.3 51 51 11 1.676 1.252 0.0189999999999992 0.0460000000000003 60000 10804 0.2 0 0.8 0.2
0.192439862542955 0.192439862542955 0.153846153846154 0.1 52 52 11 1.314 0.814 0.0130000000000003 0.0129999999999999 60000 10892 0.2 0 0.8 0.2
0.230569948186528 0.230569948186528 0.153846153846154 0.1 69 69 11 0.897 0.888 0.012 0.012 60000 10852 0.2 0 0.8 0.2
0.269749518304432 0.269749518304432 0.230769230769231 0.2 94 94 11 2.581 2.736 0.0229999999999997 0.0190000000000001 60000 10989 0.229390127277002 0 0.8 0.2
0.646558391337974 0.632450331125828 0.738461538461539 0.9 236 165 11 3.752 3.516 0.0139999999999993 0.0129999999999999 60000 10989 0.654360327776521 0 0.8 0.2
0.257928118393235 0.257928118393235 0.257575757575758 0.1 85 85 11 2.349 2.444 0.0440000000000005 0.0149999999999997 60000 10852 0.2 0 0.8 0.2
0.350806451612903 0.361419068736142 0.453125 0.7 230 167 11 3.65 3.294 0.0149999999999997 0.0190000000000001 60000 11170 0.46 0 0.8 0.2
0.306864064602961 0.306864064602961 0.261538461538462 0.2 135 135 11 3.686 2.59 0.0149999999999997 0.016 60000 10953 0.252437752457336 0 0.8 0.2
0.299418604651163 0.299418604651163 0.2 0 124 124 11 2.817 2.853 0.0140000000000002 0.016 60000 10860 0.258145575011149 0 0.8 0.2
0.782608695652174 0.782608695652174 0.753846153846154 0.9 62 62 11 0.991 1.799 0.0140000000000002 0.0139999999999998 60000 10958 0.8 1 0.8 0.2
0.392632900795312 0.44273127753304 0.461538461538462 0.1 436 165 11 7.123 2.688 0.0129999999999999 0.0140000000000011 60000 10973 0.46 1 0.8 0.2
0.794952681388013 0.794952681388013 0.830769230769231 0.5 58 58 11 1.179 1.594 0.0149999999999997 0.0130000000000003 60000 11098 0.8 1 0.8 0.2
0.761786600496278 0.761786600496278 0.707692307692308 0.9 72 72 11 1.4 1.061 0.016 0.0369999999999999 60000 10859 0.8 1 0.8 0.2
0.857142857142857 0.857142857142857 0.878787878787879 0.9 40 40 11 1.129 0.765 0.0130000000000003 0.0129999999999999 60000 10882 0.8 1 0.8 0.2
0.649038461538462 0.642384105960265 0.712121212121212 1 225 163 11 4.436 3.143 0.0149999999999988 0.016 60000 10852 0.670898212492466 1 0.8 0.2
0.853333333333333 0.853333333333333 0.8 1 40 40 11 0.996 0.764 0.0129999999999999 0.0130000000000003 60000 10885 0.8 1 0.8 0.2
0.838174273858921 0.838174273858921 0.8 1 43 43 11 1.396 0.876 0.0150000000000001 0.0150000000000001 60000 10961 0.8 0 0.8 0.2
0.784883720930233 0.784883720930233 0.757575757575758 0.8 61 61 11 1.31 0.826 0.016 0.0129999999999999 60000 10782 0.8 0 0.8 0.2
0.8300395256917 0.8300395256917 0.892307692307692 0.7 45 45 11 1.013 0.92 0.0459999999999998 0.028 60000 10835 0.8 1 0.8 0.2
0.581345419847328 0.519337016574586 0.4 0.4 761 164 11 12.486 2.675 0.0130000000000017 0.0150000000000006 60000 10907 0.312571070995182 1 0.8 0.2
0.364116094986807 0.38232044198895 0.430769230769231 0.4 277 165 11 3.713 2.175 0.0129999999999999 0.0129999999999999 60000 10991 0.46 0 0.8 0.2
0.269749518304432 0.269749518304432 0.2 0.1 94 94 11 1.999 2.421 0.0140000000000002 0.0150000000000006 60000 10978 0.2 0 0.8 0.2
0.791540785498489 0.791540785498489 0.848484848484849 0.6 59 59 11 1.496 1.213 0.0139999999999998 0.0140000000000002 60000 10807 0.8 1 0.8 0.2
0.352335708630245 0.362126245847176 0.446153846153846 0.4 231 165 11 4.449 2.928 0.0129999999999999 0.0129999999999999 60000 11012 0.46 0 0.8 0.2
0.306982872200263 0.306982872200263 0.353846153846154 0.5 136 136 11 3.031 3.08 0.0440000000000005 0.0209999999999999 60000 10832 0.452539422195405 1 0.8 0.2
0.322799097065463 0.322799097065463 0.363636363636364 0.5 159 159 11 2.115 2.047 0.0120000000000005 0.0139999999999993 60000 10820 0.415633870074525 1 0.8 0.2
0.579341657207718 0.498342541436464 0.384615384615385 0.4 797 163 11 19.586 2.86 0.0129999999999981 0.0159999999999982 60000 10867 0.380736486427486 1 0.8 0.2
0.344677137870855 0.367256637168142 0.4 0.7 208 164 11 4.733 3.163 0.048 0.0609999999999999 60000 10913 0.46 0 0.8 0.2
0.815884476534296 0.815884476534296 0.846153846153846 0.9 50 50 11 0.764 1.089 0.016 0.016 60000 10966 0.8 1 0.8 0.2
0.790419161676647 0.790419161676647 0.784615384615385 0.9 60 60 11 2.953 1.974 0.0279999999999996 0.0520000000000005 60000 10921 0.8 1 0.8 0.2
0.600883652430044 0.595132743362832 0.560606060606061 0.6 491 163 11 10.458 3.603 0.0140000000000011 0.0139999999999993 60000 10864 0.497151383105665 0 0.8 0.2
0.181818181818182 0.181818181818182 0.153846153846154 0.1 49 49 11 1.379 0.757 0.0310000000000001 0.0150000000000001 60000 10845 0.2 0 0.8 0.2
0.365131578947368 0.401104972375691 0.430769230769231 0.3 271 161 11 5.661 4.344 0.020999999999999 0.0300000000000011 60000 10727 0.46 0 0.8 0.2
0.578781748707575 0.501664816870144 0.261538461538462 0.2 812 164 11 15.909 3.49 0.0129999999999981 0.0130000000000017 60000 10965 0.248079688195139 0 0.8 0.2
0.169291338582677 0.169291338582677 0.196969696969697 0.3 45 45 11 0.949 0.661 0.016 0.0149999999999997 60000 10808 0.2 0 0.8 0.2
0.284280936454849 0.284280936454849 0.215384615384615 0.4 108 108 11 1.948 2.637 0.0129999999999999 0.0129999999999999 60000 10912 0.2 0 0.8 0.2
0.248858447488584 0.248858447488584 0.276923076923077 0.3 79 79 11 2.22 1.135 0.0149999999999997 0.0150000000000006 60000 10922 0.2 0 0.8 0.2
0.570111682325829 0.453038674033149 0.292307692307692 0.4 1034 165 11 20.863 2.225 0.0139999999999993 0.0130000000000017 60000 11004 0.219433633051812 0 0.8 0.2
0.657989228007181 0.65121412803532 0.787878787878788 0.8 199 162 11 4.094 3.246 0.0129999999999999 0.0150000000000006 60000 10780 0.757553703989833 0 0.8 0.2
0.800653594771242 0.800653594771242 0.769230769230769 1 55 55 11 0.825 1.435 0.0140000000000002 0.0209999999999999 60000 10993 0.8 1 0.8 0.2
0.353307392996109 0.356119073869901 0.484848484848485 0.5 230 162 11 4.454 3.683 0.0129999999999999 0.0129999999999999 60000 10774 0.46 0 0.8 0.2
0.772727272727273 0.772727272727273 0.815384615384615 0.8 68 68 11 0.893 0.881 0.0150000000000001 0.012 60000 11025 0.8 1 0.8 0.2
0.223756906077348 0.223756906077348 0.184615384615385 0.5 65 65 11 1.81 1.778 0.0220000000000002 0.0499999999999998 60000 10876 0.2 0 0.8 0.2
0.587226983688139 0.526548672566372 0.4 0.3 658 164 11 15.043 4.23 0.0470000000000006 0.0459999999999994 60000 10929 0.432174913026392 1 0.8 0.2
0.264 0.264 0.184615384615385 0.1 90 90 11 1.981 1.937 0.016 0.0129999999999999 60000 10881 0.226023281430826 1 0.8 0.2
0.784256559766764 0.784256559766764 0.861538461538462 0.9 62 62 11 1.532 0.856 0.0130000000000003 0.0129999999999999 60000 11019 0.8 1 0.8 0.2
0.554035422632305 0.386563876651982 0.166666666666667 0.3 1713 164 11 33.492 3.27 0.0129999999999981 0.0129999999999981 60000 10905 0.2 0 0.8 0.2
0.202492211838006 0.202492211838006 0.276923076923077 0.2 58 58 11 0.873 1.21 0.0129999999999999 0.0129999999999999 60000 11024 0.2 0 0.8 0.2
0.293846153846154 0.293846153846154 0.212121212121212 0.3 117 117 11 1.682 1.65 0.0150000000000006 0.0209999999999999 60000 10905 0.201850835019723 0 0.8 0.2
0.77023498694517 0.77023498694517 0.818181818181818 0.8 68 68 11 0.992 1.018 0.0140000000000002 0.0179999999999998 60000 10747 0.8 0 0.8 0.2
0.55672514619883 0.422737306843267 0.276923076923077 0.2 1573 166 11 30.276 2.775 0.0210000000000008 0.0200000000000031 60000 11045 0.2 1 0.8 0.2
0.560790070732684 0.389380530973451 0.153846153846154 0.3 1356 163 11 24.374 3.207 0.0130000000000017 0.0120000000000005 60000 10866 0.2 0 0.8 0.2
0.374292185730464 0.418141592920354 0.4 0.4 323 165 11 12.286 5.823 0.0630000000000024 0.0430000000000028 60000 10994 0.46 1 0.8 0.2
0.813793103448276 0.813793103448276 0.769230769230769 0.8 52 52 11 0.774 1.11 0.0130000000000003 0.0139999999999998 60000 10961 0.8 1 0.8 0.2
0.208955223880597 0.208955223880597 0.184615384615385 0.1 59 59 11 1.285 0.896 0.0219999999999998 0.0150000000000001 60000 10721 0.2 1 0.8 0.2
0.792168674698795 0.792168674698795 0.784615384615385 0.8 60 60 11 0.967 0.83 0.0130000000000003 0.0129999999999999 60000 10962 0.8 1 0.8 0.2
0.364304812834225 0.385382059800664 0.492307692307692 0.6 272 164 11 3.979 2.313 0.0140000000000002 0.0139999999999993 60000 10951 0.46 0 0.8 0.2
0.310567010309278 0.310567010309278 0.409090909090909 0.7 141 141 11 3.096 2.707 0.016 0.0140000000000002 60000 10956 0.299312365259975 0 0.8 0.2
0.654278305963699 0.658157602663707 0.8 0.7 212 165 11 3.969 3.25 0.0129999999999999 0.0130000000000017 60000 11038 0.782281898334622 1 0.8 0.2
0.789317507418398 0.789317507418398 0.646153846153846 0.6 61 61 11 1.809 1.346 0.0170000000000003 0.0140000000000002 60000 11031 0.8 1 0.8 0.2
0.361628709454796 0.388520971302428 0.363636363636364 0.1 260 162 11 4.391 2.499 0.0140000000000002 0.0129999999999999 60000 10789 0.46 0 0.8 0.2
0.85981308411215 0.85981308411215 0.830769230769231 1 38 38 11 0.899 0.553 0.0129999999999999 0.0129999999999999 60000 10879 0.8 1 0.8 0.2
0.242857142857143 0.242857142857143 0.123076923076923 0.1 76 76 11 2.111 1.494 0.0140000000000002 0.016 60000 10953 0.2 0 0.8 0.2
0.806020066889632 0.806020066889632 0.784615384615385 0.9 53 53 11 0.766 0.759 0.0139999999999998 0.0180000000000002 60000 10806 0.8 1 0.8 0.2
0.581255992329818 0.509955752212389 0.409090909090909 0.5 751 162 11 14.179 2.541 0.0130000000000017 0.0120000000000005 60000 10813 0.392536207009107 1 0.8 0.2
0.236907730673317 0.236907730673317 0.261538461538462 0.2 72 72 11 2.69 2.615 0.0360000000000005 0.0379999999999994 60000 10904 0.2 0 0.8 0.2
0.315659679408138 0.315659679408138 0.307692307692308 0.2 147 147 11 1.923 1.879 0.0209999999999999 0.0119999999999996 60000 10921 0.390005218256265 0 0.8 0.2
0.200647249190939 0.200647249190939 0.212121212121212 0.3 55 55 11 0.812 0.803 0.0130000000000003 0.0129999999999999 60000 10810 0.2 0 0.8 0.2
0.186206896551724 0.186206896551724 0.257575757575758 0.5 52 52 11 0.757 0.746 0.0129999999999999 0.0129999999999999 60000 10943 0.2 0 0.8 0.2
0.343163538873995 0.349171270718232 0.507692307692308 0.6 204 165 11 7.396 5.748 0.0339999999999989 0.0389999999999997 60000 10988 0.46 1 0.8 0.2
0.332329317269076 0.348115299334812 0.348484848484849 0.3 180 163 11 3.786 3.778 0.0429999999999993 0.0360000000000014 60000 10895 0.368889230415225 1 0.8 0.2
0.789634146341463 0.789634146341463 0.803030303030303 1 59 59 11 2.157 2.091 0.0329999999999995 0.0330000000000004 60000 10897 0.8 1 0.8 0.2
0.318823529411765 0.318823529411765 0.338461538461538 0.4 153 153 11 4.111 3.745 0.0129999999999999 0.0129999999999999 60000 10845 0.46 1 0.8 0.2
0.223756906077348 0.223756906077348 0.246153846153846 0.1 65 65 11 2.442 2.426 0.0340000000000007 0.0339999999999998 60000 10951 0.2 0 0.8 0.2
0.577087794432548 0.47182320441989 0.323076923076923 0.3 850 164 11 10.967 2.153 0.0120000000000005 0.0129999999999999 60000 10931 0.248275724146515 0 0.8 0.2
0.836734693877551 0.836734693877551 0.815384615384615 0.8 44 44 11 1.613 1.52 0.032 0.032 60000 11032 0.8 1 0.8 0.2
0.558265582655827 0.39514348785872 0.261538461538462 0.4 1485 165 11 26.383 3.161 0.0159999999999982 0.0289999999999999 60000 10981 0.2 0 0.8 0.2
0.298375184638109 0.298375184638109 0.2 0.2 123 123 11 4.522 4.456 0.0340000000000007 0.0339999999999989 60000 10973 0.2 1 0.8 0.2
0.545764768332449 0.372375690607735 0.246153846153846 0.2 2415 165 11 32.521 2.21 0.0129999999999981 0.0130000000000052 60000 10992 0.231235148757696 0 0.8 0.2
0.375693673695893 0.418502202643172 0.538461538461538 0.4 325 163 11 6.784 3.321 0.0170000000000012 0.0150000000000006 60000 10846 0.46 1 0.8 0.2
0.797427652733119 0.797427652733119 0.784615384615385 0.7 56 56 11 1.683 0.939 0.016 0.0129999999999999 60000 10984 0.8 1 0.8 0.2
0.161157024793388 0.161157024793388 0.123076923076923 0.1 43 43 11 1.684 1.589 0.0349999999999993 0.0340000000000007 60000 10915 0.2 0 0.8 0.2
0.790909090909091 0.790909090909091 0.830769230769231 0.6 59 59 11 0.869 1.395 0.0179999999999998 0.0180000000000002 60000 10847 0.8 1 0.8 0.2
0.573613017055479 0.461962513781698 0.307692307692308 0.5 921 163 11 12.441 2.22 0.0130000000000017 0.0159999999999982 60000 10844 0.2 0 0.8 0.2
0.211480362537764 0.211480362537764 0.138461538461538 0.2 60 60 11 0.876 0.865 0.0129999999999999 0.0140000000000002 60000 11027 0.2 1 0.8 0.2
0.293939393939394 0.293939393939394 0.307692307692308 0.3 120 120 11 4.377 4.201 0.0330000000000013 0.0329999999999995 60000 10968 0.205345993507654 0 0.8 0.2
0.291731669266771 0.291731669266771 0.276923076923077 0.2 115 115 11 4.116 4.007 0.0329999999999995 0.032 60000 10838 0.206527210650966 0 0.8 0.2
0.565277992875949 0.437430786267996 0.353846153846154 0.3 1179 164 11 21.096 3.56 0.0229999999999997 0.0350000000000001 60000 10964 0.2 0 0.8 0.2
0.788690476190476 0.788690476190476 0.8 0.7 61 61 11 0.873 1.201 0.028 0.0279999999999996 60000 11045 0.8 1 0.8 0.2
0.335282651072125 0.353658536585366 0.393939393939394 0.5 182 160 11 4.104 4.107 0.0310000000000006 0.0449999999999999 60000 10695 0.46 1 0.8 0.2
0.368255959849435 0.39511653718091 0.446153846153846 0.5 289 163 11 4.853 2.673 0.0129999999999999 0.0140000000000011 60000 10899 0.46 0 0.8 0.2
0.553709508881923 0.392461197339246 0.184615384615385 0.1 1748 164 11 37.641 3.01600000000001 0.0159999999999982 0.0130000000000052 60000 10966 0.2 1 0.8 0.2
0.773584905660377 0.773584905660377 0.787878787878788 0.6 66 66 11 1.325 1.56 0.0179999999999998 0.0150000000000006 60000 10809 0.8 1 0.8 0.2
0.3 0.3 0.169230769230769 0.1 124 124 11 2.663 2.618 0.0300000000000002 0.0289999999999999 60000 10863 0.2 0 0.8 0.2
0.580346820809249 0.569844789356984 0.615384615384615 0.5 784 163 11 25.798 5.217 0.0319999999999965 0.0320000000000036 60000 10892 0.563585202116519 0 0.8 0.2
0.828793774319066 0.828793774319066 0.784615384615385 0.7 46 46 11 1.018 0.695 0.0129999999999999 0.016 60000 10959 0.8 1 0.8 0.2
0.629139072847682 0.603752759381898 0.6 0.6 301 164 11 10.331 5.472 0.032 0.032 60000 10906 0.646537964139134 1 0.8 0.2
0.219373219373219 0.219373219373219 0.138461538461538 0 63 63 11 1.792 1.058 0.0129999999999999 0.0129999999999999 60000 10868 0.2 0 0.8 0.2
0.215909090909091 0.215909090909091 0.287878787878788 0.1 62 62 11 1.099 0.94 0.016 0.016 60000 10728 0.2 0 0.8 0.2
0.649434571890145 0.664088397790055 0.738461538461539 0.8 225 164 11 3.891 2.98 0.0339999999999998 0.0179999999999998 60000 10935 0.72683825334534 1 0.8 0.2
0.360724233983287 0.384530386740331 0.507692307692308 0.7 261 164 11 9.344 5.683 0.0399999999999991 0.0330000000000013 60000 10926 0.46 1 0.8 0.2
0.546576527002594 0.391160220994475 0.261538461538462 0.3 2345 166 11 42.157 3.12 0.0419999999999945 0.0169999999999959 60000 11064 0.2 0 0.8 0.2
0.556270096463023 0.343646408839779 0.184615384615385 0.1 1596 165 11 19.287 1.973 0.0120000000000005 0.0120000000000005 60000 11003 0.2 0 0.8 0.2
0.212574850299401 0.212574850299401 0.169230769230769 0.2 60 60 11 2.202 2.108 0.032 0.0309999999999997 60000 10965 0.2 0 0.8 0.2
0.853333333333333 0.853333333333333 0.876923076923077 0.9 40 40 11 1.509 1.41 0.0330000000000004 0.032 60000 10964 0.8 1 0.8 0.2
0.817543859649123 0.817543859649123 0.848484848484849 1 51 51 11 1.154 0.723 0.0130000000000003 0.0129999999999999 60000 10935 0.8 1 0.8 0.2
0.773841961852861 0.773841961852861 0.8 0.9 67 67 11 0.934 0.96 0.0140000000000002 0.0139999999999998 60000 11050 0.8 1 0.8 0.2
0.826254826254826 0.826254826254826 0.8 0.9 46 46 11 0.66 0.768 0.0510000000000002 0.0620000000000003 60000 10865 0.8 1 0.8 0.2
0.267686424474187 0.267686424474187 0.292307692307692 0.3 94 94 11 1.928 1.585 0.0700000000000003 0.0519999999999996 60000 10875 0.2 0 0.8 0.2
0.357300073367572 0.381637168141593 0.276923076923077 0.5 249 165 11 4.609 2.917 0.0139999999999993 0.0129999999999999 60000 11001 0.46 0 0.8 0.2
0.283531409168082 0.283531409168082 0.215384615384615 0.1 108 108 11 1.929 2.108 0.0129999999999999 0.0130000000000008 60000 11067 0.318493171986192 0 0.8 0.2
0.80064308681672 0.80064308681672 0.784615384615385 0.6 56 56 11 0.741 1.343 0.0260000000000002 0.0389999999999997 60000 10962 0.8 1 0.8 0.2
0.227748691099476 0.227748691099476 0.215384615384615 0.3 68 68 11 2.514 2.468 0.0339999999999998 0.0449999999999999 60000 10807 0.2 1 0.8 0.2
0.348370927318296 0.367369589345172 0.523076923076923 0.8 219 165 11 7.831 5.653 0.0329999999999995 0.0329999999999995 60000 11035 0.46 0 0.8 0.2
0.216374269005848 0.216374269005848 0.169230769230769 0 62 62 11 2.187 2.123 0.032 0.032 60000 10959 0.2 0 0.8 0.2
0.33265513733469 0.338478500551268 0.492307692307692 0.4 178 164 11 3.091 2.631 0.0129999999999999 0.0120000000000005 60000 10910 0.430444353464991 1 0.8 0.2
0.783625730994152 0.783625730994152 0.738461538461539 1 61 61 11 1.233 0.865 0.016 0.0129999999999999 60000 10858 0.8 1 0.8 0.2
0.260869565217391 0.260869565217391 0.123076923076923 0.2 87 87 11 1.235 1.843 0.0129999999999999 0.0130000000000003 60000 10890 0.2 0 0.8 0.2
0.188811188811189 0.188811188811189 0.153846153846154 0.1 51 51 11 1.106 1.116 0.0159999999999996 0.0450000000000004 60000 10871 0.2 0 0.8 0.2
0.763819095477387 0.763819095477387 0.746268656716418 0.8 70 70 11 1.431 1.552 0.028 0.0129999999999999 60000 10680 0.8 1 0.8 0.2
0.242990654205607 0.242990654205607 0.215384615384615 0.2 77 77 11 1.989 1.16 0.0170000000000003 0.0169999999999995 60000 10905 0.2 0 0.8 0.2
0.206153846153846 0.206153846153846 0.230769230769231 0.1 58 58 11 1.207 0.848 0.0139999999999998 0.0129999999999999 60000 10823 0.2 1 0.8 0.2
0.63258785942492 0.633958103638368 0.615384615384615 0.5 282 163 11 5.035 3.166 0.0139999999999993 0.0139999999999993 60000 10848 0.626594188064337 0 0.8 0.2
0.212574850299401 0.212574850299401 0.208955223880597 0.3 59 59 11 1.019 0.833 0.0129999999999999 0.0129999999999999 60000 10722 0.2 1 0.8 0.2
0.615608337372758 0.654185022026432 0.661538461538462 0.8 372 163 11 6.527 3.043 0.0300000000000011 0.0179999999999989 60000 10842 0.681118114758283 0 0.8 0.2
0.261316872427984 0.261316872427984 0.215384615384615 0.3 88 88 11 1.654 1.287 0.0129999999999999 0.0140000000000002 60000 10945 0.2 0 0.8 0.2
0.232911392405063 0.232911392405063 0.184615384615385 0.3 71 71 11 0.911 0.887 0.012 0.012 60000 10884 0.2 1 0.8 0.2
0.356612184249629 0.386061946902655 0.446153846153846 0.4 243 163 11 4.46 2.938 0.0129999999999999 0.0129999999999999 60000 10867 0.46 1 0.8 0.2
0.305593451568895 0.305593451568895 0.303030303030303 0.3 132 132 11 1.797 1.699 0.0120000000000005 0.0129999999999999 60000 10855 0.340174385970458 0 0.8 0.2
0.274545454545455 0.274545454545455 0.246153846153846 0.2 99 99 11 1.317 1.361 0.0130000000000003 0.0129999999999999 60000 10902 0.321811563028023 0 0.8 0.2
0.203703703703704 0.203703703703704 0.138461538461538 0 58 58 11 1.545 0.862 0.0129999999999999 0.0129999999999999 60000 10874 0.204667969485745 0 0.8 0.2
0.554819080734543 0.462983425414365 0.507692307692308 0.6 1688 165 11 54.888 5.03400000000001 0.029999999999994 0.0300000000000011 60000 11011 0.425564033351839 0 0.8 0.2
0.304054054054054 0.304054054054054 0.323076923076923 0.3 134 134 11 3.532 3.405 0.0210000000000008 0.0299999999999994 60000 10924 0.347386506125331 1 0.8 0.2
0.361379310344828 0.391352549889135 0.384615384615385 0.5 264 164 11 9.217 5.577 0.0329999999999977 0.0330000000000013 60000 10955 0.46 0 0.8 0.2
0.184115523465704 0.184115523465704 0.257575757575758 0.4 49 49 11 0.948 0.791 0.036 0.0489999999999999 60000 10787 0.2 0 0.8 0.2
0.763819095477387 0.763819095477387 0.738461538461539 0.7 71 71 11 2.414 2.38 0.0300000000000002 0.0289999999999999 60000 10835 0.8 1 0.8 0.2
0.793846153846154 0.793846153846154 0.846153846153846 0.9 59 59 11 2.06 1.95 0.0289999999999999 0.0300000000000002 60000 11025 0.8 1 0.8 0.2
0.385565052231719 0.417035398230089 0.507692307692308 0.5 381 163 11 7.493 3.308 0.0129999999999999 0.0129999999999999 60000 10882 0.46 0 0.8 0.2
0.592975854499843 0.567955801104972 0.492307692307692 0.4 579 164 11 7.462 2.1 0.0150000000000006 0.0120000000000005 60000 10908 0.415841745119542 0 0.8 0.2
0.344161545215101 0.349557522123894 0.369230769230769 0.7 208 165 11 7.108 5.388 0.032 0.032 60000 11012 0.46 1 0.8 0.2
0.763819095477387 0.763819095477387 0.753846153846154 0.5 71 71 11 1.613 1.352 0.0150000000000001 0.0139999999999998 60000 10896 0.8 1 0.8 0.2
0.386904761904762 0.441860465116279 0.4 0.2 398 164 11 13.744 5.356 0.0330000000000013 0.032 60000 10955 0.46 1 0.8 0.2
0.201277955271566 0.201277955271566 0.196969696969697 0.4 56 56 11 1.263 1.547 0.0209999999999999 0.016 60000 10881 0.2 0 0.8 0.2
0.352245862884161 0.376379690949227 0.318181818181818 0.7 229 163 11 5.771 4.112 0.0289999999999999 0.0470000000000006 60000 10849 0.46 1 0.8 0.2
0.198019801980198 0.198019801980198 0.2 0.2 54 54 11 0.804 1.182 0.0129999999999999 0.0129999999999999 60000 10866 0.2 0 0.8 0.2
0.554354804194308 0.465193370165746 0.323076923076923 0.4 1703 164 11 56.567 5.196 0.0309999999999988 0.0319999999999965 60000 10939 0.324874130450189 0 0.8 0.2
0.260330578512397 0.260330578512397 0.384615384615385 0.5 87 87 11 2.023 2.403 0.0359999999999996 0.024 60000 10869 0.237184932753444 0 0.8 0.2
0.186851211072664 0.186851211072664 0.242424242424242 0.2 51 51 11 1.271 1.52 0.0150000000000001 0.0129999999999999 60000 10767 0.2 0 0.8 0.2
0.334319526627219 0.333333333333333 0.373134328358209 0.4 180 160 11 3.65 3.341 0.0200000000000005 0.0289999999999999 60000 10700 0.384125794395804 0 0.8 0.2
0.306970509383378 0.306970509383378 0.215384615384615 0.4 135 135 11 3.869 3.586 0.0250000000000004 0.048 60000 10919 0.345029816096649 0 0.8 0.2
0.556764981273408 0.339955849889625 0.2 0.1 1537 162 11 51.115 5.009 0.0300000000000011 0.0309999999999988 60000 10799 0.2 0 0.8 0.2
0.236907730673317 0.236907730673317 0.230769230769231 0.4 72 72 11 1.816 1.685 0.0140000000000002 0.0250000000000004 60000 10912 0.2 0 0.8 0.2
0.627099015634047 0.603543743078627 0.630769230769231 0.6 309 161 11 3.8 1.923 0.0140000000000002 0.0120000000000005 60000 10765 0.638386279717088 1 0.8 0.2
0.347861842105263 0.365044247787611 0.353846153846154 0.3 219 163 11 4.548 3.602 0.0129999999999999 0.0140000000000011 60000 10851 0.46 1 0.8 0.2
0.806666666666667 0.806666666666667 0.723076923076923 0.8 54 54 11 0.784 1.14 0.0129999999999999 0.0130000000000003 60000 10950 0.8 0 0.8 0.2
0.198697068403909 0.198697068403909 0.184615384615385 0.2 56 56 11 0.819 1.212 0.0129999999999999 0.0139999999999998 60000 11126 0.2 1 0.8 0.2
0.763414634146341 0.763414634146341 0.676923076923077 0.5 74 74 11 1.891 1.436 0.016 0.0129999999999999 60000 10944 0.8 1 0.8 0.2
0.544723108147289 0.369589345172031 0.230769230769231 0.3 2537 165 11 83.207 4.974 0.0289999999999964 0.0360000000000014 60000 11036 0.2 0 0.8 0.2
0.603751465416178 0.570011025358324 0.454545454545455 0.3 459 162 11 14.439 4.924 0.0339999999999989 0.0330000000000013 60000 10774 0.478733825869858 0 0.8 0.2
0.785923753665689 0.785923753665689 0.895522388059702 1 60 60 11 0.802 0.78 0.0129999999999999 0.012 60000 10767 0.8 1 0.8 0.2
0.562830593280915 0.377900552486188 0.166666666666667 0.1 1263 163 11 39.654 4.906 0.0300000000000011 0.0290000000000035 60000 10840 0.2 0 0.8 0.2
0.554275965024525 0.343991179713341 0.215384615384615 0.3 1694 163 11 33.36 3.256 0.0130000000000052 0.0129999999999981 60000 10843 0.2 0 0.8 0.2
0.155172413793103 0.155172413793103 0.169230769230769 0.2 42 42 11 0.546 0.502 0.012 0.014 60000 11077 0.2 1 0.8 0.2
0.306122448979592 0.306122448979592 0.261538461538462 0.6 132 132 11 3.62 3.451 0.0139999999999993 0.0150000000000006 60000 10838 0.326562867052853 0 0.8 0.2
0.383283877349159 0.423672566371681 0.4 0.4 370 165 11 11.33 4.938 0.0289999999999999 0.0289999999999999 60000 11005 0.46 0 0.8 0.2
0.206686930091185 0.206686930091185 0.215384615384615 0.1 59 59 11 1.996 2.332 0.0300000000000002 0.0289999999999999 60000 10879 0.2 0 0.8 0.2
0.155172413793103 0.155172413793103 0.0923076923076923 0.2 42 42 11 1.335 0.969 0.0149999999999997 0.0190000000000001 60000 11034 0.2 0 0.8 0.2
0.334325396825397 0.338137472283814 0.409090909090909 0.4 181 162 11 4.985 3.967 0.0150000000000006 0.0400000000000009 60000 10828 0.439099278785289 0 0.8 0.2
0.546231546231546 0.366150442477876 0.215384615384615 0.2 2374 166 11 54.163 3.657 0.0129999999999981 0.0150000000000006 60000 11071 0.220527229737491 1 0.8 0.2
0.632446134347275 0.64712389380531 0.630769230769231 0.7 287 164 11 7.141 3.5 0.0439999999999987 0.0199999999999996 60000 10937 0.702290401235223 1 0.8 0.2
0.771883289124668 0.771883289124668 0.738461538461539 0.5 68 68 11 0.889 0.887 0.012 0.0140000000000002 60000 10967 0.8 1 0.8 0.2
0.783625730994152 0.783625730994152 0.830769230769231 0.9 61 61 11 1.826 1.751 0.0339999999999998 0.0270000000000001 60000 10854 0.8 1 0.8 0.2
0.388134057971014 0.445676274944568 0.461538461538462 0.5 400 163 11 11.9 4.614 0.0280000000000022 0.027000000000001 60000 10894 0.46 0 0.8 0.2
0.331622176591376 0.331858407079646 0.369230769230769 0.2 178 165 11 3.574 3.294 0.0120000000000005 0.0149999999999997 60000 11008 0.378295166157186 1 0.8 0.2
0.616633858267717 0.600441501103753 0.461538461538462 0.4 371 165 11 7.791 3.294 0.0149999999999988 0.0410000000000004 60000 10982 0.57474738676101 0 0.8 0.2
0.343804537521815 0.359823399558499 0.484848484848485 0.7 204 161 11 5.663 4.109 0.036999999999999 0.0250000000000004 60000 10722 0.46 0 0.8 0.2
0.58732782369146 0.524282560706402 0.323076923076923 0.4 664 165 11 16.641 4.035 0.0199999999999996 0.0380000000000003 60000 10989 0.395429261401296 1 0.8 0.2
0.32312925170068 0.32312925170068 0.5 0.6 158 158 11 7.314 6.802 0.027000000000001 0.0269999999999975 60000 10813 0.46 1 0.8 0.2
0.338649155722326 0.3421926910299 0.4 0.5 191 162 11 5.667 4.639 0.0269999999999992 0.0269999999999992 60000 10803 0.46 0 0.8 0.2
0.564190703930653 0.48834628190899 0.338461538461538 0.1 1221 164 11 24.483 3.225 0.0139999999999993 0.0229999999999997 60000 10956 0.272186543233693 0 0.8 0.2
0.598864039758608 0.533112582781457 0.378787878787879 0.3 506 162 11 14.302 4.476 0.0279999999999987 0.027000000000001 60000 10791 0.442984775546938 0 0.8 0.2
0.229551451187335 0.229551451187335 0.184615384615385 0.3 68 68 11 1.115 1.343 0.0129999999999999 0.016 60000 10887 0.2 0 0.8 0.2
0.560595982439803 0.385635359116022 0.384615384615385 0.4 1401 168 11 58.198 6.60400000000001 0.0330000000000013 0.0460000000000065 60000 11189 0.2 1 0.8 0.2
0.238329238329238 0.238329238329238 0.169230769230769 0.1 74 74 11 2.107 2.093 0.0260000000000007 0.0259999999999998 60000 11039 0.2 0 0.8 0.2
0.843881856540084 0.843881856540084 0.876923076923077 0.8 42 42 11 1.21 0.99 0.0259999999999998 0.056 60000 10865 0.8 1 0.8 0.2
0.240384615384615 0.240384615384615 0.169230769230769 0.1 75 75 11 2.159 2.153 0.0269999999999992 0.0290000000000008 60000 10944 0.2 1 0.8 0.2
