0.786206896551724 0.786206896551724 0.786206896551724 0.786206896551724 1 1 1 0.348000000000001 0.326000000000001 0.302999999999999 0.311999999999999 60000 72 0.8 1 0.8 0.7
0.375287092328893 0.375287092328893 0.375287092328893 0.375287092328893 1 1 1 0.376999999999999 0.381 0.321 0.322999999999999 60000 74 0.2 1 0.8 0.7
0.786635944700461 0.786635944700461 0.786635944700461 0.786635944700461 1 1 1 0.417999999999999 0.368 0.298 0.460000000000001 60000 71 0.8 1 0.8 0.7
0.556796426292278 0.464198393293748 0.465867158671587 0.465867158671587 10 2 1 2.865 0.611000000000001 0.279 0.287000000000001 60000 72 0.2 0 0.8 0.7
0.57413299395482 0.527777777777778 0.524711316397229 0.524711316397229 6 2 1 2.26 0.965999999999999 0.541 0.302 60000 69 0.2 1 0.8 0.7
0.353400735294118 0.353400735294118 0.353400735294118 0.353400735294118 1 1 1 0.331 0.567 0.543000000000001 0.468 60000 79 0.2 0 0.8 0.7
0.380379453956502 0.380379453956502 0.380379453956502 0.380379453956502 1 1 1 0.306000000000001 0.282999999999999 0.269 0.268000000000001 60000 83 0.46 1 0.8 0.7
0.770120259019426 0.770120259019426 0.770120259019426 0.770120259019426 1 1 1 0.366000000000001 0.351999999999999 0.33 0.331 60000 72 0.8 0 0.8 0.7
0.614397065566254 0.614397065566254 0.614397065566254 0.614397065566254 1 1 1 0.313 0.292999999999999 0.282 0.285 60000 68 0.682039404660463 0 0.8 0.7
0.779418550992155 0.779418550992155 0.779418550992155 0.779418550992155 1 1 1 0.342000000000001 0.296999999999999 0.477 0.606 60000 76 0.8 1 0.8 0.7
0.319412574575493 0.319412574575493 0.319412574575493 0.319412574575493 1 1 1 0.545999999999999 0.465 0.369 0.478000000000002 60000 72 0.2 0 0.8 0.7
0.781466113416321 0.781466113416321 0.781466113416321 0.781466113416321 1 1 1 0.341999999999999 0.395 0.619 0.439 60000 75 0.8 1 0.8 0.7
0.364559298569451 0.364559298569451 0.364559298569451 0.364559298569451 1 1 1 0.404999999999999 0.331999999999999 0.301 0.493 60000 73 0.46 0 0.8 0.7
0.33256351039261 0.33256351039261 0.33256351039261 0.33256351039261 1 1 1 0.461 0.596 0.544 0.458 60000 71 0.339593249764293 0 0.8 0.7
0.791934005499542 0.791934005499542 0.791934005499542 0.791934005499542 1 1 1 0.391 0.369999999999999 0.332000000000001 0.501999999999999 60000 70 0.8 1 0.8 0.7
0.752762430939227 0.752762430939227 0.752762430939227 0.752762430939227 1 1 1 0.497999999999999 0.529999999999999 0.495000000000001 0.607000000000001 60000 69 0.8 1 0.8 0.7
0.731673582295989 0.731673582295989 0.731673582295989 0.731673582295989 1 1 1 0.384 0.587 0.516 0.347000000000001 60000 72 0.8 1 0.8 0.7
0.605498281786942 0.605498281786942 0.602954755309326 0.602954755309326 2 2 1 1.14 0.610000000000001 0.296999999999999 0.344999999999999 60000 71 0.547045572567731 0 0.8 0.7
0.547962888261396 0.453870625662778 0.451107011070111 0.451107011070111 14 2 1 5.92 0.641000000000002 0.344999999999999 0.343 60000 74 0.2 1 0.8 0.7
0.784232365145228 0.784232365145228 0.784232365145228 0.784232365145228 1 1 1 0.385999999999999 0.336 0.312000000000001 0.597999999999999 60000 76 0.8 1 0.8 0.7
0.789109367789571 0.789109367789571 0.789109367789571 0.789109367789571 1 1 1 0.365 0.350000000000001 0.34 0.34 60000 74 0.8 1 0.8 0.7
0.77634011090573 0.77634011090573 0.77634011090573 0.77634011090573 1 1 1 0.648999999999999 0.519 0.345000000000001 0.5 60000 69 0.8 0 0.8 0.7
0.796116504854369 0.796116504854369 0.796116504854369 0.796116504854369 1 1 1 0.513 0.645000000000001 0.501999999999999 0.545 60000 73 0.8 1 0.8 0.7
0.600553250345781 0.59581881533101 0.587206626783249 0.587206626783249 3 2 1 1.301 0.697000000000001 0.353 0.351000000000001 60000 73 0.394663473963738 1 0.8 0.7
0.739751266697374 0.739751266697374 0.739751266697374 0.739751266697374 1 1 1 0.387 0.366999999999999 0.355 0.354000000000001 60000 71 0.8 1 0.8 0.7
0.379723502304147 0.379723502304147 0.379723502304147 0.379723502304147 1 1 1 0.352 0.347 0.313000000000001 0.321 60000 68 0.279549882346765 1 0.8 0.7
0.366605335786569 0.366605335786569 0.366605335786569 0.366605335786569 1 1 1 0.422000000000001 0.376999999999999 0.364000000000001 0.377000000000001 60000 82 0.310619685491547 1 0.8 0.7
0.548437868891162 0.475140056022409 0.47126969416126 0.47126969416126 14 2 1 5.596 0.703999999999999 0.336 0.321000000000002 60000 72 0.2 0 0.8 0.7
0.790537436839688 0.790537436839688 0.790537436839688 0.790537436839688 1 1 1 0.387 0.388 0.321 0.33 60000 71 0.8 1 0.8 0.7
0.555764101550924 0.440264716126785 0.428241808952469 0.428241808952469 11 2 1 4.589 0.890000000000001 0.544 0.314 60000 73 0.2 0 0.8 0.7
0.543647010758546 0.43441466854725 0.429032258064516 0.429032258064516 17 2 1 6.911 0.715 0.539999999999999 0.387 60000 75 0.2 0 0.8 0.7
0.351102941176471 0.351102941176471 0.351102941176471 0.351102941176471 1 1 1 0.377000000000001 0.359999999999999 0.345000000000001 0.345000000000001 60000 71 0.46 0 0.8 0.7
0.382664822498847 0.382664822498847 0.382664822498847 0.382664822498847 1 1 1 0.362 0.445 0.543000000000001 0.359999999999999 60000 70 0.46 0 0.8 0.7
0.563560395036718 0.499142367066895 0.495172413793103 0.495172413793103 8 2 1 3.284 0.722 0.564 0.450999999999999 60000 71 0.2 0 0.8 0.7
0.410777145951801 0.405080672845863 0.405690683799908 0.405690683799908 3 2 1 1.032 0.776 0.512 0.324999999999999 60000 71 0.2 0 0.8 0.7
0.574366819649838 0.562301447229086 0.559485530546624 0.559485530546624 6 2 1 2.341 0.725 0.362 0.323 60000 75 0.513021619897336 0 0.8 0.7
0.373793103448276 0.373793103448276 0.373793103448276 0.373793103448276 1 1 1 0.504 0.534999999999998 0.487 0.654 60000 68 0.2 0 0.8 0.7
0.299168975069252 0.299168975069252 0.299168975069252 0.299168975069252 1 1 1 0.636999999999999 0.588000000000001 0.347999999999999 0.361000000000001 60000 69 0.2 0 0.8 0.7
0.562084257206208 0.471112696148359 0.468261269549218 0.468261269549218 9 2 1 3.801 1.135 0.322000000000001 0.31 60000 77 0.2 0 0.8 0.7
0.354838709677419 0.354838709677419 0.354838709677419 0.354838709677419 1 1 1 0.347999999999999 0.361000000000001 0.587 0.548999999999999 60000 78 0.46 0 0.8 0.7
0.375919117647059 0.375919117647059 0.375919117647059 0.375919117647059 1 1 1 0.44 0.556999999999999 0.326000000000001 0.33 60000 72 0.46 1 0.8 0.7
0.366268382352941 0.366268382352941 0.366268382352941 0.366268382352941 1 1 1 0.345999999999998 0.387 0.554 0.415000000000001 60000 70 0.2 1 0.8 0.7
0.336861481822365 0.336861481822365 0.336861481822365 0.336861481822365 1 1 1 0.347 0.335000000000001 0.393000000000001 0.562999999999999 60000 71 0.245608259569854 0 0.8 0.7
0.780645161290323 0.780645161290323 0.780645161290323 0.780645161290323 1 1 1 0.381 0.376000000000001 0.450999999999999 0.52 60000 70 0.8 0 0.8 0.7
0.649058337161231 0.649058337161231 0.649058337161231 0.649058337161231 1 1 1 0.359999999999999 0.364000000000001 0.356 0.363 60000 73 0.678068730887026 0 0.8 0.7
0.355463347164592 0.355463347164592 0.355463347164592 0.355463347164592 1 1 1 0.382 0.363999999999999 0.446999999999999 0.519 60000 71 0.352684762906283 1 0.8 0.7
0.743554327808471 0.743554327808471 0.743554327808471 0.743554327808471 1 1 1 0.391 0.395999999999999 0.566999999999998 0.375 60000 73 0.8 1 0.8 0.7
0.761180267404334 0.761180267404334 0.761180267404334 0.761180267404334 1 1 1 0.581 0.395 0.548999999999999 0.430000000000001 60000 74 0.8 1 0.8 0.7
0.74171270718232 0.74171270718232 0.74171270718232 0.74171270718232 1 1 1 0.372 0.466000000000001 0.537000000000001 0.321 60000 72 0.8 1 0.8 0.7
0.39785740672331 0.39785740672331 0.392906494702902 0.392906494702902 2 2 1 0.670000000000002 1.098 0.371 0.428000000000001 60000 80 0.2 0 0.8 0.7
0.385253456221198 0.385253456221198 0.385253456221198 0.385253456221198 1 1 1 0.618 0.576000000000001 0.363 0.472999999999999 60000 75 0.46 1 0.8 0.7
0.293981481481481 0.293981481481481 0.293981481481481 0.293981481481481 1 1 1 0.539 0.648000000000001 0.449999999999999 0.558999999999999 60000 74 0.2 0 0.8 0.7
0.377992633517495 0.377992633517495 0.377992633517495 0.377992633517495 1 1 1 0.387 0.506 0.590999999999999 0.355 60000 79 0.46 0 0.8 0.7
0.591919739696312 0.591111111111111 0.580110497237569 0.580110497237569 3 2 1 0.962 0.905000000000001 0.567 0.31 60000 71 0.595061187539249 1 0.8 0.7
0.326887661141805 0.326887661141805 0.326887661141805 0.326887661141805 1 1 1 0.394 0.532999999999999 0.59 0.343 60000 82 0.358213267028332 1 0.8 0.7
0.375128821710752 0.375128821710752 0.388376383763838 0.388376383763838 2 2 1 0.699999999999999 0.684999999999999 0.337000000000002 0.34 60000 71 0.46 0 0.8 0.7
0.779364348226624 0.779364348226624 0.779364348226624 0.779364348226624 1 1 1 0.373999999999999 0.31 0.335000000000001 0.343999999999999 60000 77 0.8 1 0.8 0.7
0.379326257498846 0.379326257498846 0.379326257498846 0.379326257498846 1 1 1 0.353 0.349 0.339 0.337999999999999 60000 79 0.46 0 0.8 0.7
0.372477064220184 0.372477064220184 0.372477064220184 0.372477064220184 1 1 1 0.382999999999999 0.361000000000001 0.347 0.347999999999999 60000 74 0.2 0 0.8 0.7
0.772811059907834 0.772811059907834 0.772811059907834 0.772811059907834 1 1 1 0.578999999999999 0.350000000000001 0.353999999999999 0.451000000000001 60000 72 0.8 1 0.8 0.7
0.339318600368324 0.339318600368324 0.339318600368324 0.339318600368324 1 1 1 0.377000000000001 0.533000000000001 0.398 0.337999999999999 60000 72 0.2 0 0.8 0.7
0.663908045977011 0.663908045977011 0.663908045977011 0.663908045977011 1 1 1 0.407 0.378 0.363 0.366 60000 71 0.8 1 0.8 0.7
0.590019784568037 0.58161865569273 0.571626617375231 0.571626617375231 4 2 1 1.996 1.158 0.314 0.385999999999999 60000 70 0.466986812092364 1 0.8 0.7
0.779465930018416 0.779465930018416 0.779465930018416 0.779465930018416 1 1 1 0.407 0.381 0.366999999999999 0.367000000000001 60000 73 0.8 0 0.8 0.7
0.615561694290976 0.615561694290976 0.615561694290976 0.615561694290976 1 1 1 0.541 0.614999999999998 0.367000000000001 0.355 60000 67 0.558847810514271 0 0.8 0.7
0.583986241161857 0.561324041811847 0.553612517257248 0.553612517257248 5 2 1 2.697 0.881 0.619 0.553000000000001 60000 73 0.2 0 0.8 0.7
0.567088293650794 0.533310901749664 0.532198712051518 0.532198712051518 8 2 1 2.956 1.026 0.632 0.622999999999999 60000 69 0.365191982965916 0 0.8 0.7
0.785253456221198 0.785253456221198 0.785253456221198 0.785253456221198 1 1 1 0.4 0.363 0.508000000000001 0.584 60000 73 0.8 1 0.8 0.7
0.570117533408469 0.535714285714286 0.522381172127365 0.522381172127365 6 2 1 2.709 0.807 0.369 0.369 60000 71 0.2 0 0.8 0.7
0.690114942528736 0.690114942528736 0.690114942528736 0.690114942528736 1 1 1 0.382000000000001 0.362 0.349 0.347999999999999 60000 68 0.8 1 0.8 0.7
0.372982941447672 0.372982941447672 0.372982941447672 0.372982941447672 1 1 1 0.366 0.35 0.347000000000001 0.494999999999999 60000 79 0.46 0 0.8 0.7
0.319521178637201 0.319521178637201 0.319521178637201 0.319521178637201 1 1 1 0.360999999999999 0.352 0.347 0.506 60000 76 0.233681086143479 0 0.8 0.7
0.699033594109526 0.699033594109526 0.699033594109526 0.699033594109526 1 1 1 1.107 0.956 0.846 0.710000000000001 60000 74 0.8 1 0.8 0.7
0.384792626728111 0.384792626728111 0.384792626728111 0.384792626728111 1 1 1 0.384 0.34 0.293000000000001 0.425999999999998 60000 72 0.2 0 0.8 0.7
0.37125748502994 0.37125748502994 0.37125748502994 0.37125748502994 1 1 1 0.391999999999999 0.369 0.354000000000001 0.35 60000 73 0.2 0 0.8 0.7
0.59103800340329 0.588593974175036 0.594383057090239 0.594383057090239 3 2 1 1.057 0.689 0.32 0.313000000000001 60000 76 0.646653262805193 1 0.8 0.7
0.573550414167381 0.52072627612196 0.516336861481822 0.516336861481822 7 2 1 3.154 0.672000000000001 0.662000000000001 0.542999999999999 60000 71 0.2 0 0.8 0.7
0.647329650092081 0.647329650092081 0.647329650092081 0.647329650092081 1 1 1 0.358000000000001 0.337999999999999 0.328000000000001 0.325999999999999 60000 75 0.686728073656559 0 0.8 0.7
0.310967144840352 0.310967144840352 0.310967144840352 0.310967144840352 1 1 1 0.382999999999999 0.360000000000001 0.347999999999999 0.352 60000 73 0.2 1 0.8 0.7
0.355822550831793 0.355822550831793 0.355822550831793 0.355822550831793 1 1 1 0.378 0.364000000000001 0.340999999999999 0.347 60000 80 0.46 0 0.8 0.7
0.353428439944777 0.353428439944777 0.353428439944777 0.353428439944777 1 1 1 0.495000000000001 0.549000000000001 0.408999999999999 0.541 60000 73 0.46 0 0.8 0.7
0.772372648003671 0.772372648003671 0.772372648003671 0.772372648003671 1 1 1 0.506 0.368 0.33 0.392999999999999 60000 70 0.8 0 0.8 0.7
0.291034482758621 0.291034482758621 0.291034482758621 0.291034482758621 1 1 1 0.375 0.552 0.585000000000001 0.383000000000001 60000 74 0.2 0 0.8 0.7
0.768202764976958 0.768202764976958 0.768202764976958 0.768202764976958 1 1 1 0.392999999999999 0.373999999999999 0.362 0.362 60000 68 0.8 1 0.8 0.7
0.384530386740331 0.384530386740331 0.394022988505747 0.394022988505747 2 2 1 0.754999999999999 0.746 0.361000000000001 0.366 60000 80 0.46 0 0.8 0.7
0.36460258780037 0.36460258780037 0.36460258780037 0.36460258780037 1 1 1 0.599 0.484 0.491999999999999 0.366000000000001 60000 76 0.2 0 0.8 0.7
0.368445262189512 0.368445262189512 0.368445262189512 0.368445262189512 1 1 1 0.370000000000001 0.356999999999999 0.340000000000002 0.339 60000 70 0.46 1 0.8 0.7
0.560302298729925 0.475179732968162 0.47329650092081 0.47329650092081 10 2 1 4.005 1.159 0.414 0.521000000000001 60000 71 0.2 1 0.8 0.7
0.76427255985267 0.76427255985267 0.76427255985267 0.76427255985267 1 1 1 0.875 0.905000000000001 0.904 0.745000000000001 60000 71 0.8 0 0.8 0.7
0.78690036900369 0.78690036900369 0.78690036900369 0.78690036900369 1 1 1 0.366999999999999 0.339 0.515000000000001 0.487 60000 71 0.8 1 0.8 0.7
0.382136279926335 0.382136279926335 0.382136279926335 0.382136279926335 1 1 1 0.821999999999999 0.779 0.750999999999998 0.746000000000002 60000 68 0.46 0 0.8 0.7
0.369244935543278 0.369244935543278 0.369244935543278 0.369244935543278 1 1 1 0.625999999999999 0.538 0.497 0.462000000000002 60000 72 0.46 1 0.8 0.7
0.304568527918782 0.304568527918782 0.304568527918782 0.304568527918782 1 1 1 0.418000000000001 0.359 0.414 0.662000000000001 60000 71 0.2 0 0.8 0.7
0.389380530973451 0.389380530973451 0.387557603686636 0.387557603686636 2 2 1 1.048 1.168 0.550000000000001 0.555999999999999 60000 69 0.2 0 0.8 0.7
0.378913443830571 0.378913443830571 0.378913443830571 0.378913443830571 1 1 1 0.296000000000001 0.324999999999999 0.296999999999999 0.311 60000 71 0.46 1 0.8 0.7
0.379484820607176 0.379484820607176 0.379484820607176 0.379484820607176 1 1 1 0.391999999999999 0.375 0.358000000000001 0.356999999999999 60000 72 0.46 0 0.8 0.7
0.367375231053604 0.367375231053604 0.367375231053604 0.367375231053604 1 1 1 0.553000000000001 0.536999999999999 0.363 0.356 60000 73 0.20220749296248 0 0.8 0.7
0.671875 0.671875 0.671875 0.671875 1 1 1 0.473000000000001 0.558999999999999 0.536000000000001 0.616999999999999 60000 76 0.8 0 0.8 0.7
0.328268876611418 0.328268876611418 0.328268876611418 0.328268876611418 1 1 1 0.368 0.35 0.339 0.497 60000 75 0.398834199011326 0 0.8 0.7
0.341350601295097 0.341350601295097 0.341350601295097 0.341350601295097 1 1 1 0.822000000000003 0.776 0.751000000000001 0.753999999999998 60000 75 0.46 0 0.8 0.7
0.330119375573921 0.330119375573921 0.330119375573921 0.330119375573921 1 1 1 0.515000000000001 0.317 0.288 0.318 60000 73 0.2 0 0.8 0.7
0.360385144429161 0.360385144429161 0.360385144429161 0.360385144429161 1 1 1 0.887 0.822000000000003 0.787000000000003 0.791 60000 70 0.46 0 0.8 0.7
0.753676470588235 0.753676470588235 0.753676470588235 0.753676470588235 1 1 1 0.382 0.362 0.356999999999999 0.349 60000 76 0.8 0 0.8 0.7
0.783049286043298 0.783049286043298 0.783049286043298 0.783049286043298 1 1 1 0.458 0.571 0.345000000000001 0.347999999999999 60000 69 0.8 1 0.8 0.7
0.381433823529412 0.381433823529412 0.381433823529412 0.381433823529412 1 1 1 0.416 0.639000000000001 0.456 0.499000000000001 60000 71 0.2 0 0.8 0.7
0.363929889298893 0.363929889298893 0.363929889298893 0.363929889298893 1 1 1 0.378 0.331999999999999 0.578999999999999 0.506 60000 70 0.46 0 0.8 0.7
0.777931034482759 0.777931034482759 0.777931034482759 0.777931034482759 1 1 1 0.494 0.680999999999999 0.412000000000001 0.542 60000 80 0.8 1 0.8 0.7
0.374306839186691 0.374306839186691 0.374306839186691 0.374306839186691 1 1 1 0.379 0.415000000000001 0.610000000000001 0.504999999999999 60000 74 0.2 1 0.8 0.7
0.782548476454294 0.782548476454294 0.782548476454294 0.782548476454294 1 1 1 0.388999999999999 0.356 0.317 0.439 60000 82 0.8 1 0.8 0.7
0.361456892577225 0.361456892577225 0.361456892577225 0.361456892577225 1 1 1 0.667 0.35 0.292 0.313000000000001 60000 74 0.227912110760808 0 0.8 0.7
0.788888888888889 0.788888888888889 0.788888888888889 0.788888888888889 1 1 1 0.357000000000001 0.549999999999999 0.563000000000001 0.449999999999999 60000 70 0.8 1 0.8 0.7
0.566391883322765 0.540475370306579 0.53778801843318 0.53778801843318 8 2 1 6.16 1.594 0.782999999999998 0.830000000000002 60000 71 0.422634358424693 0 0.8 0.7
0.37689829728486 0.37689829728486 0.37689829728486 0.37689829728486 1 1 1 0.390000000000001 0.555 0.367000000000001 0.266999999999999 60000 77 0.375878696255386 0 0.8 0.7
0.552295200578825 0.483644037988041 0.480202578268877 0.480202578268877 14 2 1 10.792 1.501 0.738 0.75 60000 74 0.2 0 0.8 0.7
0.549307595467898 0.422929045788186 0.409926470588235 0.409926470588235 13 2 1 6.701 0.960999999999999 0.451999999999998 0.613 60000 72 0.2 1 0.8 0.7
0.655315232397607 0.655315232397607 0.655315232397607 0.655315232397607 1 1 1 0.321 0.415000000000001 0.636000000000001 0.382 60000 75 0.785091209132224 1 0.8 0.7
0.777216352779054 0.777216352779054 0.777216352779054 0.777216352779054 1 1 1 0.329000000000001 0.4 0.625 0.449999999999999 60000 73 0.8 1 0.8 0.7
0.613751730503 0.613751730503 0.613751730503 0.613751730503 1 1 1 0.670999999999999 0.460999999999999 0.282 0.279 60000 74 0.698564093466848 1 0.8 0.7
0.358291226458429 0.358291226458429 0.358291226458429 0.358291226458429 1 1 1 0.286 0.263 0.253 0.253 60000 72 0.2 0 0.8 0.7
0.783908045977011 0.783908045977011 0.783908045977011 0.783908045977011 1 1 1 0.408000000000001 0.327999999999999 0.303000000000001 0.429 60000 80 0.8 1 0.8 0.7
0.386353158137391 0.386353158137391 0.386353158137391 0.386353158137391 1 1 1 0.359 0.338999999999999 0.324 0.324 60000 70 0.2 1 0.8 0.7
0.772163527790537 0.772163527790537 0.772163527790537 0.772163527790537 1 1 1 0.665000000000001 0.516 0.553999999999998 0.434999999999999 60000 74 0.8 1 0.8 0.7
0.717361429225836 0.717361429225836 0.717361429225836 0.717361429225836 1 1 1 0.516999999999999 0.546999999999999 0.354000000000001 0.347 60000 74 0.8 1 0.8 0.7
0.766927683095348 0.766927683095348 0.766927683095348 0.766927683095348 1 1 1 0.518000000000001 0.528 0.343 0.375999999999999 60000 75 0.8 1 0.8 0.7
0.774849745723532 0.774849745723532 0.774849745723532 0.774849745723532 1 1 1 0.823999999999998 0.774000000000001 0.745999999999999 0.75 60000 78 0.8 1 0.8 0.7
0.544871421074115 0.414667580534613 0.409655172413793 0.409655172413793 19 2 1 7.824 0.670000000000002 0.352999999999998 0.326000000000001 60000 71 0.2 0 0.8 0.7
0.755064456721915 0.755064456721915 0.755064456721915 0.755064456721915 1 1 1 0.381 0.357000000000001 0.328999999999999 0.33 60000 74 0.8 1 0.8 0.7
0.386574074074074 0.386574074074074 0.386574074074074 0.386574074074074 1 1 1 0.342000000000001 0.315 0.302999999999999 0.304 60000 83 0.46 0 0.8 0.7
0.34919168591224 0.34919168591224 0.34919168591224 0.34919168591224 1 1 1 0.355 0.421999999999999 0.67 0.456000000000001 60000 74 0.46 1 0.8 0.7
0.350925925925926 0.350925925925926 0.350925925925926 0.350925925925926 1 1 1 0.395 0.321 0.372999999999999 0.630000000000001 60000 69 0.46 0 0.8 0.7
0.5732752934969 0.492231638418079 0.486648250460405 0.486648250460405 8 2 1 6.112 1.58 0.775000000000002 0.823999999999998 60000 74 0.2 0 0.8 0.7
0.322462103812586 0.322462103812586 0.322462103812586 0.322462103812586 1 1 1 0.407 0.358000000000001 0.321 0.568 60000 74 0.2 1 0.8 0.7
0.782888684452622 0.782888684452622 0.782888684452622 0.782888684452622 1 1 1 0.343 0.385 0.337 0.308 60000 76 0.8 1 0.8 0.7
0.361290322580645 0.361290322580645 0.361290322580645 0.361290322580645 1 1 1 0.686 0.493 0.574 0.414999999999999 60000 73 0.46 0 0.8 0.7
0.34622467771639 0.34622467771639 0.34622467771639 0.34622467771639 1 1 1 0.817 0.773 0.742000000000001 0.740000000000002 60000 73 0.404050327250734 1 0.8 0.7
0.565476873637094 0.469093406593407 0.459944751381215 0.459944751381215 9 2 1 7.136 1.634 0.858000000000001 0.737000000000002 60000 71 0.2 0 0.8 0.7
0.377992633517495 0.377992633517495 0.377992633517495 0.377992633517495 1 1 1 0.838999999999999 0.795999999999999 0.759 0.753999999999998 60000 70 0.46 1 0.8 0.7
0.754030400736988 0.754030400736988 0.754030400736988 0.754030400736988 1 1 1 0.412000000000001 0.554 0.381 0.355 60000 72 0.8 1 0.8 0.7
0.330097087378641 0.330097087378641 0.330097087378641 0.330097087378641 1 1 1 0.814999999999998 0.762 0.736999999999998 0.744 60000 76 0.283730049496517 1 0.8 0.7
0.345161290322581 0.345161290322581 0.345161290322581 0.345161290322581 1 1 1 0.587999999999999 0.452 0.550000000000001 0.346 60000 76 0.316358432844281 0 0.8 0.7
0.552284710017575 0.423972602739726 0.414555504375864 0.414555504375864 12 2 1 9.567 1.608 0.742999999999999 0.761000000000003 60000 70 0.2 0 0.8 0.7
0.361878453038674 0.361878453038674 0.361878453038674 0.361878453038674 1 1 1 0.379999999999999 0.363 0.350999999999999 0.348000000000001 60000 77 0.46 1 0.8 0.7
0.383057090239411 0.383057090239411 0.383057090239411 0.383057090239411 1 1 1 0.817 0.773 0.744999999999997 0.743000000000002 60000 69 0.46 1 0.8 0.7
0.382027649769585 0.382027649769585 0.382027649769585 0.382027649769585 1 1 1 0.843 0.791 0.757999999999999 0.756 60000 76 0.46 0 0.8 0.7
0.314140948871488 0.314140948871488 0.314140948871488 0.314140948871488 1 1 1 0.523999999999999 0.461 0.296000000000001 0.335999999999999 60000 74 0.2 1 0.8 0.7
0.780229885057471 0.780229885057471 0.780229885057471 0.780229885057471 1 1 1 0.834 0.791 0.762 0.779 60000 69 0.8 1 0.8 0.7
0.380339917317409 0.380339917317409 0.380339917317409 0.380339917317409 1 1 1 0.403 0.317 0.519 0.571999999999999 60000 75 0.46 0 0.8 0.7
0.5526003107577 0.418257549461992 0.413173652694611 0.413173652694611 12 2 1 5.866 1.189 0.48 0.504999999999999 60000 72 0.2 0 0.8 0.7
0.385997236296638 0.385997236296638 0.385997236296638 0.385997236296638 1 1 1 0.651 0.339 0.27 0.278 60000 73 0.46 1 0.8 0.7
0.771073238139106 0.771073238139106 0.771073238139106 0.771073238139106 1 1 1 0.430000000000001 0.573 0.485999999999999 0.627999999999998 60000 78 0.8 1 0.8 0.7
0.367111929986181 0.367111929986181 0.367111929986181 0.367111929986181 1 1 1 0.539999999999999 0.645000000000001 0.517999999999999 0.556000000000001 60000 68 0.2 0 0.8 0.7
0.354570637119114 0.354570637119114 0.354570637119114 0.354570637119114 1 1 1 0.832999999999998 0.835999999999999 0.759 0.754999999999999 60000 73 0.344276502281428 0 0.8 0.7
0.582781456953642 0.554491899852725 0.550276752767528 0.550276752767528 5 2 1 1.615 0.66 0.326000000000001 0.325000000000001 60000 81 0.20676234960556 0 0.8 0.7
0.678208679593721 0.678208679593721 0.678208679593721 0.678208679593721 1 1 1 0.808 0.763999999999999 0.73 0.738 60000 73 0.8 1 0.8 0.7
0.739889705882353 0.739889705882353 0.739889705882353 0.739889705882353 1 1 1 0.514999999999999 0.672000000000001 0.458 0.551 60000 79 0.8 1 0.8 0.7
0.791532443626323 0.791532443626323 0.791532443626323 0.791532443626323 1 1 1 0.4 0.305999999999999 0.285 0.494999999999999 60000 72 0.8 1 0.8 0.7
0.370114942528736 0.370114942528736 0.370114942528736 0.370114942528736 1 1 1 0.834999999999997 0.776 0.747999999999998 0.744 60000 73 0.46 0 0.8 0.7
0.289655172413793 0.289655172413793 0.289655172413793 0.289655172413793 1 1 1 0.841000000000001 0.797000000000001 0.765999999999998 0.791 60000 79 0.2 0 0.8 0.7
0.363845446182153 0.363845446182153 0.363845446182153 0.363845446182153 1 1 1 0.562000000000001 0.543999999999999 0.600999999999999 0.412999999999998 60000 74 0.2 1 0.8 0.7
0.363803399173174 0.363803399173174 0.363803399173174 0.363803399173174 1 1 1 0.369 0.35 0.329999999999998 0.327999999999999 60000 73 0.2 0 0.8 0.7
0.774045098941555 0.774045098941555 0.774045098941555 0.774045098941555 1 1 1 0.558000000000002 0.297000000000001 0.283999999999999 0.331 60000 69 0.8 1 0.8 0.7
0.383801196502531 0.383801196502531 0.383801196502531 0.383801196502531 1 1 1 0.405999999999999 0.409999999999998 0.543000000000001 0.395 60000 77 0.2 0 0.8 0.7
0.554915112135821 0.502402196293754 0.484862385321101 0.484862385321101 10 2 1 4.916 1.026 0.416 0.497 60000 70 0.278607300389558 0 0.8 0.7
0.374077490774908 0.374077490774908 0.374077490774908 0.374077490774908 1 1 1 0.268000000000001 0.252000000000001 0.234 0.234 60000 69 0.2 0 0.8 0.7
0.336565096952909 0.336565096952909 0.336565096952909 0.336565096952909 1 1 1 0.598000000000001 0.528 0.6 0.537999999999998 60000 71 0.2 0 0.8 0.7
0.387022549470778 0.387022549470778 0.387022549470778 0.387022549470778 1 1 1 0.824000000000002 0.775000000000002 0.742000000000001 0.738 60000 71 0.2 0 0.8 0.7
0.379595588235294 0.379595588235294 0.379595588235294 0.379595588235294 1 1 1 0.372 0.298999999999999 0.31 0.452 60000 73 0.46 1 0.8 0.7
0.587834770767136 0.568641114982578 0.569981583793739 0.569981583793739 4 2 1 2.092 0.577 0.363000000000001 0.593999999999999 60000 72 0.397700796276331 1 0.8 0.7
0.786734223859972 0.786734223859972 0.786734223859972 0.786734223859972 1 1 1 0.843 0.800000000000001 0.768000000000001 0.768000000000001 60000 75 0.8 1 0.8 0.7
0.337327188940092 0.337327188940092 0.337327188940092 0.337327188940092 1 1 1 0.849 0.783999999999999 0.753 0.753 60000 72 0.320608845930547 0 0.8 0.7
0.293738489871087 0.293738489871087 0.293738489871087 0.293738489871087 1 1 1 0.838000000000001 0.817999999999998 0.756 0.766999999999999 60000 70 0.2 1 0.8 0.7
0.551362683438155 0.439367914805909 0.427979751495628 0.427979751495628 11 2 1 8.738 1.646 0.745000000000001 0.753999999999998 60000 70 0.2 1 0.8 0.7
0.772268135904499 0.772268135904499 0.772268135904499 0.772268135904499 1 1 1 0.815999999999999 0.775000000000002 0.757999999999999 0.740000000000002 60000 72 0.8 1 0.8 0.7
0.667744916820702 0.667744916820702 0.667744916820702 0.667744916820702 1 1 1 0.600999999999999 0.586 0.513000000000002 0.485999999999999 60000 71 0.735342532303184 1 0.8 0.7
0.368833563854311 0.368833563854311 0.368833563854311 0.368833563854311 1 1 1 0.562000000000001 0.563000000000001 0.474 0.536 60000 71 0.46 1 0.8 0.7
0.364265927977839 0.364265927977839 0.364265927977839 0.364265927977839 1 1 1 0.814 0.77 0.733000000000001 0.736000000000001 60000 75 0.46 0 0.8 0.7
0.358820819898664 0.358820819898664 0.358820819898664 0.358820819898664 1 1 1 0.832999999999998 0.786999999999999 0.757999999999999 0.756 60000 77 0.46 1 0.8 0.7
0.355963302752294 0.355963302752294 0.355963302752294 0.355963302752294 1 1 1 0.842000000000002 0.794 0.763999999999999 0.762 60000 72 0.46 0 0.8 0.7
0.326436781609195 0.326436781609195 0.326436781609195 0.326436781609195 1 1 1 0.482999999999999 0.58 0.369 0.525 60000 69 0.2 0 0.8 0.7
0.691954022988506 0.691954022988506 0.691954022988506 0.691954022988506 1 1 1 0.366 0.657 0.515000000000001 0.581999999999999 60000 75 0.8 1 0.8 0.7
0.557195206496979 0.504888268156425 0.512442396313364 0.512442396313364 11 2 1 5.572 1.246 0.472000000000001 0.338000000000001 60000 73 0.354001963417977 0 0.8 0.7
0.559200353434946 0.46969696969697 0.456551724137931 0.456551724137931 9 2 1 7.12 1.633 0.846 0.737000000000002 60000 68 0.2 1 0.8 0.7
0.547400395591975 0.404735883424408 0.399173174092788 0.399173174092788 17 2 1 8.984 1.062 0.620999999999999 0.463999999999999 60000 78 0.2 0 0.8 0.7
0.771034482758621 0.771034482758621 0.771034482758621 0.771034482758621 1 1 1 0.313000000000001 0.301 0.288 0.282 60000 73 0.8 1 0.8 0.7
0.778341013824885 0.778341013824885 0.778341013824885 0.778341013824885 1 1 1 0.356000000000002 0.282999999999999 0.467000000000001 0.602 60000 68 0.8 0 0.8 0.7
0.378328741965106 0.378328741965106 0.378328741965106 0.378328741965106 1 1 1 0.802 0.758000000000003 0.728999999999999 0.722999999999999 60000 70 0.46 1 0.8 0.7
0.346348185576481 0.346348185576481 0.346348185576481 0.346348185576481 1 1 1 0.539999999999999 0.583 0.423 0.561 60000 70 0.2 0 0.8 0.7
0.544064867738934 0.42906936214709 0.41889400921659 0.41889400921659 17 2 1 6.994 0.961000000000002 0.320999999999998 0.298999999999999 60000 73 0.2 0 0.8 0.7
0.691109074243813 0.691109074243813 0.691109074243813 0.691109074243813 1 1 1 0.460999999999999 0.581999999999999 0.525 0.609 60000 73 0.8 1 0.8 0.7
0.38720073664825 0.38720073664825 0.38720073664825 0.38720073664825 1 1 1 0.338000000000001 0.590999999999999 0.542000000000002 0.452999999999999 60000 70 0.2 0 0.8 0.7
0.781206817134961 0.781206817134961 0.781206817134961 0.781206817134961 1 1 1 0.786000000000001 0.738999999999997 0.713000000000001 0.713999999999999 60000 69 0.8 1 0.8 0.7
0.386029411764706 0.386029411764706 0.386029411764706 0.386029411764706 1 1 1 0.788 0.744 0.713999999999999 0.713000000000001 60000 76 0.2 0 0.8 0.7
0.343276732446076 0.343276732446076 0.343276732446076 0.343276732446076 1 1 1 0.788999999999998 0.747 0.716000000000001 0.712 60000 70 0.46 1 0.8 0.7
0.759871441689624 0.759871441689624 0.759871441689624 0.759871441689624 1 1 1 0.922000000000001 1.179 0.959 0.991999999999997 60000 77 0.8 1 0.8 0.7
0.384642857142857 0.384642857142857 0.389783709157846 0.389783709157846 2 2 1 1.509 1.476 0.724 0.759999999999998 60000 76 0.2 0 0.8 0.7
0.768770152003685 0.768770152003685 0.768770152003685 0.768770152003685 1 1 1 0.470000000000001 0.295 0.301 0.527000000000001 60000 75 0.8 1 0.8 0.7
0.376838235294118 0.376838235294118 0.376838235294118 0.376838235294118 1 1 1 0.957000000000001 0.829000000000001 1.146 0.914000000000001 60000 74 0.46 1 0.8 0.7
0.301338255652976 0.301338255652976 0.301338255652976 0.301338255652976 1 1 1 0.529 0.519 0.613 0.545999999999999 60000 70 0.2 0 0.8 0.7
0.76427255985267 0.76427255985267 0.76427255985267 0.76427255985267 1 1 1 0.706999999999997 0.661000000000001 0.623999999999999 0.599999999999998 60000 73 0.8 0 0.8 0.7
0.780947998159227 0.780947998159227 0.780947998159227 0.780947998159227 1 1 1 0.675999999999998 0.625 0.599 0.596 60000 71 0.8 1 0.8 0.7
