0.727229299363057 0.727229299363057 0.727229299363057 0.727229299363057 1 1 1 0.881 0.817 0.795000000000002 0.806999999999999 60000 33 0.8 1 0.8 0.8
0.607302295918367 0.607302295918367 0.607302295918367 0.607302295918367 1 1 1 0.887 0.842000000000002 0.905999999999999 0.916 60000 30 0.372472133859992 1 0.8 0.8
0.394854586129754 0.394854586129754 0.394854586129754 0.394854586129754 1 1 1 1.203 0.974 0.862000000000002 1.33 60000 35 0.2 0 0.8 0.8
0.669854933843456 0.669854933843456 0.669854933843456 0.669854933843456 1 1 1 0.979999999999997 0.898000000000003 0.913999999999998 0.945 60000 31 0.8 1 0.8 0.8
0.398821843655469 0.398821843655469 0.398821843655469 0.398821843655469 1 1 1 0.956999999999997 0.924000000000003 0.922999999999998 0.940000000000001 60000 34 0.46 0 0.8 0.8
0.396648044692737 0.396648044692737 0.396648044692737 0.396648044692737 1 1 1 1.266 0.879999999999999 0.920999999999999 0.931999999999999 60000 32 0.46 1 0.8 0.8
0.397319291527046 0.397319291527046 0.397319291527046 0.397319291527046 1 1 1 1.297 0.904999999999998 1.251 1.125 60000 34 0.46 1 0.8 0.8
0.734312629730161 0.734312629730161 0.734312629730161 0.734312629730161 1 1 1 1.152 1.054 1.118 1.203 60000 31 0.8 1 0.8 0.8
0.729503007280785 0.729503007280785 0.729503007280785 0.729503007280785 1 1 1 1.159 1.05 0.823 1.332 60000 31 0.8 0 0.8 0.8
0.65444692381256 0.65444692381256 0.65444692381256 0.65444692381256 1 1 1 0.968 0.900000000000002 0.911999999999999 0.911999999999999 60000 33 0.8 0 0.8 0.8
0.735401750198886 0.735401750198886 0.735401750198886 0.735401750198886 1 1 1 1.359 0.883000000000003 0.879999999999999 0.928999999999998 60000 31 0.8 1 0.8 0.8
0.392874184825831 0.392874184825831 0.392874184825831 0.392874184825831 1 1 1 1.204 0.952000000000002 0.957000000000001 1.235 60000 30 0.2 1 0.8 0.8
0.693659159878614 0.693659159878614 0.693659159878614 0.693659159878614 1 1 1 0.93 0.933 0.948 1.067 60000 31 0.8 1 0.8 0.8
0.389657915672235 0.389657915672235 0.389657915672235 0.389657915672235 1 1 1 1.021 0.966000000000001 1.144 1.008 60000 32 0.2 1 0.8 0.8
0.719993632601083 0.719993632601083 0.719993632601083 0.719993632601083 1 1 1 1.005 1.327 1.248 1.076 60000 34 0.8 0 0.8 0.8
0.537544265375443 0.437858508604206 0.437858508604206 0.437858508604206 13 1 1 11.714 0.904000000000003 0.911999999999999 0.978000000000002 60000 32 0.388750148443505 1 0.8 0.8
0.570653907496013 0.570653907496013 0.570653907496013 0.570653907496013 1 1 1 0.991 0.917999999999999 0.913 0.928000000000001 60000 31 0.565926901903004 0 0.8 0.8
0.748558616271621 0.748558616271621 0.748558616271621 0.748558616271621 1 1 1 1.158 0.952999999999999 1.413 1.186 60000 31 0.8 1 0.8 0.8
0.408068888534524 0.408068888534524 0.408068888534524 0.408068888534524 1 1 1 1.021 0.923999999999999 1.344 0.939999999999998 60000 32 0.46 0 0.8 0.8
0.741626794258373 0.741626794258373 0.741626794258373 0.741626794258373 1 1 1 0.992999999999999 1.212 1.03 1.217 60000 31 0.8 1 0.8 0.8
0.738437001594896 0.738437001594896 0.738437001594896 0.738437001594896 1 1 1 1.238 1.325 0.901 1.156 60000 31 0.8 0 0.8 0.8
0.730689600254818 0.730689600254818 0.730689600254818 0.730689600254818 1 1 1 1.507 0.774999999999999 1.186 0.818000000000001 60000 34 0.8 1 0.8 0.8
0.656105715650374 0.656105715650374 0.656105715650374 0.656105715650374 1 1 1 1.32 0.876999999999999 1.214 0.890000000000001 60000 31 0.78893260601908 1 0.8 0.8
0.405099601593626 0.405099601593626 0.405099601593626 0.405099601593626 1 1 1 1.529 1.239 1.134 1.414 60000 31 0.204516825703904 1 0.8 0.8
0.545150034891835 0.49330570608862 0.49330570608862 0.49330570608862 6 1 1 6.408 1.01600000000001 1.019 1.462 60000 32 0.2 0 0.8 0.8
0.601371829637901 0.601371829637901 0.601371829637901 0.601371829637901 1 1 1 1.323 1.352 1.23 0.989000000000004 60000 31 0.355912278778851 1 0.8 0.8
0.743275505331848 0.743275505331848 0.743275505331848 0.743275505331848 1 1 1 1.08 1.455 0.995999999999999 0.943999999999999 60000 30 0.8 1 0.8 0.8
0.704407537527946 0.704407537527946 0.704407537527946 0.704407537527946 1 1 1 1.107 1.118 0.93 1.325 60000 32 0.8 1 0.8 0.8
0.53681313723721 0.440631982125758 0.440631982125758 0.440631982125758 10 1 1 13.271 1.066 1.088 1.015 60000 30 0.2 0 0.8 0.8
0.430164038859691 0.430164038859691 0.430164038859691 0.430164038859691 1 1 1 1.162 1.012 1.102 0.927999999999997 60000 32 0.46 0 0.8 0.8
0.691192865105909 0.691192865105909 0.691192865105909 0.691192865105909 1 1 1 1.514 1.189 1.057 1.394 60000 32 0.8 1 0.8 0.8
0.53983219054493 0.458982511923688 0.458982511923688 0.458982511923688 10 1 1 12.392 1.276 0.896000000000001 1.148 60000 31 0.2 0 0.8 0.8
0.697360050890585 0.697360050890585 0.697360050890585 0.697360050890585 1 1 1 1.455 1.152 1.197 1.447 60000 31 0.8 1 0.8 0.8
0.41793893129771 0.41793893129771 0.41793893129771 0.41793893129771 1 1 1 1.552 0.881 1.195 0.957000000000001 60000 32 0.2 0 0.8 0.8
0.538774728169756 0.461685823754789 0.461685823754789 0.461685823754789 9 1 1 9.864 0.892000000000003 1.693 0.975999999999999 60000 30 0.2 0 0.8 0.8
0.402066772655008 0.402066772655008 0.402066772655008 0.402066772655008 1 1 1 1.018 1.114 1.435 0.993000000000002 60000 33 0.46 1 0.8 0.8
0.545324153757889 0.460019114367633 0.460019114367633 0.460019114367633 9 1 1 10.761 1.224 1.413 0.933 60000 30 0.403226106446236 0 0.8 0.8
0.728243544788014 0.728243544788014 0.728243544788014 0.728243544788014 1 1 1 1.031 1.362 1.09 0.964000000000002 60000 34 0.8 1 0.8 0.8
0.731269841269841 0.731269841269841 0.731269841269841 0.731269841269841 1 1 1 1.352 1.372 1.273 1.51 60000 35 0.8 1 0.8 0.8
0.705826170009551 0.705826170009551 0.705826170009551 0.705826170009551 1 1 1 1.017 1.176 1.037 1.475 60000 32 0.8 1 0.8 0.8
0.39754425131558 0.39754425131558 0.39754425131558 0.39754425131558 1 1 1 0.945999999999998 1.134 1.171 1.393 60000 32 0.46 0 0.8 0.8
0.419365130004785 0.419365130004785 0.419365130004785 0.419365130004785 1 1 1 1.46 1.456 1.269 1.526 60000 32 0.2 0 0.8 0.8
0.669255150554675 0.669255150554675 0.669255150554675 0.669255150554675 1 1 1 1.403 1.43 1.292 1.48 60000 32 0.76822203528136 0 0.8 0.8
0.542134998513232 0.483788532183357 0.483788532183357 0.483788532183357 8 1 1 9.667 1.494 1.001 1.613 60000 35 0.2 1 0.8 0.8
0.40903267136451 0.40903267136451 0.40903267136451 0.40903267136451 1 1 1 1.012 0.936999999999998 0.937000000000001 0.957000000000001 60000 34 0.46 0 0.8 0.8
0.721041699952069 0.721041699952069 0.721041699952069 0.721041699952069 1 1 1 0.989000000000001 1.188 0.971999999999998 1.305 60000 33 0.8 1 0.8 0.8
0.398981864460706 0.398981864460706 0.398981864460706 0.398981864460706 1 1 1 1.005 1.187 0.956999999999997 1.327 60000 32 0.2 0 0.8 0.8
0.403248924988055 0.403248924988055 0.403248924988055 0.403248924988055 1 1 1 1.069 1.416 0.945 1.324 60000 30 0.46 0 0.8 0.8
0.397739933152952 0.397739933152952 0.397739933152952 0.397739933152952 1 1 1 1.39 1.495 1.304 1.52 60000 34 0.46 0 0.8 0.8
0.543765818251277 0.455154803702522 0.455154803702522 0.455154803702522 9 1 1 10.655 1.312 1.39 1.18 60000 30 0.434758321447298 0 0.8 0.8
0.723238428503261 0.723238428503261 0.723238428503261 0.723238428503261 1 1 1 1.584 1.35 1.385 1.181 60000 33 0.8 0 0.8 0.8
0.701799076580162 0.701799076580162 0.701799076580162 0.701799076580162 1 1 1 1.476 1.101 1.219 1.086 60000 32 0.8 0 0.8 0.8
0.407065563335455 0.407065563335455 0.407065563335455 0.407065563335455 1 1 1 1.472 1.447 1.383 1.506 60000 32 0.331540165161714 0 0.8 0.8
0.536588137262329 0.442188739095956 0.442188739095956 0.442188739095956 12 1 1 15.104 0.960000000000001 1.247 1.287 60000 31 0.42115073797293 0 0.8 0.8
0.437570145903479 0.437916798983804 0.437916798983804 0.437916798983804 2 1 1 2.681 1.204 1.004 1.14 60000 33 0.2 0 0.8 0.8
0.535725938009788 0.437161084529506 0.437161084529506 0.437161084529506 11 1 1 9.955 0.867000000000001 0.886000000000003 0.893999999999998 60000 31 0.2 0 0.8 0.8
0.575482225410489 0.575482225410489 0.575482225410489 0.575482225410489 1 1 1 1.284 1.093 1.389 0.969999999999999 60000 30 0.2 0 0.8 0.8
0.398283534647171 0.398283534647171 0.398283534647171 0.398283534647171 1 1 1 1.044 1.229 1.214 0.841999999999999 60000 29 0.46 1 0.8 0.8
0.570806100217865 0.555025445292621 0.555025445292621 0.555025445292621 3 1 1 2.925 0.997999999999998 1.002 1.032 60000 36 0.2 0 0.8 0.8
0.409611712285169 0.409611712285169 0.409611712285169 0.409611712285169 1 1 1 1.04 0.965 0.960000000000001 0.977999999999998 60000 31 0.335149983009324 0 0.8 0.8
0.552689352360044 0.487595419847328 0.487595419847328 0.487595419847328 7 1 1 9.04 1.2 1.392 0.998000000000005 60000 37 0.2 0 0.8 0.8
0.550034891835311 0.485750676643847 0.485750676643847 0.485750676643847 6 1 1 7.23 1.227 1.039 0.920999999999999 60000 32 0.2 0 0.8 0.8
0.38984399872652 0.38984399872652 0.38984399872652 0.38984399872652 1 1 1 1.182 1.283 0.883999999999997 1.173 60000 30 0.46 0 0.8 0.8
0.537228052790415 0.449547115843 0.449547115843 0.449547115843 10 1 1 11.822 1.124 1.1 0.972000000000001 60000 31 0.2 0 0.8 0.8
0.733354520896234 0.733354520896234 0.733354520896234 0.733354520896234 1 1 1 1.01 0.937999999999999 0.941000000000003 0.956 60000 33 0.8 1 0.8 0.8
0.721728081321474 0.721728081321474 0.721728081321474 0.721728081321474 1 1 1 1.144 1.202 1.37 1.237 60000 32 0.8 1 0.8 0.8
0.403447175231408 0.403447175231408 0.403447175231408 0.403447175231408 1 1 1 0.983999999999998 1.334 1.195 1.069 60000 31 0.2 0 0.8 0.8
0.739330477550373 0.739330477550373 0.739330477550373 0.739330477550373 1 1 1 0.897000000000002 1.185 1.343 0.776 60000 33 0.8 1 0.8 0.8
0.555385446685879 0.521566130829222 0.521566130829222 0.521566130829222 4 1 1 4.759 1.426 1.505 1.185 60000 31 0.2 1 0.8 0.8
0.414183266932271 0.414183266932271 0.414183266932271 0.414183266932271 1 1 1 0.923999999999999 0.876000000000001 0.873000000000001 0.84 60000 31 0.2 0 0.8 0.8
0.738076248205455 0.738076248205455 0.738076248205455 0.738076248205455 1 1 1 1.362 1.404 1.262 1.44 60000 33 0.8 1 0.8 0.8
0.414692319923676 0.414692319923676 0.414692319923676 0.414692319923676 1 1 1 1.55 1.358 1.241 1.523 60000 34 0.418829004438594 1 0.8 0.8
0.555810899540381 0.534653465346535 0.534653465346535 0.534653465346535 5 1 1 5.867 1.579 1.072 1.249 60000 34 0.360038429871202 0 0.8 0.8
0.739662849872774 0.739662849872774 0.739662849872774 0.739662849872774 1 1 1 1.015 0.932000000000002 0.922999999999998 0.965 60000 36 0.8 1 0.8 0.8
0.670817369093231 0.670817369093231 0.670817369093231 0.670817369093231 1 1 1 0.960000000000001 0.887 0.898 0.902000000000001 60000 32 0.8 1 0.8 0.8
0.578653477983408 0.578653477983408 0.578653477983408 0.578653477983408 1 1 1 1.517 0.933 1.066 1.353 60000 29 0.2 0 0.8 0.8
0.62062380649268 0.62062380649268 0.62062380649268 0.62062380649268 1 1 1 1.546 1.21 1.418 1.239 60000 32 0.449302340298891 1 0.8 0.8
0.546221686441216 0.485541785827772 0.485541785827772 0.485541785827772 6 1 1 6.816 1.329 1.146 0.838999999999999 60000 29 0.2 0 0.8 0.8
0.720414673046252 0.720414673046252 0.720414673046252 0.720414673046252 1 1 1 1.575 1.318 1.471 1.252 60000 30 0.8 1 0.8 0.8
0.734126984126984 0.734126984126984 0.734126984126984 0.734126984126984 1 1 1 1.006 0.923999999999999 0.925000000000001 0.951000000000001 60000 35 0.8 1 0.8 0.8
0.428024257899777 0.428024257899777 0.428024257899777 0.428024257899777 1 1 1 0.993000000000002 0.917000000000002 0.922000000000001 0.952999999999999 60000 31 0.46 0 0.8 0.8
0.738542329726289 0.738542329726289 0.738542329726289 0.738542329726289 1 1 1 1.23 0.927 1.289 1.276 60000 30 0.8 1 0.8 0.8
0.398403830806065 0.398403830806065 0.398403830806065 0.398403830806065 1 1 1 1.007 1.272 1.285 0.899000000000001 60000 32 0.46 0 0.8 0.8
0.7179691230304 0.7179691230304 0.7179691230304 0.7179691230304 1 1 1 1.257 1.376 1.305 1.237 60000 34 0.8 1 0.8 0.8
0.731129826791673 0.731129826791673 0.731129826791673 0.731129826791673 1 1 1 1.004 0.902000000000001 0.911999999999999 0.928000000000001 60000 31 0.8 0 0.8 0.8
0.427958015267176 0.427958015267176 0.427958015267176 0.427958015267176 1 1 1 1.363 1.151 0.876000000000001 1.334 60000 33 0.46 1 0.8 0.8
0.390523135633646 0.390523135633646 0.390523135633646 0.390523135633646 1 1 1 1.458 0.906000000000002 1.354 1.235 60000 33 0.46 1 0.8 0.8
0.431328760567874 0.431328760567874 0.431328760567874 0.431328760567874 1 1 1 0.93 0.879999999999999 0.865000000000002 0.888000000000002 60000 31 0.2 0 0.8 0.8
0.545316609346551 0.468044515103339 0.468044515103339 0.468044515103339 8 1 1 5.222 0.654 0.649000000000001 0.68 60000 29 0.2 1 0.8 0.8
0.72973403408186 0.72973403408186 0.72973403408186 0.72973403408186 1 1 1 1 1.401 1.076 1.029 60000 31 0.8 0 0.8 0.8
0.419996815793663 0.419996815793663 0.419996815793663 0.419996815793663 1 1 1 0.887 1.301 1.182 0.873000000000001 60000 31 0.2 0 0.8 0.8
0.734807508749602 0.734807508749602 0.734807508749602 0.734807508749602 1 1 1 2.639 2.328 2.264 2.32899999999999 60000 32 0.8 1 0.8 0.8
0.415184243964422 0.415184243964422 0.415184243964422 0.415184243964422 1 1 1 1.5 1.039 1.129 1.457 60000 34 0.339762249840423 0 0.8 0.8
0.39562370228398 0.39562370228398 0.39562370228398 0.39562370228398 1 1 1 1.021 1.279 1.256 0.972000000000001 60000 30 0.46 0 0.8 0.8
0.543674082161867 0.495300302692369 0.495300302692369 0.495300302692369 7 1 1 5.373 0.748999999999999 0.759999999999998 0.741000000000003 60000 35 0.2 0 0.8 0.8
0.697408173000477 0.697408173000477 0.697408173000477 0.697408173000477 1 1 1 1.254 1.417 1.093 1.193 60000 34 0.8 1 0.8 0.8
0.396656050955414 0.396656050955414 0.396656050955414 0.396656050955414 1 1 1 0.995000000000001 1.184 0.867000000000001 1.099 60000 31 0.371911325138062 0 0.8 0.8
0.563804085218537 0.540900443880786 0.540900443880786 0.540900443880786 3 1 1 3.093 0.907 1.151 0.957999999999998 60000 32 0.2 0 0.8 0.8
0.432983126392869 0.432983126392869 0.432983126392869 0.432983126392869 1 1 1 1.233 1.324 1.157 1.087 60000 32 0.2 0 0.8 0.8
0.399713238808348 0.399713238808348 0.399713238808348 0.399713238808348 1 1 1 0.664999999999999 0.632999999999999 0.614000000000001 0.619 60000 34 0.2 1 0.8 0.8
0.695950255102041 0.695950255102041 0.695950255102041 0.695950255102041 1 1 1 1.285 1.335 0.978999999999999 1.052 60000 33 0.8 1 0.8 0.8
0.680796812749004 0.680796812749004 0.680796812749004 0.680796812749004 1 1 1 1.191 0.939 1.16 0.861000000000001 60000 34 0.8 1 0.8 0.8
0.387654712789591 0.387654712789591 0.387654712789591 0.387654712789591 1 1 1 1.408 0.991 1.12 0.934000000000001 60000 32 0.298159715645015 1 0.8 0.8
0.399302804626842 0.399302804626842 0.399302804626842 0.399302804626842 1 1 1 1.07 1.367 0.965 1.226 60000 31 0.2 0 0.8 0.8
0.391159166799173 0.391159166799173 0.391159166799173 0.391159166799173 1 1 1 1.202 1.012 1.393 0.818000000000001 60000 30 0.46 1 0.8 0.8
0.419984139571768 0.419984139571768 0.419984139571768 0.419984139571768 1 1 1 1.245 1.297 0.813000000000002 1.11 60000 32 0.2 0 0.8 0.8
0.394296638521587 0.394296638521587 0.394296638521587 0.394296638521587 1 1 1 1.368 0.916 1.341 1.241 60000 31 0.444456134987995 0 0.8 0.8
0.629529561347743 0.629529561347743 0.629529561347743 0.629529561347743 1 1 1 0.893000000000001 1.161 0.847000000000001 0.996000000000002 60000 29 0.53499813741073 1 0.8 0.8
0.433086345077877 0.436604014017203 0.436604014017203 0.436604014017203 2 1 1 2.266 0.938000000000002 0.852 1.341 60000 38 0.46 0 0.8 0.8
0.398109580262736 0.398109580262736 0.398109580262736 0.398109580262736 1 1 1 0.752000000000002 0.652999999999999 0.620999999999999 0.681999999999999 60000 33 0.46 0 0.8 0.8
0.732887615409105 0.732887615409105 0.732887615409105 0.732887615409105 1 1 1 1.419 1.407 1.33 1.505 60000 34 0.8 1 0.8 0.8
0.601338432122371 0.601338432122371 0.601338432122371 0.601338432122371 1 1 1 0.802 0.811 0.788 0.752000000000002 60000 33 0.502796782087535 1 0.8 0.8
0.550772825305536 0.530986139875737 0.530986139875737 0.530986139875737 4 1 1 4.884 0.904 1.388 1.16 60000 31 0.2 0 0.8 0.8
0.540922690859956 0.472762026122969 0.472762026122969 0.472762026122969 10 1 1 11.452 1.357 0.835000000000001 1.08 60000 34 0.2 0 0.8 0.8
0.545079346625589 0.495696525342684 0.495696525342684 0.495696525342684 7 1 1 9.38 1.315 1.317 1.297 60000 30 0.2 1 0.8 0.8
0.741786283891547 0.741786283891547 0.741786283891547 0.741786283891547 1 1 1 1.542 1.097 0.815000000000001 1.269 60000 30 0.8 1 0.8 0.8
0.728053435114504 0.728053435114504 0.728053435114504 0.728053435114504 1 1 1 1.115 0.872999999999998 1.201 0.917000000000002 60000 32 0.8 1 0.8 0.8
0.54037967263381 0.448758752387015 0.448758752387015 0.448758752387015 10 1 1 9.055 1.007 0.869999999999997 0.881999999999998 60000 31 0.2 0 0.8 0.8
0.726232114467409 0.726232114467409 0.726232114467409 0.726232114467409 1 1 1 1.549 0.854000000000003 1.173 1.165 60000 30 0.8 1 0.8 0.8
0.407779371911366 0.407779371911366 0.407779371911366 0.407779371911366 1 1 1 1.194 0.957000000000001 1.282 1.232 60000 31 0.46 0 0.8 0.8
0.555164876936235 0.539687599617469 0.539687599617469 0.539687599617469 4 1 1 4.299 1.39 1.29499999999999 0.910000000000004 60000 32 0.360020879562944 0 0.8 0.8
0.398121617319325 0.398121617319325 0.398121617319325 0.398121617319325 1 1 1 1.58 1.044 1.139 1.373 60000 31 0.46 0 0.8 0.8
0.416812609457093 0.416812609457093 0.416812609457093 0.416812609457093 1 1 1 1.457 1.187 0.965000000000003 1.335 60000 31 0.46 0 0.8 0.8
0.405452528134411 0.405452528134411 0.405452528134411 0.405452528134411 1 1 1 0.932000000000002 1.313 0.835000000000001 1.158 60000 31 0.46 1 0.8 0.8
0.577033492822966 0.577033492822966 0.577033492822966 0.577033492822966 1 1 1 1.089 1.099 1.289 0.988 60000 35 0.519917446561158 0 0.8 0.8
0.73924131335671 0.73924131335671 0.73924131335671 0.73924131335671 1 1 1 1.438 0.993000000000002 1.198 1.302 60000 32 0.8 1 0.8 0.8
0.730756997455471 0.730756997455471 0.730756997455471 0.730756997455471 1 1 1 0.963000000000001 1.348 1.082 1.03 60000 34 0.8 0 0.8 0.8
0.730130864985637 0.730130864985637 0.730130864985637 0.730130864985637 1 1 1 2.203 1.979 1.978 2.01 60000 32 0.8 1 0.8 0.8
0.729643257078867 0.729643257078867 0.729643257078867 0.729643257078867 1 1 1 2.714 2.145 2.54299999999999 2.218 60000 31 0.8 1 0.8 0.8
0.403882877148313 0.403882877148313 0.403882877148313 0.403882877148313 1 1 1 2.148 1.997 2.003 2.021 60000 31 0.349268436171114 0 0.8 0.8
0.533563350584627 0.436248012718601 0.436248012718601 0.436248012718601 13 1 1 13.646 0.954999999999998 1.114 1.143 60000 34 0.46 0 0.8 0.8
0.396469465648855 0.396469465648855 0.396469465648855 0.396469465648855 1 1 1 1.073 0.890000000000001 1.332 0.854999999999997 60000 35 0.258533213445917 0 0.8 0.8
0.537867846181621 0.441734417344173 0.441734417344173 0.441734417344173 10 1 1 9.335 1.021 0.911000000000001 0.905999999999999 60000 30 0.2 0 0.8 0.8
0.732356221124741 0.732356221124741 0.732356221124741 0.732356221124741 1 1 1 2.216 2.076 2.065 2.093 60000 31 0.8 1 0.8 0.8
0.702232854864434 0.702232854864434 0.702232854864434 0.702232854864434 1 1 1 1.337 1.189 0.864000000000001 1.388 60000 34 0.8 1 0.8 0.8
0.74345883854499 0.74345883854499 0.74345883854499 0.74345883854499 1 1 1 2.114 1.966 1.96100000000001 1.999 60000 32 0.8 1 0.8 0.8
0.426421669570727 0.426421669570727 0.426421669570727 0.426421669570727 1 1 1 0.980999999999998 0.983000000000001 1.198 1.321 60000 31 0.2 1 0.8 0.8
0.427232284715602 0.427232284715602 0.427232284715602 0.427232284715602 1 1 1 1.486 1.208 1.19 1.552 60000 29 0.2 1 0.8 0.8
0.405491191874306 0.405491191874306 0.405491191874306 0.405491191874306 1 1 1 1.578 1.277 1.433 1.355 60000 36 0.2 0 0.8 0.8
0.740511354613308 0.740511354613308 0.740511354613308 0.740511354613308 1 1 1 2.122 1.982 1.977 2.009 60000 36 0.8 1 0.8 0.8
0.546760406656214 0.471529110684581 0.471529110684581 0.471529110684581 10 1 1 8.661 0.942 0.824999999999999 0.848000000000003 60000 36 0.2 0 0.8 0.8
0.681449690033381 0.681449690033381 0.681449690033381 0.681449690033381 1 1 1 2.117 1.989 1.984 2.012 60000 30 0.8 1 0.8 0.8
0.416347992351816 0.416347992351816 0.416347992351816 0.416347992351816 1 1 1 0.965999999999998 0.864000000000001 0.868000000000002 0.869 60000 33 0.46 0 0.8 0.8
0.550816342473244 0.496276342893361 0.496276342893361 0.496276342893361 5 1 1 6.981 1.636 1.255 1.476 60000 31 0.2 0 0.8 0.8
0.73284625158831 0.73284625158831 0.73284625158831 0.73284625158831 1 1 1 2.111 1.983 1.969 1.996 60000 31 0.8 1 0.8 0.8
0.717993630573248 0.717993630573248 0.717993630573248 0.717993630573248 1 1 1 2.189 2.04 2.036 2.065 60000 35 0.8 1 0.8 0.8
0.433216448836468 0.433216448836468 0.433216448836468 0.433216448836468 1 1 1 2.187 2.043 2.04199999999999 2.067 60000 30 0.46 0 0.8 0.8
0.583546325878594 0.583546325878594 0.583546325878594 0.583546325878594 1 1 1 2.109 1.98200000000001 1.97499999999999 1.99299999999999 60000 34 0.296132159791887 0 0.8 0.8
0.397417503586801 0.397417503586801 0.397417503586801 0.397417503586801 1 1 1 0.896999999999998 1.2 0.888999999999999 0.987000000000002 60000 31 0.274325075065717 0 0.8 0.8
0.409838683916307 0.409838683916307 0.409838683916307 0.409838683916307 1 1 1 1.386 1.438 1.274 1.245 60000 33 0.46 1 0.8 0.8
0.41618682021753 0.41618682021753 0.41618682021753 0.41618682021753 1 1 1 2.172 2.039 2.026 2.044 60000 34 0.275052226446569 0 0.8 0.8
0.401971696613134 0.401971696613134 0.401971696613134 0.401971696613134 1 1 1 2.129 1.999 1.982 2.012 60000 33 0.46 0 0.8 0.8
0.540687086092715 0.440031771247021 0.440031771247021 0.440031771247021 11 1 1 22.308 1.98400000000001 1.97399999999999 1.999 60000 32 0.46 0 0.8 0.8
0.535742196478647 0.46064557163301 0.46064557163301 0.46064557163301 9 1 1 10.373 1.319 1.378 0.896000000000001 60000 29 0.2 0 0.8 0.8
0.548071599926186 0.50406893250359 0.50406893250359 0.50406893250359 7 1 1 9.586 1.436 1.287 1.499 60000 32 0.2 0 0.8 0.8
0.746342239185751 0.746342239185751 0.746342239185751 0.746342239185751 1 1 1 1.541 1.317 1.379 1.116 60000 32 0.8 0 0.8 0.8
0.541025234089827 0.441068872276125 0.441068872276125 0.441068872276125 11 1 1 9.696 0.858999999999998 0.853999999999999 0.873000000000005 60000 30 0.46 0 0.8 0.8
0.393693263258481 0.393693263258481 0.393693263258481 0.393693263258481 1 1 1 1.095 1.252 1.229 0.965 60000 30 0.2 0 0.8 0.8
0.732401080565708 0.732401080565708 0.732401080565708 0.732401080565708 1 1 1 2.159 2.01 2.002 2.032 60000 30 0.8 0 0.8 0.8
0.718580108730413 0.718580108730413 0.718580108730413 0.718580108730413 1 1 1 1.007 1.305 1.131 1.051 60000 33 0.8 1 0.8 0.8
0.39968152866242 0.39968152866242 0.39968152866242 0.39968152866242 1 1 1 1.591 1.207 1.331 1.538 60000 30 0.46 1 0.8 0.8
0.54415656348083 0.491175067578311 0.491175067578311 0.491175067578311 7 1 1 9.621 1.481 1.391 1.439 60000 32 0.2 0 0.8 0.8
0.542213288192975 0.478080663159573 0.478080663159573 0.478080663159573 8 1 1 16.121 2.072 2.048 2.16399999999999 60000 31 0.2 0 0.8 0.8
0.604458598726115 0.604458598726115 0.604458598726115 0.604458598726115 1 1 1 2.141 2.006 1.999 2.03100000000001 60000 33 0.358645761292428 0 0.8 0.8
0.398699032206886 0.398699032206886 0.398699032206886 0.398699032206886 1 1 1 1.471 1.29 1.446 1.35899999999999 60000 32 0.46 1 0.8 0.8
0.590179564595582 0.590179564595582 0.590179564595582 0.590179564595582 1 1 1 1.468 1.424 1.328 1.503 60000 31 0.613445352669805 1 0.8 0.8
0.401464501751035 0.401464501751035 0.401464501751035 0.401464501751035 1 1 1 2.087 1.96 1.95200000000001 1.975 60000 33 0.46 1 0.8 0.8
0.402842088456011 0.402842088456011 0.402842088456011 0.402842088456011 1 1 1 2.109 1.965 1.954 1.98099999999999 60000 31 0.310794977676123 0 0.8 0.8
0.397904096538584 0.397904096538584 0.397904096538584 0.397904096538584 1 1 1 2.156 2.01199999999999 2.007 2.036 60000 31 0.46 1 0.8 0.8
0.398787685436274 0.398787685436274 0.398787685436274 0.398787685436274 1 1 1 2.101 1.957 1.959 1.982 60000 33 0.248339910591021 0 0.8 0.8
0.564692674712321 0.560420315236427 0.560420315236427 0.560420315236427 2 1 1 2.79 1.268 1.39 1.398 60000 33 0.2 0 0.8 0.8
0.396049068026127 0.396049068026127 0.396049068026127 0.396049068026127 1 1 1 1.561 1.243 1.443 1.408 60000 35 0.434869924345985 1 0.8 0.8
0.742156394330307 0.742156394330307 0.742156394330307 0.742156394330307 1 1 1 2.169 2.023 2.021 2.05 60000 31 0.8 1 0.8 0.8
0.409504066337107 0.409504066337107 0.409504066337107 0.409504066337107 1 1 1 1.494 1.263 1.413 1.353 60000 31 0.46 1 0.8 0.8
0.399012424338961 0.399012424338961 0.399012424338961 0.399012424338961 1 1 1 2.141 2.004 1.993 2.028 60000 33 0.46 1 0.8 0.8
0.393314139475368 0.393314139475368 0.393314139475368 0.393314139475368 1 1 1 2.15300000000001 2.021 2.006 2.031 60000 32 0.46 0 0.8 0.8
0.547818366311517 0.498405612244898 0.498405612244898 0.498405612244898 7 1 1 5.051 0.712 0.709 0.716999999999999 60000 34 0.2 0 0.8 0.8
0.735589972856459 0.735589972856459 0.735589972856459 0.735589972856459 1 1 1 2.084 1.942 1.932 1.95999999999999 60000 39 0.8 1 0.8 0.8
0.642823004620041 0.642823004620041 0.642823004620041 0.642823004620041 1 1 1 1.515 1.353 1.406 1.325 60000 31 0.693762876465917 1 0.8 0.8
0.418141240235932 0.418141240235932 0.418141240235932 0.418141240235932 1 1 1 2.118 2 1.983 2.01 60000 31 0.46 0 0.8 0.8
0.630916334661355 0.630916334661355 0.630916334661355 0.630916334661355 1 1 1 2.158 2.02099999999999 2.012 2.041 60000 31 0.8 1 0.8 0.8
0.53799730008735 0.435393707075547 0.435393707075547 0.435393707075547 11 1 1 22.46 1.991 1.97199999999999 2.01000000000001 60000 30 0.2 0 0.8 0.8
0.742593182542211 0.742593182542211 0.742593182542211 0.742593182542211 1 1 1 1.363 0.832000000000001 1.298 1.222 60000 31 0.8 1 0.8 0.8
0.537840153400514 0.442711648631445 0.442711648631445 0.442711648631445 11 1 1 21.794 1.938 1.92700000000001 1.95299999999999 60000 31 0.46 1 0.8 0.8
0.725979216626699 0.725979216626699 0.725979216626699 0.725979216626699 1 1 1 1.497 1.402 1.334 1.47300000000001 60000 31 0.8 1 0.8 0.8
0.749040920716113 0.749040920716113 0.749040920716113 0.749040920716113 1 1 1 1.552 1.303 1.465 1.27 60000 34 0.8 1 0.8 0.8
0.428957836117741 0.428957836117741 0.428957836117741 0.428957836117741 1 1 1 1.281 0.938000000000002 1.421 1.037 60000 32 0.2 0 0.8 0.8
0.535314811473931 0.435917847476516 0.435917847476516 0.435917847476516 10 1 1 20.204 2.166 1.94500000000001 1.979 60000 30 0.252437779698521 0 0.8 0.8
0.53855267954794 0.454386522568341 0.454386522568341 0.454386522568341 11 1 1 12.491 0.891000000000005 1.41200000000001 1.024 60000 35 0.2 0 0.8 0.8
0.564542190305206 0.534493771957841 0.534493771957841 0.534493771957841 4 1 1 7.711 1.997 2 1.867 60000 30 0.274523415043951 0 0.8 0.8
0.744011497923986 0.744011497923986 0.744011497923986 0.744011497923986 1 1 1 1.014 1.413 1.039 1.169 60000 32 0.8 1 0.8 0.8
0.547254504089036 0.502221516978737 0.502221516978737 0.502221516978737 7 1 1 13.518 1.929 1.934 1.95399999999999 60000 32 0.2 0 0.8 0.8
0.409713375796178 0.409713375796178 0.409713375796178 0.409713375796178 1 1 1 2.057 1.946 1.936 1.957 60000 31 0.46 1 0.8 0.8
0.539173522812266 0.448297906344894 0.448297906344894 0.448297906344894 11 1 1 21.18 1.91 1.90299999999999 1.926 60000 36 0.46 1 0.8 0.8
0.541629928202544 0.474281150159744 0.474281150159744 0.474281150159744 7 1 1 17.765 2.435 2.651 2.387 60000 33 0.2 0 0.8 0.8
0.534921580305738 0.440070130698119 0.440070130698119 0.440070130698119 11 1 1 21.32 1.90799999999999 1.89700000000001 1.887 60000 30 0.243552188128233 0 0.8 0.8
0.733471074380165 0.733471074380165 0.733471074380165 0.733471074380165 1 1 1 2.916 2.381 2.48999999999999 2.51300000000001 60000 32 0.8 0 0.8 0.8
0.540547858657882 0.454863875179112 0.454863875179112 0.454863875179112 10 1 1 14.069 1.534 1.376 1.38800000000001 60000 31 0.2 0 0.8 0.8
0.391180203045685 0.391180203045685 0.391180203045685 0.391180203045685 1 1 1 1.784 1.7 1.691 1.684 60000 31 0.46 0 0.8 0.8
0.743904382470119 0.743904382470119 0.743904382470119 0.743904382470119 1 1 1 1.753 1.664 1.652 1.659 60000 34 0.8 1 0.8 0.8
