0.254545454545455 0.254545454545455 0.260162601626016 0.219512195121951 11 11 2 0.308 0.28 0.028 0.0290000000000001 60000 1457 0.2 1 0.8 0.4
0.781725888324873 0.781725888324873 0.770491803278688 0.74390243902439 9 9 2 0.293 0.243 0.0229999999999999 0.0230000000000001 60000 1530 0.8 1 0.8 0.4
0.3589001447178 0.384133611691023 0.424 0.475609756097561 32 22 2 1.451 0.641 0.0449999999999999 0.0549999999999997 60000 1435 0.46 0 0.8 0.4
0.816608996539792 0.816608996539792 0.816 0.817073170731707 6 6 2 0.289 0.349 0.0310000000000001 0.054 60000 1445 0.8 1 0.8 0.4
0.800632911392405 0.800632911392405 0.87603305785124 0.902439024390244 7 7 2 0.582 0.304 0.036 0.0299999999999998 60000 1527 0.8 1 0.8 0.4
0.233502538071066 0.233502538071066 0.173553719008264 0.207317073170732 9 9 2 0.546 0.431 0.0409999999999999 0.0550000000000002 60000 1529 0.2 0 0.8 0.4
0.234866828087167 0.234866828087167 0.223140495867769 0.25609756097561 9 9 2 0.367 0.502 0.0489999999999999 0.0550000000000002 60000 1460 0.2 0 0.8 0.4
0.165322580645161 0.165322580645161 0.16260162601626 0.182926829268293 5 5 2 0.155 0.133 0.0250000000000001 0.0209999999999999 60000 1447 0.2 0 0.8 0.4
0.664199814986124 0.657648283038502 0.666666666666667 0.621951219512195 25 22 2 0.697 1.096 0.0460000000000003 0.0829999999999997 60000 1439 0.79538915110752 1 0.8 0.4
0.223756906077348 0.223756906077348 0.195121951219512 0.195121951219512 8 8 2 0.415 0.395 0.0249999999999999 0.028 60000 1494 0.2 0 0.8 0.4
0.820069204152249 0.820069204152249 0.819672131147541 0.829268292682927 6 6 2 0.398 0.191 0.0239999999999998 0.024 60000 1450 0.8 0 0.8 0.4
0.29535864978903 0.29535864978903 0.28 0.25609756097561 16 16 2 0.4 0.368 0.0249999999999999 0.02 60000 1441 0.237369704265148 1 0.8 0.4
0.808219178082192 0.808219178082192 0.796747967479675 0.780487804878049 6 6 2 0.199 0.181 0.024 0.0250000000000001 60000 1431 0.8 0 0.8 0.4
0.547447643979058 0.369120654396728 0.227642276422764 0.195121951219512 299 23 2 7.114 0.552 0.0230000000000015 0.0289999999999999 60000 1473 0.2 1 0.8 0.4
0.221311475409836 0.221311475409836 0.282258064516129 0.317073170731707 8 8 2 0.235 0.224 0.0229999999999999 0.028 60000 1472 0.2 0 0.8 0.4
0.78319783197832 0.78319783197832 0.747967479674797 0.768292682926829 8 8 2 0.254 0.232 0.0269999999999999 0.0310000000000001 60000 1459 0.8 1 0.8 0.4
0.57396449704142 0.586820083682008 0.57258064516129 0.548780487804878 121 22 2 4.488 0.77 0.0350000000000001 0.0499999999999998 60000 1444 0.547984345722944 1 0.8 0.4
0.793388429752066 0.793388429752066 0.813008130081301 0.792682926829268 8 8 2 0.249 0.213 0.0230000000000001 0.0270000000000001 60000 1484 0.8 1 0.8 0.4
0.788690476190476 0.788690476190476 0.776 0.804878048780488 7 7 2 0.306 0.187 0.0269999999999999 0.024 60000 1433 0.8 1 0.8 0.4
0.364444444444444 0.39390756302521 0.504065040650406 0.475609756097561 37 22 2 1.592 0.577 0.0270000000000001 0.0239999999999996 60000 1452 0.46 1 0.8 0.4
0.772616136919315 0.772616136919315 0.737704918032787 0.707317073170732 9 9 2 0.262 0.262 0.0350000000000001 0.034 60000 1476 0.8 1 0.8 0.4
0.790055248618785 0.790055248618785 0.796747967479675 0.75609756097561 8 8 2 0.251 0.251 0.0469999999999999 0.0550000000000002 60000 1484 0.8 1 0.8 0.4
0.643686502177068 0.644050104384134 0.658536585365854 0.658536585365854 32 22 2 0.747 0.52 0.0210000000000004 0.0229999999999997 60000 1435 0.694772891607135 0 0.8 0.4
0.315337423312883 0.315337423312883 0.311475409836066 0.304878048780488 19 19 2 0.873 0.519 0.032 0.056 60000 1472 0.367620230065659 1 0.8 0.4
0.795731707317073 0.795731707317073 0.795081967213115 0.792682926829268 7 7 2 0.235 0.187 0.0269999999999999 0.024 60000 1459 0.8 1 0.8 0.4
0.814285714285714 0.814285714285714 0.845528455284553 0.841463414634146 6 6 2 0.332 0.327 0.0539999999999998 0.0499999999999998 60000 1502 0.8 1 0.8 0.4
0.350961538461538 0.364766839378238 0.338709677419355 0.365853658536585 30 23 2 1.157 1.014 0.0310000000000001 0.0270000000000001 60000 1491 0.46 1 0.8 0.4
0.377705627705628 0.409751037344398 0.491935483870968 0.475609756097561 43 22 2 1.357 0.594 0.0279999999999996 0.0270000000000001 60000 1429 0.46 1 0.8 0.4
0.268796992481203 0.268796992481203 0.373983739837398 0.365853658536585 12 12 2 0.824 0.408 0.0250000000000004 0.0249999999999999 60000 1469 0.303374550230801 1 0.8 0.4
0.200636942675159 0.200636942675159 0.214876033057851 0.25609756097561 7 7 2 0.212 0.187 0.0370000000000001 0.026 60000 1548 0.2 0 0.8 0.4
0.606387225548902 0.583075335397317 0.56198347107438 0.536585365853659 61 23 2 2.395 0.649 0.0260000000000007 0.0259999999999998 60000 1487 0.540887342207134 1 0.8 0.4
0.175438596491228 0.175438596491228 0.163934426229508 0.170731707317073 6 6 2 0.206 0.255 0.0349999999999999 0.05 60000 1469 0.2 1 0.8 0.4
0.29500756429652 0.29500756429652 0.258064516129032 0.280487804878049 15 15 2 0.436 0.447 0.024 0.024 60000 1444 0.27661423782818 1 0.8 0.4
0.699712643678161 0.699712643678161 0.699186991869919 0.731707317073171 16 16 2 0.476 0.739 0.0289999999999999 0.024 60000 1467 0.8 1 0.8 0.4
0.809688581314879 0.809688581314879 0.798387096774194 0.817073170731707 6 6 2 0.192 0.159 0.0230000000000001 0.0219999999999998 60000 1457 0.8 1 0.8 0.4
0.388938053097345 0.442842430484037 0.491803278688525 0.51219512195122 55 23 2 1.873 1.214 0.0250000000000004 0.0359999999999996 60000 1485 0.46 1 0.8 0.4
0.206703910614525 0.206703910614525 0.233333333333333 0.24390243902439 8 8 2 0.39 0.313 0.042 0.0959999999999999 60000 1527 0.2 0 0.8 0.4
0.189003436426117 0.189003436426117 0.185483870967742 0.158536585365854 6 6 2 0.186 0.163 0.024 0.024 60000 1435 0.2 0 0.8 0.4
0.546240342691043 0.365466101694915 0.30327868852459 0.304878048780488 316 22 2 8.072 0.548 0.0240000000000009 0.0269999999999992 60000 1455 0.2 0 0.8 0.4
0.560491868306228 0.346638655462185 0.25 0.268292682926829 183 22 2 6.75 1.172 0.027000000000001 0.0229999999999997 60000 1460 0.2 0 0.8 0.4
0.330321285140562 0.334381551362683 0.379032258064516 0.390243902439024 23 22 2 0.615 0.603 0.024 0.0239999999999996 60000 1441 0.394999062661082 0 0.8 0.4
0.216292134831461 0.216292134831461 0.266666666666667 0.231707317073171 8 8 2 0.33 0.375 0.0609999999999999 0.0640000000000001 60000 1515 0.2 0 0.8 0.4
0.800604229607251 0.800604229607251 0.848 0.865853658536585 7 7 2 0.223 0.19 0.0279999999999998 0.026 60000 1436 0.8 1 0.8 0.4
0.389527458492976 0.443974630021142 0.455284552845528 0.439024390243902 56 22 2 2.838 0.984 0.0539999999999994 0.0709999999999997 60000 1457 0.46 0 0.8 0.4
0.784741144414169 0.784741144414169 0.75609756097561 0.768292682926829 8 8 2 0.46 0.373 0.0269999999999997 0.0380000000000003 60000 1477 0.8 1 0.8 0.4
0.823321554770318 0.823321554770318 0.829268292682927 0.792682926829268 6 6 2 0.344 0.165 0.0230000000000001 0.024 60000 1496 0.8 1 0.8 0.4
0.838709677419355 0.838709677419355 0.821138211382114 0.841463414634146 5 5 2 0.746 0.37 0.0600000000000001 0.0510000000000002 60000 1450 0.8 1 0.8 0.4
0.587437742114001 0.527179487179487 0.439024390243902 0.451219512195122 88 23 2 4.214 0.994000000000001 0.0609999999999999 0.0649999999999995 60000 1475 0.445714233350009 1 0.8 0.4
0.346543001686341 0.351184346035015 0.44 0.451219512195122 27 22 2 1.013 1.309 0.0309999999999997 0.036 60000 1412 0.46 0 0.8 0.4
0.820422535211268 0.820422535211268 0.852459016393443 0.865853658536585 6 6 2 0.19 0.21 0.024 0.03 60000 1466 0.8 0 0.8 0.4
0.355832721936904 0.377894736842105 0.435483870967742 0.414634146341463 32 22 2 0.869 0.838 0.0529999999999999 0.0369999999999999 60000 1453 0.46 0 0.8 0.4
0.592775548008645 0.570393374741201 0.516393442622951 0.51219512195122 79 23 2 2.4 0.616 0.0250000000000004 0.0270000000000001 60000 1482 0.50154416533187 1 0.8 0.4
0.796875 0.796875 0.738095238095238 0.707317073170732 8 8 2 0.24 0.215 0.024 0.0289999999999999 60000 1413 0.8 1 0.8 0.4
0.204892966360856 0.204892966360856 0.241935483870968 0.207317073170732 7 7 2 0.403 0.359 0.0340000000000003 0.0249999999999999 60000 1460 0.2 0 0.8 0.4
0.313253012048193 0.313253012048193 0.354838709677419 0.378048780487805 19 19 2 0.506 0.464 0.0269999999999997 0.0230000000000001 60000 1438 0.451711016539484 0 0.8 0.4
0.665369649805447 0.666666666666667 0.737704918032787 0.792682926829268 24 22 2 0.946 0.913 0.024 0.0550000000000002 60000 1453 0.756467417720705 1 0.8 0.4
0.246575342465753 0.246575342465753 0.172131147540984 0.182926829268293 10 10 2 0.297 0.29 0.0339999999999998 0.0249999999999999 60000 1513 0.2 1 0.8 0.4
0.304893350062735 0.304893350062735 0.278688524590164 0.304878048780488 19 19 2 0.56 0.494 0.0329999999999999 0.024 60000 1496 0.267998521653935 1 0.8 0.4
0.84115523465704 0.84115523465704 0.834710743801653 0.817073170731707 6 6 2 0.178 0.158 0.022 0.0229999999999999 60000 1523 0.8 1 0.8 0.4
0.373932840068298 0.427050053248136 0.491803278688525 0.51219512195122 42 22 2 1.111 1.038 0.024 0.0249999999999999 60000 1469 0.46 1 0.8 0.4
0.289156626506024 0.289156626506024 0.284552845528455 0.280487804878049 15 15 2 0.844 0.392 0.0229999999999997 0.0229999999999997 60000 1446 0.313849772717804 1 0.8 0.4
0.786703601108033 0.786703601108033 0.80327868852459 0.768292682926829 8 8 2 0.243 0.219 0.024 0.028 60000 1502 0.8 1 0.8 0.4
0.816254416961131 0.816254416961131 0.80327868852459 0.817073170731707 6 6 2 0.263 0.166 0.0229999999999999 0.0230000000000001 60000 1477 0.8 1 0.8 0.4
0.58841050636339 0.534715025906736 0.483606557377049 0.439024390243902 91 23 2 2.574 0.732 0.024 0.0270000000000001 60000 1495 0.415924217458814 1 0.8 0.4
0.375956284153005 0.406708595387841 0.553719008264463 0.536585365853659 45 23 2 1.274 0.679 0.0270000000000001 0.0260000000000002 60000 1507 0.46 1 0.8 0.4
0.222841225626741 0.222841225626741 0.221311475409836 0.207317073170732 8 8 2 0.497 0.337 0.0330000000000004 0.0779999999999998 60000 1518 0.2 0 0.8 0.4
0.811550151975684 0.811550151975684 0.814516129032258 0.829268292682927 7 7 2 0.225 0.197 0.0290000000000001 0.0249999999999999 60000 1458 0.8 1 0.8 0.4
0.190769230769231 0.190769230769231 0.227642276422764 0.231707317073171 7 7 2 0.444 0.208 0.024 0.0209999999999999 60000 1480 0.2 0 0.8 0.4
0.31375 0.31375 0.349593495934959 0.341463414634146 19 19 2 0.939 0.783 0.0709999999999997 0.0380000000000003 60000 1504 0.46 1 0.8 0.4
0.376781002638522 0.423395445134576 0.422764227642276 0.390243902439024 46 23 2 2.272 1.04 0.0270000000000001 0.0289999999999999 60000 1489 0.46 0 0.8 0.4
0.161512027491409 0.161512027491409 0.122950819672131 0.0975609756097561 6 6 2 0.208 0.414 0.079 0.071 60000 1451 0.2 1 0.8 0.4
0.332323232323232 0.336497890295359 0.368 0.353658536585366 23 22 2 1.215 0.951 0.024 0.0249999999999999 60000 1453 0.46 0 0.8 0.4
0.268551236749117 0.268551236749117 0.260162601626016 0.24390243902439 13 13 2 0.706 0.357 0.0310000000000001 0.024 60000 1487 0.210251428764314 0 0.8 0.4
0.797583081570997 0.797583081570997 0.82258064516129 0.829268292682927 7 7 2 0.242 0.204 0.028 0.0230000000000001 60000 1444 0.8 1 0.8 0.4
0.795180722891566 0.795180722891566 0.758064516129032 0.75609756097561 7 7 2 0.21 0.182 0.0269999999999999 0.026 60000 1446 0.8 1 0.8 0.4
0.205970149253731 0.205970149253731 0.184 0.121951219512195 7 7 2 0.218 0.192 0.0289999999999999 0.024 60000 1429 0.2 0 0.8 0.4
0.801204819277108 0.801204819277108 0.798387096774194 0.804878048780488 7 7 2 0.357 0.382 0.0509999999999997 0.0289999999999999 60000 1431 0.8 1 0.8 0.4
0.573549521390897 0.509052183173589 0.491803278688525 0.414634146341463 124 22 2 7.801 1.247 0.0600000000000005 0.0540000000000003 60000 1465 0.206920669786632 1 0.8 0.4
0.788770053475936 0.788770053475936 0.792 0.75609756097561 8 8 2 0.235 0.206 0.0229999999999999 0.026 60000 1438 0.8 0 0.8 0.4
0.385923476617855 0.415271966527197 0.434426229508197 0.475609756097561 52 23 2 1.442 0.609 0.028 0.0249999999999999 60000 1503 0.46 1 0.8 0.4
0.804878048780488 0.804878048780488 0.786885245901639 0.780487804878049 7 7 2 0.534 0.438 0.0650000000000004 0.0549999999999997 60000 1467 0.8 1 0.8 0.4
0.223118279569892 0.223118279569892 0.227642276422764 0.207317073170732 8 8 2 0.239 0.219 0.0229999999999999 0.028 60000 1458 0.2 0 0.8 0.4
0.204334365325077 0.204334365325077 0.198347107438017 0.24390243902439 7 7 2 0.224 0.185 0.0269999999999999 0.0629999999999999 60000 1492 0.2 1 0.8 0.4
0.182926829268293 0.182926829268293 0.186991869918699 0.182926829268293 7 7 2 0.296 0.205 0.0289999999999999 0.026 60000 1465 0.2 1 0.8 0.4
0.560202788339671 0.413135593220339 0.295081967213115 0.329268292682927 191 22 2 6.721 0.565 0.027000000000001 0.0239999999999991 60000 1460 0.2 0 0.8 0.4
0.22962962962963 0.22962962962963 0.260162601626016 0.268292682926829 9 9 2 0.657 0.329 0.028 0.0329999999999999 60000 1477 0.2 0 0.8 0.4
0.799450549450549 0.799450549450549 0.776859504132231 0.780487804878049 8 8 2 0.245 0.224 0.024 0.0289999999999999 60000 1487 0.8 1 0.8 0.4
0.723333333333333 0.723333333333333 0.770491803278688 0.768292682926829 14 14 2 0.957 0.870000000000001 0.0570000000000004 0.0869999999999997 60000 1500 0.8 1 0.8 0.4
0.547174348697395 0.395789473684211 0.360655737704918 0.317073170731707 314 23 2 8.034 0.602 0.0250000000000004 0.0250000000000004 60000 1515 0.269182388111949 0 0.8 0.4
0.217741935483871 0.217741935483871 0.235772357723577 0.25609756097561 8 8 2 0.588 0.509 0.056 0.0649999999999999 60000 1443 0.2 0 0.8 0.4
0.298701298701299 0.298701298701299 0.333333333333333 0.378048780487805 16 16 2 1.092 1.042 0.0680000000000005 0.0590000000000002 60000 1462 0.228504615621641 0 0.8 0.4
0.312958435207824 0.312958435207824 0.363636363636364 0.341463414634146 19 19 2 1.256 1.195 0.0640000000000001 0.0570000000000004 60000 1468 0.46 0 0.8 0.4
0.78740157480315 0.78740157480315 0.8 0.792682926829268 8 8 2 0.238 0.215 0.024 0.0269999999999999 60000 1413 0.8 1 0.8 0.4
0.775401069518717 0.775401069518717 0.84 0.841463414634146 8 8 2 0.239 0.216 0.0229999999999999 0.028 60000 1438 0.8 0 0.8 0.4
0.262295081967213 0.262295081967213 0.211382113821138 0.207317073170732 11 11 2 0.783 0.696 0.0580000000000003 0.0659999999999998 60000 1477 0.2 0 0.8 0.4
0.55433624547198 0.493603411513859 0.475806451612903 0.402439024390244 229 22 2 6.835 0.576999999999999 0.0240000000000009 0.0240000000000009 60000 1470 0.415047114156187 1 0.8 0.4
0.23960880195599 0.23960880195599 0.252032520325203 0.280487804878049 9 9 2 0.64 0.566 0.056 0.0549999999999997 60000 1457 0.2 0 0.8 0.4
0.763097949886105 0.763097949886105 0.768595041322314 0.731707317073171 10 10 2 0.297 0.274 0.0289999999999999 0.024 60000 1519 0.8 1 0.8 0.4
0.355919583023083 0.36949846468782 0.413223140495868 0.378048780487805 32 23 2 1.398 0.636 0.0239999999999996 0.0620000000000003 60000 1474 0.46 1 0.8 0.4
0.332027424094025 0.336410256410256 0.483606557377049 0.51219512195122 24 23 2 1.084 1.256 0.116 0.0249999999999999 60000 1473 0.46 1 0.8 0.4
0.819047619047619 0.819047619047619 0.841666666666667 0.841463414634146 7 7 2 0.306 0.361 0.0649999999999999 0.0509999999999997 60000 1529 0.8 1 0.8 0.4
0.330912863070539 0.330912863070539 0.387096774193548 0.390243902439024 22 22 2 1.139 0.941 0.0600000000000001 0.0469999999999997 60000 1432 0.46 0 0.8 0.4
0.33364312267658 0.336134453781513 0.450819672131148 0.451219512195122 25 22 2 0.902 0.566 0.0270000000000001 0.119 60000 1450 0.46 1 0.8 0.4
0.555825242718447 0.33298755186722 0.237704918032787 0.268292682926829 225 23 2 13.604 1.385 0.0560000000000009 0.0650000000000013 60000 1496 0.2 1 0.8 0.4
0.574033696729435 0.468814968814969 0.411290322580645 0.426829268292683 120 22 2 7.289 1.616 0.0630000000000006 0.0569999999999986 60000 1438 0.227456970978528 1 0.8 0.4
0.78978978978979 0.78978978978979 0.766129032258065 0.75609756097561 7 7 2 0.416 0.257 0.034 0.0250000000000001 60000 1447 0.8 1 0.8 0.4
0.249484536082474 0.249484536082474 0.229508196721311 0.24390243902439 11 11 2 0.317 0.296 0.024 0.028 60000 1480 0.2 0 0.8 0.4
0.328170377541142 0.332633788037775 0.439024390243902 0.402439024390244 24 22 2 0.696 0.931 0.024 0.0510000000000002 60000 1455 0.46 1 0.8 0.4
0.790884718498659 0.790884718498659 0.813008130081301 0.792682926829268 8 8 2 0.491 0.314 0.0250000000000004 0.0259999999999998 60000 1440 0.8 1 0.8 0.4
0.32731137088204 0.32731137088204 0.338842975206612 0.341463414634146 22 22 2 0.862 0.838 0.0270000000000001 0.0229999999999997 60000 1465 0.46 0 0.8 0.4
0.796969696969697 0.796969696969697 0.821138211382114 0.853658536585366 7 7 2 0.205 0.168 0.0249999999999999 0.022 60000 1436 0.8 1 0.8 0.4
0.555902004454343 0.381564844587353 0.260162601626016 0.231707317073171 219 22 2 7.926 0.574 0.0339999999999989 0.0250000000000004 60000 1470 0.2 1 0.8 0.4
0.33713200379867 0.34400826446281 0.468253968253968 0.426829268292683 24 22 2 1.495 1.346 0.056 0.132000000000001 60000 1419 0.46 1 0.8 0.4
0.779569892473118 0.779569892473118 0.774193548387097 0.75609756097561 8 8 2 0.249 0.225 0.0249999999999999 0.0290000000000001 60000 1441 0.8 1 0.8 0.4
0.350597609561753 0.369609856262834 0.475806451612903 0.463414634146341 30 23 2 0.935 0.626 0.0230000000000001 0.024 60000 1482 0.46 0 0.8 0.4
0.758389261744966 0.758389261744966 0.80327868852459 0.792682926829268 10 10 2 0.266 0.248 0.028 0.0249999999999999 60000 1470 0.8 0 0.8 0.4
0.394160583941606 0.456905503634476 0.468253968253968 0.463414634146341 58 22 2 1.778 0.568 0.0249999999999999 0.0260000000000002 60000 1433 0.46 1 0.8 0.4
0.265567765567766 0.265567765567766 0.233870967741935 0.25609756097561 12 12 2 0.337 0.33 0.046 0.05 60000 1420 0.206993912085891 1 0.8 0.4
0.277966101694915 0.277966101694915 0.274193548387097 0.280487804878049 13 13 2 0.37 0.732 0.0629999999999997 0.0780000000000003 60000 1408 0.229694770295173 0 0.8 0.4
0.5579833984375 0.480789200415369 0.414634146341463 0.451219512195122 194 22 2 5.891 0.587999999999999 0.0229999999999997 0.0270000000000001 60000 1427 0.392042227927595 0 0.8 0.4
0.796407185628742 0.796407185628742 0.804878048780488 0.792682926829268 7 7 2 0.536 0.445 0.0659999999999998 0.056 60000 1446 0.8 1 0.8 0.4
0.35509904622157 0.370217166494312 0.442622950819672 0.402439024390244 33 23 2 2.102 1.472 0.0579999999999998 0.0570000000000004 60000 1496 0.46 1 0.8 0.4
0.3099121706399 0.3099121706399 0.366666666666667 0.329268292682927 19 19 2 0.807 1.053 0.0550000000000002 0.044 60000 1506 0.394021333539858 1 0.8 0.4
0.296551724137931 0.296551724137931 0.363636363636364 0.378048780487805 17 17 2 0.963 0.575 0.024 0.028 60000 1491 0.261224671611562 0 0.8 0.4
0.28171334431631 0.28171334431631 0.306451612903226 0.280487804878049 14 14 2 0.948 0.865000000000001 0.0569999999999995 0.0739999999999998 60000 1494 0.284292644746602 0 0.8 0.4
0.795795795795796 0.795795795795796 0.819672131147541 0.780487804878049 7 7 2 0.336 0.367 0.044 0.038 60000 1445 0.8 1 0.8 0.4
0.371937639198218 0.401490947816826 0.504065040650406 0.475609756097561 43 22 2 2.001 0.629 0.0239999999999996 0.024 60000 1471 0.46 0 0.8 0.4
0.725694444444444 0.725694444444444 0.723577235772358 0.719512195121951 13 13 2 0.364 0.337 0.0270000000000001 0.024 60000 1454 0.8 1 0.8 0.4
0.8125 0.8125 0.804878048780488 0.817073170731707 6 6 2 0.207 0.185 0.024 0.0239999999999998 60000 1468 0.8 1 0.8 0.4
0.32657200811359 0.331910352187833 0.424 0.426829268292683 22 21 2 0.869 0.544 0.028 0.0299999999999998 60000 1403 0.46 0 0.8 0.4
0.389473684210526 0.447120418848168 0.459677419354839 0.414634146341463 56 22 2 3.602 1.345 0.0579999999999998 0.0640000000000001 60000 1440 0.46 1 0.8 0.4
0.233250620347395 0.233250620347395 0.229508196721311 0.207317073170732 9 9 2 0.643 0.57 0.056 0.056 60000 1486 0.205343394698575 0 0.8 0.4
0.788519637462236 0.788519637462236 0.796747967479675 0.792682926829268 7 7 2 0.589 0.309 0.036 0.032 60000 1448 0.8 1 0.8 0.4
0.173758865248227 0.173758865248227 0.173553719008264 0.158536585365854 6 6 2 0.185 0.167 0.0229999999999999 0.0229999999999999 60000 1484 0.2 0 0.8 0.4
0.767156862745098 0.767156862745098 0.776 0.804878048780488 9 9 2 0.416 0.26 0.028 0.0299999999999998 60000 1457 0.8 1 0.8 0.4
0.74018691588785 0.74018691588785 0.764227642276423 0.768292682926829 12 12 2 0.55 0.316 0.024 0.024 60000 1445 0.8 1 0.8 0.4
0.291420118343195 0.291420118343195 0.322314049586777 0.317073170731707 16 16 2 0.432 0.395 0.0229999999999999 0.022 60000 1508 0.300811139559373 0 0.8 0.4
0.224324324324324 0.224324324324324 0.233870967741935 0.219512195121951 8 8 2 0.229 0.206 0.0219999999999998 0.0269999999999999 60000 1461 0.2 0 0.8 0.4
0.822916666666667 0.822916666666667 0.801652892561983 0.804878048780488 6 6 2 0.367 0.248 0.028 0.0339999999999998 60000 1475 0.8 1 0.8 0.4
0.262357414448669 0.262357414448669 0.239669421487603 0.24390243902439 12 12 2 0.33 0.313 0.0229999999999999 0.0229999999999999 60000 1491 0.237838747836649 0 0.8 0.4
0.8 0.8 0.811475409836066 0.792682926829268 7 7 2 0.55 0.366 0.0739999999999998 0.0310000000000001 60000 1449 0.8 1 0.8 0.4
0.362281270252754 0.377435897435897 0.467213114754098 0.463414634146341 37 23 2 1.361 0.626 0.0249999999999999 0.0249999999999999 60000 1477 0.46 1 0.8 0.4
0.234567901234568 0.234567901234568 0.245901639344262 0.207317073170732 9 9 2 0.603 0.319 0.0369999999999999 0.0299999999999998 60000 1495 0.2 0 0.8 0.4
0.221635883905013 0.221635883905013 0.17741935483871 0.195121951219512 8 8 2 0.241 0.244 0.0269999999999999 0.028 60000 1418 0.2 0 0.8 0.4
0.859504132231405 0.859504132231405 0.868852459016393 0.890243902439024 5 5 2 0.171 0.139 0.0269999999999999 0.024 60000 1507 0.8 1 0.8 0.4
0.548549059654498 0.418604651162791 0.284552845528455 0.268292682926829 283 22 2 16.487 1.299 0.0559999999999974 0.0560000000000009 60000 1450 0.222647036798298 1 0.8 0.4
0.324022346368715 0.324022346368715 0.426229508196721 0.414634146341463 21 21 2 1.01 1.119 0.0789999999999997 0.0750000000000002 60000 1476 0.46 1 0.8 0.4
0.339622641509434 0.35827186512118 0.401639344262295 0.390243902439024 26 22 2 1.645 1.369 0.134 0.0569999999999995 60000 1453 0.46 1 0.8 0.4
0.751012145748988 0.751012145748988 0.747967479674797 0.719512195121951 11 11 2 0.473 0.283 0.024 0.036 60000 1453 0.8 1 0.8 0.4
0.35578231292517 0.379679144385027 0.418032786885246 0.463414634146341 35 22 2 2.231 1.389 0.056 0.056 60000 1470 0.46 0 0.8 0.4
0.169611307420495 0.169611307420495 0.145161290322581 0.109756097560976 6 6 2 0.469 0.396 0.056 0.056 60000 1488 0.2 1 0.8 0.4
0.338392857142857 0.348643006263048 0.424 0.463414634146341 26 22 2 1.452 1.016 0.0670000000000002 0.032 60000 1443 0.46 0 0.8 0.4
0.572117962466488 0.438297872340426 0.311475409836066 0.329268292682927 136 22 2 5.191 0.572 0.0249999999999995 0.0230000000000006 60000 1469 0.2 0 0.8 0.4
0.318181818181818 0.318181818181818 0.336065573770492 0.329268292682927 20 20 2 0.961 0.905 0.0260000000000002 0.032 60000 1465 0.369952594321221 0 0.8 0.4
0.344481605351171 0.341772151898734 0.40650406504065 0.402439024390244 28 22 2 0.778 1.013 0.0249999999999999 0.0270000000000001 60000 1452 0.46 0 0.8 0.4
0.802431610942249 0.802431610942249 0.782258064516129 0.768292682926829 7 7 2 0.52 0.429 0.0630000000000002 0.0539999999999998 60000 1449 0.8 1 0.8 0.4
0.569598337950138 0.448128342245989 0.365853658536585 0.365853658536585 140 22 2 8.337 1.298 0.0629999999999988 0.0559999999999992 60000 1465 0.2 0 0.8 0.4
0.695355191256831 0.695355191256831 0.745901639344262 0.731707317073171 17 17 2 1.115 1.059 0.0569999999999995 0.0650000000000004 60000 1473 0.785365751385689 1 0.8 0.4
0.342281879194631 0.348837209302326 0.467741935483871 0.5 28 22 2 1.731 1.403 0.056 0.056 60000 1458 0.46 1 0.8 0.4
0.5686175580222 0.499473129610116 0.370967741935484 0.353658536585366 143 22 2 8.343 1.258 0.0530000000000008 0.0600000000000005 60000 1453 0.34990475224331 0 0.8 0.4
0.346835443037975 0.333333333333333 0.266129032258065 0.341463414634146 27 22 2 1.343 1.013 0.0260000000000002 0.028 60000 1416 0.2 0 0.8 0.4
0.868292682926829 0.868292682926829 0.860655737704918 0.890243902439024 4 4 2 0.265 0.225 0.044 0.0409999999999999 60000 1471 0.8 0 0.8 0.4
0.598036006546645 0.543730242360379 0.450819672131148 0.463414634146341 73 22 2 2.727 0.568 0.0309999999999997 0.0270000000000001 60000 1455 0.441846633236855 1 0.8 0.4
0.392828035859821 0.480851063829787 0.5 0.5 59 22 2 1.886 0.824 0.0300000000000002 0.032 60000 1466 0.46 0 0.8 0.4
0.795665634674923 0.795665634674923 0.827868852459016 0.817073170731707 7 7 2 0.206 0.172 0.024 0.0209999999999999 60000 1497 0.8 1 0.8 0.4
0.232445520581114 0.232445520581114 0.260162601626016 0.268292682926829 9 9 2 0.277 0.283 0.0449999999999999 0.056 60000 1451 0.2 0 0.8 0.4
0.62798833819242 0.638164754953076 0.663934426229508 0.707317073170732 42 23 2 2.479 1.358 0.0529999999999999 0.0529999999999999 60000 1508 0.716728676483035 0 0.8 0.4
0.352409638554217 0.380165289256198 0.442622950819672 0.414634146341463 32 23 2 1.203 1.035 0.0279999999999996 0.0269999999999997 60000 1491 0.46 0 0.8 0.4
0.272058823529412 0.272058823529412 0.272 0.24390243902439 12 12 2 0.716 0.516 0.0220000000000002 0.0219999999999998 60000 1431 0.2 0 0.8 0.4
0.242562929061785 0.242562929061785 0.264462809917355 0.292682926829268 10 10 2 0.523 0.578 0.044 0.0459999999999998 60000 1502 0.2 0 0.8 0.4
0.392269736842105 0.460401267159451 0.536585365853659 0.536585365853659 58 22 2 1.517 0.553 0.0259999999999998 0.0270000000000001 60000 1457 0.46 0 0.8 0.4
0.808306709265176 0.808306709265176 0.825 0.817073170731707 7 7 2 0.417 0.223 0.0249999999999999 0.028 60000 1545 0.8 1 0.8 0.4
0.561478225030911 0.417786970010341 0.346774193548387 0.292682926829268 172 22 2 7.783 0.882999999999999 0.0570000000000004 0.0410000000000004 60000 1426 0.2 0 0.8 0.4
0.203125 0.203125 0.19672131147541 0.207317073170732 7 7 2 0.514 0.425 0.0620000000000003 0.0529999999999999 60000 1505 0.2 0 0.8 0.4
0.787465940054496 0.787465940054496 0.725806451612903 0.731707317073171 8 8 2 0.551 0.533 0.0590000000000002 0.0640000000000001 60000 1468 0.8 1 0.8 0.4
0.376843255051884 0.422755741127349 0.388429752066116 0.426829268292683 45 23 2 2.763 1.433 0.056 0.056 60000 1508 0.46 1 0.8 0.4
0.768856447688564 0.768856447688564 0.745901639344262 0.74390243902439 9 9 2 0.222 0.187 0.018 0.0189999999999999 60000 1446 0.8 1 0.8 0.4
0.793388429752066 0.793388429752066 0.752066115702479 0.74390243902439 8 8 2 0.646 0.328 0.0290000000000004 0.036 60000 1499 0.8 1 0.8 0.4
0.2 0.2 0.188524590163934 0.146341463414634 7 7 2 0.695 0.47 0.0789999999999997 0.0599999999999996 60000 1538 0.2 0 0.8 0.4
0.781333333333333 0.781333333333333 0.782258064516129 0.792682926829268 8 8 2 0.58 0.402 0.0260000000000002 0.0359999999999996 60000 1430 0.8 1 0.8 0.4
0.377111716621253 0.377258235919235 0.459016393442623 0.451219512195122 44 22 2 1.907 1.191 0.056 0.069 60000 1469 0.46 1 0.8 0.4
0.198250728862974 0.198250728862974 0.17741935483871 0.158536585365854 7 7 2 0.455 0.264 0.0349999999999997 0.0270000000000001 60000 1398 0.2 0 0.8 0.4
0.567699836867863 0.457348406988695 0.413223140495868 0.402439024390244 150 23 2 6.771 1.17 0.0259999999999998 0.0779999999999994 60000 1478 0.215772825665772 0 0.8 0.4
0.313358302122347 0.313358302122347 0.292682926829268 0.304878048780488 19 19 2 1.144 1.092 0.0589999999999993 0.0520000000000005 60000 1487 0.377931800223887 0 0.8 0.4
0.336158192090395 0.345744680851064 0.540322580645161 0.536585365853659 25 22 2 0.605 0.49 0.0209999999999999 0.0489999999999999 60000 1466 0.46 1 0.8 0.4
0.164835164835165 0.164835164835165 0.141666666666667 0.134146341463415 6 6 2 0.225 0.305 0.0470000000000002 0.032 60000 1533 0.2 0 0.8 0.4
0.347039473684211 0.356333676622039 0.341463414634146 0.365853658536585 29 23 2 1.529 0.682 0.0259999999999998 0.024 60000 1480 0.46 1 0.8 0.4
0.622906537007023 0.608695652173913 0.645161290322581 0.731707317073171 45 23 2 2.468 1.267 0.0490000000000004 0.0490000000000004 60000 1488 0.672136269882321 0 0.8 0.4
0.765402843601896 0.765402843601896 0.747967479674797 0.75609756097561 9 9 2 0.446 0.45 0.0260000000000002 0.0259999999999998 60000 1428 0.8 1 0.8 0.4
0.808176100628931 0.808176100628931 0.809917355371901 0.780487804878049 7 7 2 0.315 0.336 0.0649999999999999 0.056 60000 1514 0.8 1 0.8 0.4
0.816901408450704 0.816901408450704 0.745901639344262 0.792682926829268 6 6 2 0.422 0.352 0.0489999999999999 0.0489999999999999 60000 1472 0.8 0 0.8 0.4
0.645833333333333 0.63891779396462 0.682926829268293 0.634146341463415 30 22 2 1.661 1.27 0.0499999999999998 0.0499999999999998 60000 1434 0.657391821872443 0 0.8 0.4
0.379558294812532 0.43455497382199 0.5 0.475609756097561 46 22 2 1.829 0.931999999999999 0.0250000000000004 0.0229999999999997 60000 1447 0.46 1 0.8 0.4
0.659929701230228 0.650663942798774 0.658536585365854 0.621951219512195 27 23 2 1.937 2.348 0.0680000000000005 0.104 60000 1473 0.67990120491013 1 0.8 0.4
0.350822239624119 0.369034994697773 0.379032258064516 0.353658536585366 30 22 2 1.708 1.307 0.0520000000000005 0.0510000000000002 60000 1460 0.46 1 0.8 0.4
0.323624595469256 0.323624595469256 0.300813008130081 0.268292682926829 22 22 2 0.562 0.966 0.0300000000000002 0.0299999999999998 60000 1487 0.315388083057478 1 0.8 0.4
0.631384615384615 0.645790554414784 0.693548387096774 0.682926829268293 39 23 2 3.121 1.815 0.0570000000000004 0.0599999999999996 60000 1479 0.759655230119824 1 0.8 0.4
0.269449715370019 0.269449715370019 0.221311475409836 0.24390243902439 12 12 2 0.69 0.59 0.0450000000000004 0.0449999999999999 60000 1475 0.2 0 0.8 0.4
0.344827586206897 0.353128313891835 0.463414634146341 0.451219512195122 27 22 2 1.168 1.074 0.0500000000000003 0.0859999999999999 60000 1454 0.46 0 0.8 0.4
0.32026875699888 0.32026875699888 0.395161290322581 0.390243902439024 21 21 2 1.099 1.022 0.0499999999999998 0.0499999999999998 60000 1472 0.46 0 0.8 0.4
