0.809688581314879 0.809688581314879 0.829268292682927 1 289 289 82 2.843 3.068 0.0110000000000001 0.0129999999999999 60000 60000 0.8 0 0.8 0
0.79375 0.79375 0.853658536585366 1 320 320 82 3.13 3.295 0.00999999999999979 0.0110000000000001 60000 60000 0.8 0 0.8 0
0.832 0.832 0.829268292682927 1 250 250 82 3.121 3.541 0.0120000000000005 0.0119999999999996 60000 60000 0.8 0 0.8 0
0.828125 0.828125 0.804878048780488 1 256 256 82 3.236 3.416 0.0110000000000001 0.0100000000000007 60000 60000 0.8 1 0.8 0
0.815884476534296 0.815884476534296 0.829268292682927 1 277 277 82 3.386 3.851 0.0109999999999992 0.00999999999999979 60000 60000 0.8 0 0.8 0
0.819188191881919 0.819188191881919 0.75609756097561 0 271 271 82 3.379 3.863 0.0109999999999992 0.0100000000000016 60000 60000 0.8 1 0.8 0
0.822641509433962 0.822641509433962 0.829268292682927 1 265 265 82 3.38 3.882 0.011000000000001 0.0119999999999987 60000 60000 0.8 1 0.8 0
0.800653594771242 0.800653594771242 0.829268292682927 1 306 306 82 3.748 3.825 0.0119999999999987 0.0100000000000016 60000 60000 0.8 1 0.8 0
0.811188811188811 0.811188811188811 0.804878048780488 1 286 286 82 3.547 4.088 0.0379999999999985 0.0149999999999988 60000 60000 0.8 1 0.8 0
0.797427652733119 0.797427652733119 0.768292682926829 1 311 311 82 3.77 3.885 0.0339999999999989 0.0120000000000005 60000 60000 0.8 1 0.8 0
0.198019801980198 0.198019801980198 0.207317073170732 0 303 303 82 3.804 4.017 0.0150000000000006 0.0139999999999993 60000 60000 0.2 0 0.8 0
0.224657534246575 0.224657534246575 0.231707317073171 0 365 365 82 4.063 4.003 0.00999999999999979 0.0129999999999999 60000 60000 0.2 0 0.8 0
0.840336134453782 0.840336134453782 0.792682926829268 1 238 238 82 3.147 3.234 0.0120000000000005 0.016 60000 60000 0.8 1 0.8 0
0.828125 0.828125 0.841463414634146 0 256 256 82 4.551 3.268 0.0229999999999997 0.0269999999999992 60000 60000 0.8 1 0.8 0
0.803333333333333 0.803333333333333 0.853658536585366 1 300 300 82 4.193 4.083 0.0129999999999999 0.0129999999999999 60000 60000 0.8 1 0.8 0
0.184115523465704 0.184115523465704 0.182926829268293 0 277 277 82 4.061 4.037 0.0169999999999995 0.011000000000001 60000 60000 0.2 0 0.8 0
0.806122448979592 0.806122448979592 0.829268292682927 0 294 294 82 4.295 3.897 0.016 0.0129999999999999 60000 60000 0.8 0 0.8 0
0.79375 0.79375 0.792682926829268 1 320 320 82 3.886 4.292 0.011000000000001 0.016 60000 60000 0.8 1 0.8 0
0.182481751824818 0.182481751824818 0.207317073170732 0 274 274 82 4.029 4.017 0.011000000000001 0.00999999999999979 60000 60000 0.2 1 0.8 0
0.806122448979592 0.806122448979592 0.804878048780488 1 294 294 82 4.195 4.122 0.0109999999999992 0.0120000000000005 60000 60000 0.8 1 0.8 0
0.192439862542955 0.192439862542955 0.24390243902439 0 291 291 82 4.235 4.198 0.011000000000001 0.00999999999999979 60000 60000 0.2 0 0.8 0
0.792569659442725 0.792569659442725 0.829268292682927 1 323 323 82 4.494 4.081 0.0130000000000017 0.00899999999999856 60000 60000 0.8 1 0.8 0
0.792569659442725 0.792569659442725 0.75609756097561 0 323 323 82 3.979 4.454 0.0150000000000006 0.0150000000000006 60000 60000 0.8 1 0.8 0
0.171875 0.171875 0.182926829268293 0 256 256 82 4.693 3.566 0.0100000000000016 0.0109999999999992 60000 60000 0.2 0 0.8 0
0.766066838046273 0.766066838046273 0.768292682926829 0 389 389 82 4.016 4.257 0.0109999999999992 0.0109999999999992 60000 60000 0.8 1 0.8 0
0.761786600496278 0.761786600496278 0.75609756097561 0 403 403 82 4.111 4.216 0.0109999999999992 0.011000000000001 60000 60000 0.8 1 0.8 0
0.213649851632047 0.213649851632047 0.231707317073171 0 337 337 82 4.682 4.314 0.0109999999999992 0.00999999999999979 60000 60000 0.2 0 0.8 0
0.794952681388013 0.794952681388013 0.817073170731707 1 317 317 82 4.044 4.502 0.0120000000000005 0.0120000000000005 60000 60000 0.8 1 0.8 0
0.203821656050955 0.203821656050955 0.158536585365854 0 314 314 82 3.999 4.96 0.0229999999999997 0.0150000000000006 60000 60000 0.2 1 0.8 0
0.198019801980198 0.198019801980198 0.231707317073171 1 303 303 82 4.508 4.381 0.0150000000000006 0.0229999999999997 60000 60000 0.2 0 0.8 0
0.212574850299401 0.212574850299401 0.134146341463415 0 334 334 82 4.189 4.707 0.00999999999999979 0.00999999999999979 60000 60000 0.2 0 0.8 0
0.205047318611987 0.205047318611987 0.170731707317073 1 317 317 82 4.04 5.135 0.0330000000000013 0.0259999999999998 60000 60000 0.2 0 0.8 0
0.82089552238806 0.82089552238806 0.902439024390244 1 268 268 82 4.722 4.148 0.0169999999999995 0.0310000000000006 60000 60000 0.8 1 0.8 0
0.217391304347826 0.217391304347826 0.170731707317073 0 345 345 82 4.34 4.806 0.00999999999999979 0.0100000000000016 60000 60000 0.2 0 0.8 0
0.812720848056537 0.812720848056537 0.817073170731707 1 283 283 82 4.905 4.335 0.0220000000000002 0.0120000000000005 60000 60000 0.8 0 0.8 0
0.210365853658537 0.210365853658537 0.195121951219512 1 328 328 82 4.159 5.365 0.0150000000000006 0.0120000000000005 60000 60000 0.2 0 0.8 0
0.199346405228758 0.199346405228758 0.170731707317073 0 306 306 82 4.731 4.557 0.0350000000000001 0.0139999999999993 60000 60000 0.2 1 0.8 0
0.211480362537764 0.211480362537764 0.182926829268293 0 331 331 82 4.171 5.531 0.020999999999999 0.0150000000000006 60000 60000 0.2 0 0.8 0
0.216374269005848 0.216374269005848 0.219512195121951 1 342 342 82 4.821 4.681 0.00899999999999856 0.011000000000001 60000 60000 0.2 0 0.8 0
0.224657534246575 0.224657534246575 0.207317073170732 1 365 365 82 5.08 4.911 0.00999999999999979 0.0129999999999999 60000 60000 0.2 0 0.8 0
0.218390804597701 0.218390804597701 0.207317073170732 1 348 348 82 4.287 5.866 0.0300000000000011 0.0279999999999987 60000 60000 0.2 0 0.8 0
0.217391304347826 0.217391304347826 0.170731707317073 0 345 345 82 5.363 4.792 0.00999999999999979 0.00999999999999979 60000 60000 0.2 0 0.8 0
0.226158038147139 0.226158038147139 0.146341463414634 1 367 367 82 5.37 4.956 0.011000000000001 0.0109999999999992 60000 60000 0.2 0 0.8 0
0.205047318611987 0.205047318611987 0.170731707317073 1 317 317 82 5.364 5.241 0.0129999999999999 0.0120000000000005 60000 60000 0.2 1 0.8 0
0.222841225626741 0.222841225626741 0.304878048780488 0 359 359 82 4.502 6.352 0.016 0.0190000000000001 60000 60000 0.2 0 0.8 0
0.796178343949045 0.796178343949045 0.829268292682927 1 314 314 82 4.556 3.887 0.0120000000000005 0.0150000000000006 60000 60000 0.8 0 0.8 0
0.771276595744681 0.771276595744681 0.792682926829268 1 376 376 82 5.588 5.452 0.0150000000000006 0.0119999999999987 60000 60000 0.8 1 0.8 0
0.238213399503722 0.238213399503722 0.231707317073171 0 403 403 82 5.972 5.265 0.00999999999999979 0.011000000000001 60000 60000 0.2 0 0.8 0
0.227882037533512 0.227882037533512 0.24390243902439 0 373 373 82 6.125 4.872 0.0120000000000005 0.0129999999999999 60000 60000 0.2 0 0.8 0
0.240875912408759 0.240875912408759 0.25609756097561 0 411 411 82 5.042 6.557 0.0129999999999999 0.0140000000000011 60000 60000 0.2 0 0.8 0
0.763224181360202 0.763224181360202 0.792682926829268 0 397 397 82 5.318 4.708 0.0100000000000016 0.00999999999999979 60000 60000 0.8 1 0.8 0
0.750566893424036 0.750566893424036 0.634146341463415 1 441 441 82 7.06 5.7 0.0120000000000005 0.00999999999999979 60000 60000 0.8 0 0.8 0
0.761083743842365 0.761083743842365 0.792682926829268 1 406 406 82 6.379 7.798 0.0410000000000004 0.0129999999999999 60000 60000 0.8 1 0.8 0
0.242788461538462 0.242788461538462 0.146341463414634 1 416 416 82 6.675 8.058 0.0120000000000005 0.0119999999999987 60000 60000 0.2 0 0.8 0
0.314676616915423 0.314676616915423 0.353658536585366 0 804 804 82 8.59 8.426 0.0139999999999993 0.00900000000000034 60000 60000 0.391169362440705 0 0.8 0
0.280210157618214 0.280210157618214 0.317073170731707 0 571 571 82 8.174 9.161 0.0130000000000017 0.0120000000000005 60000 60000 0.293966219685972 0 0.8 0
0.295454545454545 0.295454545454545 0.25609756097561 0 660 660 82 8.707 8.2 0.0140000000000029 0.0109999999999992 60000 60000 0.295197193762287 0 0.8 0
0.293023255813953 0.293023255813953 0.353658536585366 0 645 645 82 8.587 10.259 0.0199999999999996 0.0150000000000006 60000 60000 0.200960935717449 0 0.8 0
0.321799307958477 0.321799307958477 0.317073170731707 0 867 867 82 9.985 10.009 0.0110000000000028 0.014999999999997 60000 60000 0.46 1 0.8 0
0.686945500633714 0.686945500633714 0.74390243902439 1 789 789 82 10.834 10.573 0.0269999999999975 0.0199999999999996 60000 60000 0.8 1 0.8 0
0.772972972972973 0.772972972972973 0.75609756097561 1 370 370 82 11.036 10.493 0.0510000000000019 0.0300000000000011 60000 60000 0.8 1 0.8 0
0.306010928961749 0.306010928961749 0.378048780487805 1 732 732 82 12.737 12.952 0.0119999999999969 0.0150000000000006 60000 60000 0.346937355883419 0 0.8 0
0.330552659019812 0.344481605351171 0.365853658536585 0 959 897 82 13.21 12.894 0.0109999999999992 0.00999999999999801 60000 60000 0.46 0 0.8 0
0.330920372285419 0.334448160535117 0.329268292682927 1 967 897 82 13.713 12.956 0.0109999999999992 0.0100000000000016 60000 60000 0.387455010479316 0 0.8 0
0.324384787472036 0.324384787472036 0.24390243902439 0 894 894 82 13.851 13.001 0.0109999999999992 0.0139999999999993 60000 60000 0.300228230860084 0 0.8 0
0.251670378619154 0.251670378619154 0.268292682926829 0 449 449 82 13.437 13.493 0.0259999999999998 0.0370000000000026 60000 60000 0.2 0 0.8 0
0.350406504065041 0.377926421404682 0.451219512195122 0 1230 897 82 16.851 13.474 0.0199999999999996 0.0130000000000017 60000 60000 0.46 1 0.8 0
0.349959116925593 0.357859531772575 0.51219512195122 0 1223 897 82 17.821 13.804 0.0100000000000051 0.00999999999999801 60000 60000 0.46 1 0.8 0
0.374137931034483 0.390189520624303 0.48780487804878 1 1740 897 82 22.683 12.196 0.00999999999999801 0.00999999999999801 60000 60000 0.46 0 0.8 0
0.345955249569707 0.373467112597547 0.475609756097561 0 1162 897 82 20.758 14.213 0.0109999999999957 0.0100000000000051 60000 60000 0.46 1 0.8 0
0.34394341290893 0.350055741360089 0.414634146341463 0 1131 897 82 20.634 14.526 0.017000000000003 0.0120000000000005 60000 60000 0.46 0 0.8 0
0.346712211784799 0.35340022296544 0.524390243902439 1 1171 897 82 21.118 14.294 0.0100000000000051 0.0119999999999933 60000 60000 0.46 0 0.8 0
0.368913857677903 0.408026755852843 0.51219512195122 1 1602 897 82 22.218 13.778 0.0129999999999981 0.0110000000000028 60000 60000 0.46 0 0.8 0
0.364485981308411 0.394648829431438 0.414634146341463 0 1498 897 82 25.52 15.211 0.0309999999999988 0.0300000000000011 60000 60000 0.46 1 0.8 0
0.391135972461274 0.418060200668896 0.390243902439024 1 2324 897 82 30.954 11.983 0.0100000000000051 0.0109999999999957 60000 60000 0.46 0 0.8 0
0.815884476534296 0.815884476534296 0.780487804878049 1 277 277 82 3.373 3.425 0.0119999999999996 0.0120000000000005 60000 60000 0.8 1 0.8 0
0.819188191881919 0.819188191881919 0.829268292682927 1 271 271 82 3.345 3.88 0.0109999999999992 0.011000000000001 60000 60000 0.8 1 0.8 0
0.792569659442725 0.792569659442725 0.792682926829268 1 323 323 82 3.878 3.828 0.0129999999999999 0.0100000000000016 60000 60000 0.8 1 0.8 0
0.188811188811189 0.188811188811189 0.134146341463415 0 286 286 82 3.941 3.77 0.0129999999999999 0.0119999999999987 60000 60000 0.2 0 0.8 0
0.787425149700599 0.787425149700599 0.780487804878049 1 334 334 82 4.169 4.142 0.0109999999999992 0.0120000000000005 60000 60000 0.8 1 0.8 0
0.212574850299401 0.212574850299401 0.292682926829268 0 334 334 82 4.166 4.167 0.011000000000001 0.011000000000001 60000 60000 0.2 1 0.8 0
0.58652540070633 0.521739130434783 0.524390243902439 1 3681 897 82 39.705 9.449 0.0100000000000051 0.0129999999999981 60000 60000 0.363859453145415 0 0.8 0
0.797427652733119 0.797427652733119 0.75609756097561 0 311 311 82 4.894 5.05 0.0229999999999997 0.0120000000000005 60000 60000 0.8 1 0.8 0
0.235443037974684 0.235443037974684 0.195121951219512 1 395 395 82 4.872 4.833 0.0140000000000011 0.0120000000000005 60000 60000 0.2 1 0.8 0
0.203821656050955 0.203821656050955 0.182926829268293 0 314 314 82 4.992 5.178 0.0129999999999999 0.0180000000000007 60000 60000 0.2 0 0.8 0
0.393778141629144 0.444816053511706 0.48780487804878 1 2443 897 82 36.019 13.988 0.027000000000001 0.027000000000001 60000 60000 0.46 0 0.8 0
0.772117962466488 0.772117962466488 0.792682926829268 1 373 373 82 5.234 5.519 0.011000000000001 0.00999999999999979 60000 60000 0.8 1 0.8 0
0.767441860465116 0.767441860465116 0.74390243902439 1 387 387 82 5.414 5.702 0.011000000000001 0.0139999999999993 60000 60000 0.8 1 0.8 0
0.783625730994152 0.783625730994152 0.768292682926829 0 342 342 82 5.822 5.573 0.0129999999999999 0.0199999999999996 60000 60000 0.8 1 0.8 0
0.754716981132076 0.754716981132076 0.780487804878049 1 424 424 82 5.876 6.343 0.032 0.032 60000 60000 0.8 1 0.8 0
0.244075829383886 0.244075829383886 0.219512195121951 0 422 422 82 6.447 7.202 0.0219999999999985 0.0130000000000017 60000 60000 0.2 0 0.8 0
0.844827586206897 0.844827586206897 0.865853658536585 1 232 232 82 5.947 5.721 0.032 0.0240000000000009 60000 60000 0.8 0 0.8 0
0.150442477876106 0.150442477876106 0.182926829268293 0 226 226 82 6.238 5.99 0.0250000000000004 0.0250000000000004 60000 60000 0.2 0 0.8 0
0.826254826254826 0.826254826254826 0.817073170731707 1 259 259 82 6.648 6.473 0.0300000000000011 0.0239999999999991 60000 60000 0.8 1 0.8 0
0.836065573770492 0.836065573770492 0.865853658536585 1 244 244 82 6.692 6.796 0.0259999999999998 0.0259999999999998 60000 60000 0.8 1 0.8 0
0.598726114649682 0.561872909698997 0.609756097560976 0 2826 897 82 43.617 14.045 0.0279999999999987 0.0249999999999986 60000 60000 0.526081204786897 0 0.8 0
0.826254826254826 0.826254826254826 0.804878048780488 1 259 259 82 7.038 6.828 0.0309999999999988 0.0249999999999986 60000 60000 0.8 1 0.8 0
0.175572519083969 0.175572519083969 0.170731707317073 0 262 262 82 7.657 7.19 0.0240000000000009 0.0289999999999999 60000 60000 0.2 0 0.8 0
0.17910447761194 0.17910447761194 0.182926829268293 0 268 268 82 7.907 7.164 0.0289999999999999 0.0340000000000025 60000 60000 0.2 0 0.8 0
0.190311418685121 0.190311418685121 0.207317073170732 0 289 289 82 7.952 7.692 0.0250000000000021 0.0310000000000024 60000 60000 0.2 1 0.8 0
0.789634146341463 0.789634146341463 0.804878048780488 1 328 328 82 8.313 8.209 0.0330000000000013 0.0229999999999997 60000 60000 0.8 1 0.8 0
0.20625 0.20625 0.170731707317073 0 320 320 82 8.74 8.284 0.0240000000000009 0.0300000000000011 60000 60000 0.2 0 0.8 0
0.20625 0.20625 0.146341463414634 0 320 320 82 8.91 8.263 0.0250000000000021 0.0289999999999999 60000 60000 0.2 1 0.8 0
0.792569659442725 0.792569659442725 0.780487804878049 0 323 323 82 8.854 8.576 0.0299999999999976 0.0250000000000021 60000 60000 0.8 1 0.8 0
0.330912863070539 0.333333333333333 0.353658536585366 0 964 897 82 11.69 10.69 0.0139999999999993 0.0120000000000005 60000 60000 0.406687667472288 1 0.8 0
0.787425149700599 0.787425149700599 0.768292682926829 0 334 334 82 9.053 8.825 0.0249999999999986 0.0249999999999986 60000 60000 0.8 0 0.8 0
0.773841961852861 0.773841961852861 0.829268292682927 1 367 367 82 9.224 9.032 0.0240000000000009 0.0239999999999974 60000 60000 0.8 0 0.8 0
0.223756906077348 0.223756906077348 0.195121951219512 0 362 362 82 9.659 9.55 0.0249999999999986 0.0300000000000011 60000 60000 0.2 0 0.8 0
0.228723404255319 0.228723404255319 0.207317073170732 0 376 376 82 10.031 9.732 0.0300000000000011 0.0240000000000009 60000 60000 0.2 0 0.8 0
0.650533223954061 0.641025641025641 0.621951219512195 0 1219 897 82 14.289 10.325 0.0109999999999992 0.0130000000000017 60000 60000 0.623531720042229 0 0.8 0
0.324384787472036 0.324384787472036 0.365853658536585 0 894 894 82 12.945 13.275 0.0100000000000016 0.0119999999999969 60000 60000 0.46 0 0.8 0
0.756563245823389 0.756563245823389 0.695121951219512 1 419 419 82 11.239 10.965 0.0249999999999986 0.0249999999999986 60000 60000 0.8 1 0.8 0
0.801980198019802 0.801980198019802 0.780487804878049 1 303 303 82 2.977 3.091 0.0129999999999999 0.0109999999999992 60000 60000 0.8 1 0.8 0
0.362765229295003 0.376811594202899 0.402439024390244 0 1461 897 82 17.865 10.718 0.0110000000000028 0.0109999999999992 60000 60000 0.46 1 0.8 0
0.348585690515807 0.363433667781494 0.475609756097561 0 1202 897 82 17.437 13.511 0.0359999999999943 0.0259999999999962 60000 60000 0.46 0 0.8 0
0.623679822123402 0.605351170568562 0.621951219512195 0 1799 897 82 20.824 10.212 0.0109999999999992 0.0110000000000028 60000 60000 0.623101293947548 1 0.8 0
0.275229357798165 0.275229357798165 0.317073170731707 1 545 545 82 14.35 14.152 0.0249999999999986 0.0250000000000021 60000 60000 0.2 0 0.8 0
0.359195402298851 0.367892976588629 0.451219512195122 0 1392 897 82 19.874 13.836 0.0120000000000005 0.0149999999999935 60000 60000 0.46 0 0.8 0
0.633940182054616 0.613154960981048 0.573170731707317 0 1538 897 82 21.177 12.733 0.00999999999999801 0.0100000000000051 60000 60000 0.633769435249269 0 0.8 0
0.277777777777778 0.277777777777778 0.280487804878049 1 558 558 82 14.794 14.608 0.0249999999999986 0.0300000000000011 60000 60000 0.308667188063264 0 0.8 0
0.360621030345801 0.387959866220736 0.475609756097561 0 1417 897 82 20.214 13.964 0.0150000000000006 0.0109999999999957 60000 60000 0.46 0 0.8 0
0.281519861830743 0.281519861830743 0.280487804878049 0 579 579 82 15.442 15.128 0.0249999999999986 0.0309999999999988 60000 60000 0.287228842563927 0 0.8 0
0.607547169811321 0.593088071348941 0.707317073170732 1 2385 897 82 27.733 9.983 0.00999999999999801 0.00999999999999801 60000 60000 0.613411689549685 0 0.8 0
0.698571428571429 0.698571428571429 0.719512195121951 1 700 700 82 17.595 17.205 0.0240000000000009 0.0239999999999938 60000 60000 0.8 1 0.8 0
0.803333333333333 0.803333333333333 0.829268292682927 1 300 300 82 3.971 3.623 0.00999999999999979 0.00900000000000034 60000 60000 0.8 1 0.8 0
0.256959314775161 0.256959314775161 0.195121951219512 0 467 467 82 4.662 4.655 0.00900000000000034 0.00900000000000034 60000 60000 0.2 0 0.8 0
0.567064205195229 0.538461538461538 0.548780487804878 0 6121 897 82 76.381 10.444 0.00999999999999091 0.00999999999999091 60000 60000 0.527024715114385 0 0.8 0
0.326396495071194 0.326644370122631 0.414634146341463 0 913 897 82 9.308 8.753 0.00700000000000145 0.00800000000000267 60000 60000 0.46 1 0.8 0
0.395486935866983 0.454849498327759 0.378048780487805 0 2526 897 82 36.09 12.627 0.0109999999999957 0.0110000000000028 60000 60000 0.46 1 0.8 0
0.322247706422018 0.322247706422018 0.304878048780488 0 872 872 82 23.213 22.571 0.0260000000000034 0.0249999999999986 60000 60000 0.2 0 0.8 0
0.385131894484412 0.432552954292085 0.426829268292683 1 2085 897 82 35.05 15.415 0.00999999999999801 0.0100000000000051 60000 60000 0.46 0 0.8 0
0.575986565910999 0.472686733556299 0.365853658536585 1 4764 897 82 77.056 14.328 0.01400000000001 0.0279999999999916 60000 60000 0.339982494153082 1 0.8 0
0.759803921568627 0.759803921568627 0.658536585365854 1 408 408 82 5.646 5.583 0.0229999999999997 0.027000000000001 60000 60000 0.8 1 0.8 0
0.327586206896552 0.331103678929766 0.378048780487805 0 928 897 82 24.983 23.388 0.0260000000000034 0.0249999999999986 60000 60000 0.452992880782112 0 0.8 0
0.342342342342342 0.336677814938684 0.219512195121951 0 1110 897 82 27.455 21.865 0.0289999999999964 0.0240000000000009 60000 60000 0.2 0 0.8 0
0.342625899280576 0.348940914158305 0.451219512195122 1 1112 897 82 29.816 23.087 0.0249999999999986 0.0240000000000009 60000 60000 0.46 0 0.8 0
0.228723404255319 0.228723404255319 0.317073170731707 0 376 376 82 5.466 5.745 0.0129999999999999 0.0109999999999992 60000 60000 0.2 0 0.8 0
0.786350148367952 0.786350148367952 0.792682926829268 1 337 337 82 4.713 4.616 0.0109999999999992 0.00999999999999979 60000 60000 0.8 1 0.8 0
0.350162866449511 0.361204013377926 0.5 0 1228 897 82 31.96 22.887 0.0240000000000009 0.0300000000000011 60000 60000 0.46 0 0.8 0
0.766066838046273 0.766066838046273 0.804878048780488 0 389 389 82 5.26 5.618 0.011000000000001 0.00999999999999979 60000 60000 0.8 1 0.8 0
0.800653594771242 0.800653594771242 0.780487804878049 1 306 306 82 4.66 4.528 0.0120000000000005 0.00900000000000034 60000 60000 0.8 0 0.8 0
0.351242983159583 0.383500557413601 0.5 0 1247 897 82 33.161 23.274 0.0249999999999986 0.0240000000000009 60000 60000 0.46 0 0.8 0
0.2896 0.2896 0.25609756097561 0 625 625 82 8.812 8.449 0.0119999999999969 0.0150000000000006 60000 60000 0.2 0 0.8 0
0.247113163972286 0.247113163972286 0.25609756097561 0 433 433 82 6.458 6.497 0.0359999999999996 0.0419999999999998 60000 60000 0.2 0 0.8 0
0.219373219373219 0.219373219373219 0.280487804878049 0 351 351 82 5.194 4.882 0.0129999999999999 0.00999999999999979 60000 60000 0.2 0 0.8 0
0.295281582952816 0.295281582952816 0.268292682926829 0 657 657 82 9.214 9.08 0.0109999999999992 0.0100000000000016 60000 60000 0.214243858745322 0 0.8 0
0.811188811188811 0.811188811188811 0.768292682926829 1 286 286 82 5.928 5.767 0.0339999999999989 0.0179999999999989 60000 60000 0.8 1 0.8 0
0.364423717521652 0.384615384615385 0.426829268292683 0 1501 897 82 38.659 22.754 0.0249999999999986 0.0249999999999986 60000 60000 0.46 0 0.8 0
0.555066079295154 0.462653288740245 0.353658536585366 1 9080 897 82 96.918 9.697 0.00900000000000034 0.0120000000000005 60000 60000 0.376830981951207 0 0.8 0
0.357037037037037 0.387959866220736 0.414634146341463 1 1350 897 82 17.581 12.714 0.0130000000000017 0.0130000000000017 60000 60000 0.46 0 0.8 0
0.822641509433962 0.822641509433962 0.829268292682927 1 265 265 82 3.92 4.464 0.0169999999999995 0.0129999999999999 60000 60000 0.8 1 0.8 0
0.332996972754793 0.336677814938684 0.390243902439024 1 991 897 82 14.478 14.709 0.0399999999999991 0.0120000000000005 60000 60000 0.46 1 0.8 0
0.254385964912281 0.254385964912281 0.378048780487805 0 456 456 82 8.238 9.056 0.0129999999999981 0.0120000000000005 60000 60000 0.2 0 0.8 0
0.258474576271186 0.258474576271186 0.231707317073171 1 472 472 82 7.44 8.13 0.0109999999999992 0.0100000000000016 60000 60000 0.2 1 0.8 0
0.772972972972973 0.772972972972973 0.804878048780488 1 370 370 82 5.352 6.754 0.00999999999999979 0.011000000000001 60000 60000 0.8 1 0.8 0
0.32093023255814 0.32093023255814 0.439024390243902 0 860 860 82 11.915 12.301 0.0109999999999992 0.0109999999999992 60000 60000 0.46 0 0.8 0
0.334 0.344481605351171 0.365853658536585 0 1000 897 82 13.62 11.806 0.0100000000000016 0.00999999999999801 60000 60000 0.46 0 0.8 0
0.354789272030651 0.387959866220736 0.414634146341463 0 1305 897 82 19.258 14.372 0.0109999999999957 0.0139999999999958 60000 60000 0.46 0 0.8 0
0.354166666666667 0.370122630992196 0.390243902439024 0 1296 897 82 19.07 14.268 0.0120000000000005 0.00900000000000034 60000 60000 0.33125935273245 1 0.8 0
0.388638412984671 0.424749163879599 0.378048780487805 0 2218 897 82 26.478 9.413 0.00999999999999801 0.0130000000000052 60000 60000 0.46 0 0.8 0
0.347163420829805 0.358974358974359 0.548780487804878 1 1181 897 82 13.912 9.949 0.0110000000000028 0.0109999999999992 60000 60000 0.46 0 0.8 0
0.369010578718108 0.404682274247492 0.5 0 1607 897 82 43.834 23.846 0.0240000000000009 0.0240000000000009 60000 60000 0.46 0 0.8 0
0.199346405228758 0.199346405228758 0.195121951219512 0 306 306 82 4.857 4.325 0.0139999999999993 0.00900000000000034 60000 60000 0.2 0 0.8 0
0.180811808118081 0.180811808118081 0.170731707317073 0 271 271 82 3.045 3.016 0.00999999999999979 0.0110000000000001 60000 60000 0.2 0 0.8 0
0.34419014084507 0.355629877369008 0.451219512195122 0 1136 897 82 17.037 12.211 0.00999999999999801 0.0130000000000017 60000 60000 0.46 1 0.8 0
0.243436754176611 0.243436754176611 0.231707317073171 0 419 419 82 6.96 5.628 0.0150000000000006 0.0149999999999988 60000 60000 0.2 0 0.8 0
0.622941822173436 0.624303232998885 0.634146341463415 0 1822 897 82 26.779 11.252 0.00999999999999801 0.0110000000000028 60000 60000 0.65521447584033 1 0.8 0
0.301428571428571 0.301428571428571 0.341463414634146 0 700 700 82 13.622 11.299 0.0129999999999981 0.017000000000003 60000 60000 0.263564787497744 1 0.8 0
0.366233766233766 0.36231884057971 0.451219512195122 1 1540 897 82 21.127 13.608 0.0139999999999958 0.0189999999999984 60000 60000 0.443910920824856 0 0.8 0
0.337476099426386 0.347826086956522 0.451219512195122 0 1046 897 82 19.376 16.29 0.0129999999999981 0.0129999999999981 60000 60000 0.46 1 0.8 0
0.600145401672119 0.568561872909699 0.463414634146341 0 2751 897 82 67.064 21.432 0.0229999999999961 0.0219999999999914 60000 60000 0.459549908433109 0 0.8 0
0.296240601503759 0.296240601503759 0.207317073170732 0 665 665 82 10.661 12.491 0.022000000000002 0.0280000000000022 60000 60000 0.2 1 0.8 0
0.59914255091104 0.559643255295429 0.536585365853659 1 2799 897 82 68.42 21.585 0.0240000000000009 0.0319999999999965 60000 60000 0.470005340781063 0 0.8 0
0.625500285877644 0.59866220735786 0.573170731707317 0 1749 897 82 25.347 13.3 0.00999999999999801 0.0120000000000005 60000 60000 0.63236764157191 1 0.8 0
0.619667013527575 0.604236343366778 0.597560975609756 1 1922 897 82 30.206 15.254 0.0169999999999959 0.0350000000000037 60000 60000 0.617470173537731 0 0.8 0
0.657399103139014 0.649944258639911 0.707317073170732 0 1115 897 82 18.732 15.918 0.0450000000000017 0.0279999999999987 60000 60000 0.793565156776458 0 0.8 0
0.572350930497531 0.464882943143813 0.292682926829268 0 5266 897 82 52.057 8.493 0.00999999999999801 0.00900000000000034 60000 60000 0.229593958146871 0 0.8 0
0.365661861074705 0.355629877369008 0.414634146341463 0 1526 897 82 26.842 15.695 0.00999999999999801 0.00900000000000034 60000 60000 0.46 0 0.8 0
0.381558838512481 0.41917502787068 0.51219512195122 1 1963 897 82 32.85 16.101 0.0150000000000006 0.0120000000000005 60000 60000 0.46 0 0.8 0
0.393388429752066 0.453734671125975 0.51219512195122 0 2420 897 82 34.205 13.609 0.0100000000000051 0.00999999999999801 60000 60000 0.46 1 0.8 0
0.391857506361323 0.464882943143813 0.51219512195122 0 2358 897 82 40.65 15.407 0.0109999999999957 0.00900000000000034 60000 60000 0.46 0 0.8 0
0.558102476097083 0.337792642140468 0.25609756097561 0 8158 897 82 142.194 15.787 0.0109999999999957 0.0109999999999957 60000 60000 0.2 0 0.8 0
0.586234817813765 0.51505016722408 0.439024390243902 0 3705 897 82 94.124 21.479 0.0230000000000103 0.0220000000000056 60000 60000 0.435555734112859 0 0.8 0
0.553681784853881 0.501672240802676 0.463414634146341 1 9547 897 82 110.627 9.18900000000001 0.00999999999999091 0.0120000000000005 60000 60000 0.446642300020903 0 0.8 0
0.556901011051023 0.374581939799331 0.219512195121951 0 8506 897 82 147.322 15.212 0.0130000000000052 0.0109999999999957 60000 60000 0.2 0 0.8 0
0.602515243902439 0.560758082497213 0.621951219512195 1 2624 897 82 44.885 14.411 0.0309999999999988 0.0110000000000028 60000 60000 0.516786636691541 0 0.8 0
0.563716814159292 0.413600891861761 0.25609756097561 0 6780 897 82 72.489 7.57300000000001 0.00799999999999557 0.0109999999999957 60000 60000 0.2 0 0.8 0
0.572157159047979 0.453734671125975 0.292682926829268 0 5294 897 82 128.642 21.514 0.0229999999999961 0.0219999999999914 60000 60000 0.2 1 0.8 0
0.55119535193828 0.35340022296544 0.231707317073171 1 10499 897 82 182.948 15.895 0.01400000000001 0.0150000000000148 60000 60000 0.2 0 0.8 0
0.544607382792747 0.336677814938684 0.25609756097561 1 13843 897 82 150.958 8.517 0.01400000000001 0.00999999999999091 60000 60000 0.2 0 0.8 0
0.5520290851921 0.356744704570792 0.25609756097561 0 10177 897 82 149.491 13.302 0.00999999999999091 0.0100000000000193 60000 60000 0.2 0 0.8 0
0.551518072289157 0.358974358974359 0.25609756097561 0 10375 897 82 155.105 13.762 0.00999999999999091 0.0100000000000193 60000 60000 0.2 0 0.8 0
0.567504963600265 0.443701226309922 0.463414634146341 0 6044 897 82 183.021 28.564 0.0279999999999916 0.0270000000000152 60000 60000 0.2 0 0.8 0
0.544462002585835 0.347826086956522 0.158536585365854 1 13922 897 82 199.632 13.493 0.0169999999999959 0.0139999999999816 60000 60000 0.2 1 0.8 0
0.564631004697681 0.41025641025641 0.292682926829268 0 6599 897 82 168.893 22.022 0.0300000000000011 0.0240000000000009 60000 60000 0.2 0 0.8 0
0.558920010093364 0.498327759197324 0.402439024390244 1 7926 897 82 241.083 27.889 0.0279999999999632 0.0229999999999677 60000 60000 0.390820252615958 0 0.8 0
0.548661905171672 0.403567447045708 0.24390243902439 1 11621 897 82 169.32 13.159 0.00899999999998613 0.0120000000000005 60000 60000 0.209879418741912 1 0.8 0
0.548315941291253 0.413600891861761 0.317073170731707 0 11787 897 82 278.923 18.981 0.0190000000000055 0.021000000000015 60000 60000 0.301917297672481 1 0.8 0
0.544683011751052 0.338907469342252 0.195121951219512 0 13786 897 82 266.523 17.659 0.0120000000000005 0.0120000000000005 60000 60000 0.2 0 0.8 0
0.54476634153443 0.364548494983278 0.170731707317073 0 13738 897 82 330.418 18.414 0.0199999999999818 0.0240000000000009 60000 60000 0.2 0 0.8 0
