0.353505092869982 0.358308605341246 0.392905866302865 0.392905866302865 4 3 1 0.555 0.377 0.12 0.127 60000 186 0.46 0 0.8 0.6
0.336862367661213 0.336862367661213 0.354619565217391 0.354619565217391 2 2 1 0.332 0.268 0.126 0.149999999999999 60000 191 0.46 0 0.8 0.6
0.806849315068493 0.806849315068493 0.806849315068493 0.806849315068493 1 1 1 0.181 0.333 0.268 0.244 60000 187 0.8 1 0.8 0.6
0.319767441860465 0.319767441860465 0.3296853625171 0.3296853625171 2 2 1 0.451000000000001 0.265 0.123 0.122 60000 188 0.211531786872074 0 0.8 0.6
0.377833753148615 0.390821613619541 0.403819918144611 0.403819918144611 5 3 1 0.634 0.361 0.127000000000001 0.103 60000 187 0.46 1 0.8 0.6
0.343843843843844 0.343843843843844 0.347885402455662 0.347885402455662 3 3 1 0.455 0.377000000000001 0.103 0.113 60000 192 0.46 0 0.8 0.6
0.275204359673025 0.275204359673025 0.275204359673025 0.275204359673025 1 1 1 0.245 0.252000000000001 0.282 0.247 60000 180 0.2 0 0.8 0.6
0.328185328185328 0.328185328185328 0.350136239782016 0.350136239782016 2 2 1 0.274 0.228 0.103 0.103000000000001 60000 190 0.412524024834856 1 0.8 0.6
0.32383665716999 0.32383665716999 0.343792633015007 0.343792633015007 2 2 1 0.561 0.279000000000001 0.13 0.146999999999999 60000 187 0.257123293234035 0 0.8 0.6
0.554331550802139 0.451473759884975 0.427595628415301 0.427595628415301 27 3 1 4.355 0.627000000000001 0.133999999999999 0.125999999999999 60000 180 0.2 0 0.8 0.6
0.219346049046322 0.219346049046322 0.219346049046322 0.219346049046322 1 1 1 0.182 0.186 0.132 0.151 60000 192 0.2 0 0.8 0.6
0.346491228070175 0.367223065250379 0.368852459016393 0.368852459016393 4 3 1 0.88 0.413 0.130999999999999 0.133 60000 196 0.46 1 0.8 0.6
0.345957756737072 0.345957756737072 0.337448559670782 0.337448559670782 3 3 1 0.526 0.407 0.134 0.128 60000 180 0.446260620765388 0 0.8 0.6
0.281420765027322 0.281420765027322 0.281420765027322 0.281420765027322 1 1 1 0.185 0.19 0.153 0.202 60000 186 0.2 0 0.8 0.6
0.287858117326057 0.287858117326057 0.287858117326057 0.287858117326057 1 1 1 0.152 0.147 0.112 0.11 60000 185 0.2 0 0.8 0.6
0.259208731241473 0.259208731241473 0.259208731241473 0.259208731241473 1 1 1 0.19 0.194 0.133999999999999 0.128 60000 184 0.2 0 0.8 0.6
0.593159315931593 0.549306062819576 0.540355677154583 0.540355677154583 9 3 1 1.549 0.425000000000001 0.122 0.117999999999999 60000 182 0.402636347245425 0 0.8 0.6
0.356005788712012 0.356005788712012 0.370218579234973 0.370218579234973 3 3 1 0.503 0.42 0.199000000000001 0.255 60000 182 0.2 0 0.8 0.6
0.352623456790123 0.352623456790123 0.365253077975376 0.365253077975376 3 3 1 0.448 0.731 0.224 0.170999999999999 60000 198 0.46 0 0.8 0.6
0.231607629427793 0.231607629427793 0.231607629427793 0.231607629427793 1 1 1 0.172 0.241 0.255 0.228000000000001 60000 191 0.2 0 0.8 0.6
0.337070254110613 0.337070254110613 0.358799454297408 0.358799454297408 3 3 1 0.523000000000001 0.748 0.18 0.135999999999999 60000 192 0.432966944733635 1 0.8 0.6
0.345375722543353 0.345375722543353 0.379263301500682 0.379263301500682 3 3 1 0.503 0.394 0.191 0.246 60000 180 0.46 1 0.8 0.6
0.303270564915758 0.303270564915758 0.315573770491803 0.315573770491803 2 2 1 0.542 0.389 0.194 0.25 60000 199 0.344354151161388 0 0.8 0.6
0.372599896211728 0.398658718330849 0.41120218579235 0.41120218579235 5 3 1 1.194 0.434 0.145 0.218999999999999 60000 193 0.46 1 0.8 0.6
0.364497041420118 0.373906705539359 0.400820793433653 0.400820793433653 4 3 1 0.593999999999999 0.425 0.234 0.263 60000 183 0.46 0 0.8 0.6
0.548881955278211 0.376757957068838 0.355102040816327 0.355102040816327 35 3 1 5.936 0.389999999999999 0.143000000000001 0.147 60000 188 0.2 0 0.8 0.6
0.669187145557656 0.669187145557656 0.673024523160763 0.673024523160763 2 2 1 0.572 0.378 0.2 0.221 60000 177 0.8 1 0.8 0.6
0.299180327868852 0.299180327868852 0.299180327868852 0.299180327868852 1 1 1 0.168 0.17 0.128 0.126 60000 177 0.2 0 0.8 0.6
0.804911323328786 0.804911323328786 0.804911323328786 0.804911323328786 1 1 1 0.233 0.396 0.254 0.18 60000 187 0.8 0 0.8 0.6
0.308285163776493 0.308285163776493 0.312414733969986 0.312414733969986 2 2 1 0.348000000000001 0.475 0.247 0.226 60000 188 0.2 0 0.8 0.6
0.338081671415005 0.338081671415005 0.332425068119891 0.332425068119891 2 2 1 0.713 0.313 0.123 0.121 60000 184 0.46 0 0.8 0.6
0.566728651122872 0.417607223476298 0.410884353741497 0.410884353741497 21 3 1 4.418 0.644 0.205 0.149999999999999 60000 189 0.2 0 0.8 0.6
0.543550690147549 0.377483443708609 0.358799454297408 0.358799454297408 44 3 1 7.738 0.48 0.154 0.211 60000 184 0.2 0 0.8 0.6
0.739071038251366 0.739071038251366 0.739071038251366 0.739071038251366 1 1 1 0.290999999999999 0.222 0.145 0.193 60000 177 0.8 1 0.8 0.6
0.269754768392371 0.269754768392371 0.269754768392371 0.269754768392371 1 1 1 0.174 0.179 0.134 0.131 60000 187 0.2 0 0.8 0.6
0.33886085075703 0.33886085075703 0.366984993178718 0.366984993178718 3 3 1 0.67 0.408 0.157 0.203 60000 181 0.46 0 0.8 0.6
0.277929155313351 0.277929155313351 0.277929155313351 0.277929155313351 1 1 1 0.202999999999999 0.181 0.115 0.112 60000 188 0.2 1 0.8 0.6
0.305593451568895 0.305593451568895 0.305593451568895 0.305593451568895 1 1 1 0.191 0.176 0.136 0.165999999999999 60000 187 0.2 0 0.8 0.6
0.322857142857143 0.322857142857143 0.315143246930423 0.315143246930423 2 2 1 0.36 0.291 0.14 0.134 60000 184 0.2 1 0.8 0.6
0.554649428145201 0.379026217228464 0.366984993178718 0.366984993178718 31 3 1 5.367 0.481 0.298 0.271000000000001 60000 192 0.2 0 0.8 0.6
0.620374054914445 0.600303951367781 0.600817438692098 0.600817438692098 7 3 1 1.271 0.393000000000001 0.125 0.136 60000 196 0.536032791156322 0 0.8 0.6
0.581206773193418 0.51037037037037 0.499319727891156 0.499319727891156 12 3 1 1.544 0.394 0.132 0.121 60000 188 0.290545195247978 1 0.8 0.6
0.780653950953679 0.780653950953679 0.780653950953679 0.780653950953679 1 1 1 0.276 0.401 0.234 0.169 60000 196 0.8 1 0.8 0.6
0.607457059069962 0.588912886969042 0.601360544217687 0.601360544217687 6 3 1 1.146 0.761 0.189 0.175999999999999 60000 179 0.611962845455855 1 0.8 0.6
0.247606019151847 0.247606019151847 0.247606019151847 0.247606019151847 1 1 1 0.162 0.176 0.123 0.122999999999999 60000 190 0.2 1 0.8 0.6
0.304644808743169 0.304644808743169 0.304644808743169 0.304644808743169 1 1 1 0.176 0.187 0.133999999999999 0.129 60000 176 0.2 0 0.8 0.6
0.797260273972603 0.797260273972603 0.797260273972603 0.797260273972603 1 1 1 0.245 0.177 0.134 0.146 60000 177 0.8 1 0.8 0.6
0.313376987839102 0.313376987839102 0.328337874659401 0.328337874659401 2 2 1 0.350000000000001 0.283 0.196 0.22 60000 181 0.2 0 0.8 0.6
0.799727520435967 0.799727520435967 0.799727520435967 0.799727520435967 1 1 1 0.21 0.262 0.221 0.203 60000 182 0.8 1 0.8 0.6
0.321083172147002 0.321083172147002 0.326975476839237 0.326975476839237 2 2 1 0.342000000000001 0.295999999999999 0.131 0.137 60000 193 0.37738270570524 1 0.8 0.6
0.783378746594005 0.783378746594005 0.783378746594005 0.783378746594005 1 1 1 0.183 0.177 0.15 0.131 60000 195 0.8 1 0.8 0.6
0.376766091051805 0.397114654517844 0.403819918144611 0.403819918144611 5 3 1 1.085 0.52 0.209 0.216 60000 196 0.46 1 0.8 0.6
0.802182810368349 0.802182810368349 0.802182810368349 0.802182810368349 1 1 1 0.347 0.374 0.185 0.132 60000 191 0.8 1 0.8 0.6
0.603779840848806 0.577809798270893 0.578231292517007 0.578231292517007 8 3 1 1.695 0.354 0.113 0.11 60000 182 0.516560428682715 1 0.8 0.6
0.554243902439024 0.372906045156591 0.360655737704918 0.360655737704918 30 3 1 4.644 0.354999999999999 0.154999999999999 0.134 60000 182 0.2 0 0.8 0.6
0.311827956989247 0.311827956989247 0.322404371584699 0.322404371584699 2 2 1 0.36 0.295999999999999 0.156000000000001 0.219 60000 194 0.46 1 0.8 0.6
0.279672578444748 0.279672578444748 0.279672578444748 0.279672578444748 1 1 1 0.32 0.17 0.117 0.113 60000 185 0.2 0 0.8 0.6
0.784447476125512 0.784447476125512 0.784447476125512 0.784447476125512 1 1 1 0.503 0.495999999999999 0.296999999999999 0.263 60000 202 0.8 1 0.8 0.6
0.544658961854499 0.383408071748879 0.364256480218281 0.364256480218281 46 3 1 5.951 0.413 0.119 0.123999999999999 60000 189 0.2 0 0.8 0.6
0.559158945117605 0.392319277108434 0.378231292517007 0.378231292517007 26 3 1 4.017 0.378 0.127000000000001 0.129 60000 194 0.2 0 0.8 0.6
0.349486049926579 0.349486049926579 0.383673469387755 0.383673469387755 3 3 1 0.617999999999999 0.783 0.169 0.123 60000 187 0.46 1 0.8 0.6
0.298221614227086 0.298221614227086 0.298221614227086 0.298221614227086 1 1 1 0.18 0.182 0.132 0.146 60000 188 0.259208066593856 0 0.8 0.6
0.331721470019342 0.331721470019342 0.334699453551913 0.334699453551913 2 2 1 0.323 0.249000000000001 0.119000000000001 0.122 60000 190 0.370465952642262 0 0.8 0.6
0.365315852205006 0.379259259259259 0.403005464480874 0.403005464480874 4 3 1 0.874000000000001 0.695 0.228 0.167 60000 187 0.46 0 0.8 0.6
0.343703703703704 0.343703703703704 0.366120218579235 0.366120218579235 3 3 1 0.5 0.425 0.137 0.136 60000 188 0.46 1 0.8 0.6
0.674242424242424 0.674242424242424 0.686221009549795 0.686221009549795 2 2 1 0.352 0.3 0.135000000000001 0.133999999999999 60000 179 0.8 0 0.8 0.6
0.382581648522551 0.413403614457831 0.448228882833787 0.448228882833787 7 3 1 1.231 0.626 0.198 0.135999999999999 60000 191 0.46 0 0.8 0.6
0.287465940054496 0.287465940054496 0.287465940054496 0.287465940054496 1 1 1 0.163 0.163 0.132000000000001 0.123 60000 187 0.2 0 0.8 0.6
0.368580060422961 0.392386530014641 0.422131147540984 0.422131147540984 5 3 1 1.113 0.503 0.220000000000001 0.204 60000 187 0.46 1 0.8 0.6
0.272229822161423 0.272229822161423 0.272229822161423 0.272229822161423 1 1 1 0.194 0.191000000000001 0.14 0.128 60000 187 0.2 0 0.8 0.6
0.570035598204612 0.446808510638298 0.430517711171662 0.430517711171662 20 3 1 4.132 0.834999999999999 0.183 0.163 60000 197 0.2 0 0.8 0.6
0.331384015594542 0.331384015594542 0.34924965893588 0.34924965893588 2 2 1 0.59 0.471 0.165999999999999 0.155 60000 194 0.46 1 0.8 0.6
0.804644808743169 0.804644808743169 0.804644808743169 0.804644808743169 1 1 1 0.179 0.18 0.131 0.138 60000 195 0.8 1 0.8 0.6
0.397821187077385 0.368075801749271 0.355191256830601 0.355191256830601 7 3 1 0.984 0.372 0.144 0.223 60000 184 0.2 0 0.8 0.6
0.574936659520561 0.578512396694215 0.583106267029973 0.583106267029973 15 3 1 2.189 0.675 0.24 0.181999999999999 60000 189 0.592272107861936 0 0.8 0.6
0.23013698630137 0.23013698630137 0.23013698630137 0.23013698630137 1 1 1 0.288 0.19 0.169 0.215 60000 181 0.2 0 0.8 0.6
0.317445185891325 0.317445185891325 0.317808219178082 0.317808219178082 2 2 1 0.458 0.569 0.193000000000001 0.169 60000 184 0.263080846024677 1 0.8 0.6
0.29331514324693 0.29331514324693 0.29331514324693 0.29331514324693 1 1 1 0.171 0.168 0.125 0.123 60000 179 0.2 0 0.8 0.6
0.269125683060109 0.269125683060109 0.269125683060109 0.269125683060109 1 1 1 0.179 0.182 0.133 0.143 60000 185 0.256755509385839 0 0.8 0.6
0.292349726775956 0.292349726775956 0.292349726775956 0.292349726775956 1 1 1 0.174 0.176 0.129 0.128 60000 198 0.242093102419749 1 0.8 0.6
0.352769679300292 0.352769679300292 0.358799454297408 0.358799454297408 3 3 1 0.566 0.547999999999999 0.135000000000001 0.202999999999999 60000 182 0.46 0 0.8 0.6
0.795361527967258 0.795361527967258 0.795361527967258 0.795361527967258 1 1 1 0.318 0.231999999999999 0.124000000000001 0.123 60000 179 0.8 1 0.8 0.6
0.585456344298788 0.55109765329296 0.55449591280654 0.55449591280654 12 3 1 2.067 0.416 0.137 0.128 60000 196 0.304473039135337 0 0.8 0.6
0.750681198910082 0.750681198910082 0.750681198910082 0.750681198910082 1 1 1 0.393000000000001 0.351000000000001 0.334 0.399000000000001 60000 183 0.8 1 0.8 0.6
0.819047619047619 0.819047619047619 0.819047619047619 0.819047619047619 1 1 1 0.181 0.185 0.134 0.143999999999999 60000 189 0.8 1 0.8 0.6
0.8 0.8 0.8 0.8 1 1 1 0.18 0.181 0.134 0.146 60000 183 0.8 1 0.8 0.6
0.301602262016965 0.301602262016965 0.325581395348837 0.325581395348837 2 2 1 0.502000000000001 0.408 0.134 0.135 60000 178 0.46 1 0.8 0.6
0.322490706319703 0.322490706319703 0.349659863945578 0.349659863945578 2 2 1 0.625 0.281 0.131 0.146 60000 177 0.46 0 0.8 0.6
0.574294795391339 0.538863976083707 0.527322404371585 0.527322404371585 15 3 1 4.368 0.888 0.289000000000001 0.314 60000 193 0.420651181973517 1 0.8 0.6
0.779452054794521 0.779452054794521 0.779452054794521 0.779452054794521 1 1 1 0.177 0.179 0.13 0.142 60000 188 0.8 1 0.8 0.6
0.319311663479924 0.319311663479924 0.328785811732606 0.328785811732606 2 2 1 0.75 0.601999999999999 0.281000000000001 0.279 60000 187 0.357846664842218 0 0.8 0.6
0.779452054794521 0.779452054794521 0.779452054794521 0.779452054794521 1 1 1 0.395 0.390000000000001 0.284000000000001 0.276999999999999 60000 183 0.8 1 0.8 0.6
0.384942084942085 0.399103139013453 0.413369713506139 0.413369713506139 7 3 1 2.178 0.918999999999999 0.309999999999999 0.289999999999999 60000 189 0.46 1 0.8 0.6
0.356743318831572 0.357196684250188 0.37431693989071 0.37431693989071 4 3 1 1.302 0.881 0.281000000000001 0.285 60000 194 0.46 0 0.8 0.6
0.256480218281037 0.256480218281037 0.256480218281037 0.256480218281037 1 1 1 0.272 0.145 0.101 0.0990000000000002 60000 193 0.2 0 0.8 0.6
0.782786885245902 0.782786885245902 0.782786885245902 0.782786885245902 1 1 1 0.19 0.176 0.132000000000001 0.132 60000 195 0.8 1 0.8 0.6
0.804644808743169 0.804644808743169 0.804644808743169 0.804644808743169 1 1 1 0.181 0.167 0.132000000000001 0.122 60000 180 0.8 1 0.8 0.6
0.36569416498994 0.38761974944731 0.425068119891008 0.425068119891008 5 3 1 0.751 0.452999999999999 0.223 0.213 60000 187 0.46 0 0.8 0.6
0.231923601637108 0.231923601637108 0.231923601637108 0.231923601637108 1 1 1 0.323 0.195 0.135999999999999 0.13 60000 190 0.2 0 0.8 0.6
0.33203125 0.33203125 0.35558583106267 0.35558583106267 2 2 1 0.339 0.295 0.127 0.13 60000 194 0.351143998438492 0 0.8 0.6
0.547830218561926 0.437591776798825 0.416893732970027 0.416893732970027 38 3 1 5.307 0.440999999999999 0.135 0.143000000000001 60000 186 0.2 0 0.8 0.6
0.837653478854025 0.837653478854025 0.837653478854025 0.837653478854025 1 1 1 0.155 0.154000000000001 0.133 0.131 60000 181 0.8 1 0.8 0.6
0.330152671755725 0.330152671755725 0.35743519781719 0.35743519781719 2 2 1 0.305 0.243 0.113 0.113 60000 185 0.46 1 0.8 0.6
0.296043656207367 0.296043656207367 0.296043656207367 0.296043656207367 1 1 1 0.162 0.159 0.133 0.121 60000 197 0.2 1 0.8 0.6
0.699453551912568 0.699453551912568 0.699453551912568 0.699453551912568 1 1 1 0.334000000000001 0.390000000000001 0.193000000000001 0.164000000000001 60000 195 0.8 1 0.8 0.6
0.271487039563438 0.271487039563438 0.271487039563438 0.271487039563438 1 1 1 0.174 0.178 0.131 0.138 60000 188 0.2 0 0.8 0.6
0.352416356877323 0.352416356877323 0.368852459016393 0.368852459016393 3 3 1 0.478000000000001 0.556999999999999 0.215000000000001 0.167999999999999 60000 191 0.46 0 0.8 0.6
0.272479564032698 0.272479564032698 0.272479564032698 0.272479564032698 1 1 1 0.395 0.385 0.283999999999999 0.279999999999999 60000 192 0.2 0 0.8 0.6
0.780054644808743 0.780054644808743 0.780054644808743 0.780054644808743 1 1 1 0.264 0.19 0.134 0.156 60000 190 0.8 1 0.8 0.6
0.558993710691824 0.475742215785663 0.44672131147541 0.44672131147541 23 3 1 3.835 0.627000000000001 0.125999999999999 0.149000000000001 60000 182 0.2 1 0.8 0.6
0.779149519890261 0.779149519890261 0.779149519890261 0.779149519890261 1 1 1 0.390000000000001 0.395999999999999 0.288 0.282 60000 186 0.8 1 0.8 0.6
0.312796208530806 0.312796208530806 0.325136612021858 0.325136612021858 2 2 1 0.314000000000001 0.278 0.18 0.225 60000 184 0.23861156755127 1 0.8 0.6
0.791836734693877 0.791836734693877 0.791836734693877 0.791836734693877 1 1 1 0.173 0.19 0.206 0.239 60000 189 0.8 1 0.8 0.6
0.547299799985184 0.392911010558069 0.394270122783083 0.394270122783083 42 3 1 13.599 0.939 0.306000000000001 0.361000000000001 60000 192 0.2 0 0.8 0.6
0.558840250142126 0.392624728850325 0.395918367346939 0.395918367346939 26 3 1 7.553 0.911000000000001 0.294 0.286000000000001 60000 185 0.2 0 0.8 0.6
0.784741144414169 0.784741144414169 0.784741144414169 0.784741144414169 1 1 1 0.286 0.236 0.124000000000001 0.135 60000 190 0.8 1 0.8 0.6
0.283378746594005 0.283378746594005 0.283378746594005 0.283378746594005 1 1 1 0.391 0.277 0.115 0.0990000000000002 60000 192 0.2 1 0.8 0.6
0.26775956284153 0.26775956284153 0.26775956284153 0.26775956284153 1 1 1 0.197 0.184 0.13 0.127 60000 178 0.2 0 0.8 0.6
0.335216572504708 0.335216572504708 0.329700272479564 0.329700272479564 2 2 1 0.325 0.355 0.205 0.204000000000001 60000 179 0.46 1 0.8 0.6
0.786394557823129 0.786394557823129 0.786394557823129 0.786394557823129 1 1 1 0.159 0.15 0.108 0.107 60000 183 0.8 0 0.8 0.6
0.348233597692862 0.348233597692862 0.35149863760218 0.35149863760218 3 3 1 0.417 0.372 0.131 0.17 60000 181 0.46 0 0.8 0.6
0.782489740082079 0.782489740082079 0.782489740082079 0.782489740082079 1 1 1 0.174 0.186 0.174 0.226 60000 185 0.8 1 0.8 0.6
0.79700272479564 0.79700272479564 0.79700272479564 0.79700272479564 1 1 1 0.346 0.379 0.172 0.127000000000001 60000 183 0.8 1 0.8 0.6
0.316841103710752 0.316841103710752 0.316576086956522 0.316576086956522 2 2 1 0.736000000000001 0.593999999999999 0.274999999999999 0.282 60000 187 0.451271581714973 0 0.8 0.6
0.336862367661213 0.336862367661213 0.339237057220708 0.339237057220708 2 2 1 0.747999999999999 0.604000000000001 0.282 0.288 60000 190 0.2 0 0.8 0.6
0.720327421555252 0.720327421555252 0.720327421555252 0.720327421555252 1 1 1 0.27 0.294 0.218 0.158 60000 182 0.8 0 0.8 0.6
0.30327868852459 0.30327868852459 0.30327868852459 0.30327868852459 1 1 1 0.389 0.378 0.280000000000001 0.275 60000 196 0.2 0 0.8 0.6
0.764305177111717 0.764305177111717 0.764305177111717 0.764305177111717 1 1 1 0.128 0.139 0.093 0.0909999999999997 60000 187 0.8 1 0.8 0.6
0.568166776968895 0.53491720662347 0.530612244897959 0.530612244897959 17 3 1 3.075 0.374 0.182 0.238 60000 180 0.377510921936482 0 0.8 0.6
0.332386363636364 0.332386363636364 0.346575342465753 0.346575342465753 2 2 1 0.735 0.594000000000001 0.276 0.277000000000001 60000 186 0.46 1 0.8 0.6
0.357655502392345 0.365527488855869 0.385245901639344 0.385245901639344 4 3 1 0.645 0.755 0.17 0.149 60000 186 0.46 1 0.8 0.6
0.357558139534884 0.357558139534884 0.340599455040872 0.340599455040872 3 3 1 0.739 0.544 0.257000000000001 0.249000000000001 60000 185 0.2 0 0.8 0.6
0.337767923133777 0.337767923133777 0.356462585034014 0.356462585034014 3 3 1 0.45 0.395 0.122 0.121 60000 186 0.401839277073741 0 0.8 0.6
0.773224043715847 0.773224043715847 0.773224043715847 0.773224043715847 1 1 1 0.191 0.178 0.141 0.127 60000 201 0.8 0 0.8 0.6
0.366407650926479 0.358033749082905 0.34924965893588 0.34924965893588 4 3 1 0.562 0.695 0.237 0.178 60000 185 0.2 0 0.8 0.6
0.818306010928962 0.818306010928962 0.818306010928962 0.818306010928962 1 1 1 0.176 0.174 0.133 0.136 60000 192 0.8 1 0.8 0.6
0.775204359673024 0.775204359673024 0.775204359673024 0.775204359673024 1 1 1 0.393999999999999 0.387 0.283999999999999 0.278 60000 188 0.8 0 0.8 0.6
0.343675417661098 0.358098068350669 0.382513661202186 0.382513661202186 4 3 1 0.822 0.579000000000001 0.207999999999999 0.177 60000 186 0.46 0 0.8 0.6
0.326666666666667 0.326666666666667 0.336971350613915 0.336971350613915 2 2 1 0.752 0.605 0.282 0.281000000000001 60000 183 0.2 0 0.8 0.6
0.293715846994536 0.293715846994536 0.293715846994536 0.293715846994536 1 1 1 0.153 0.151 0.12 0.113 60000 193 0.2 0 0.8 0.6
0.345125786163522 0.345125786163522 0.341530054644809 0.341530054644809 3 3 1 0.503 0.374000000000001 0.114000000000001 0.122999999999999 60000 204 0.46 0 0.8 0.6
0.76986301369863 0.76986301369863 0.76986301369863 0.76986301369863 1 1 1 0.172000000000001 0.156 0.115 0.116 60000 188 0.8 0 0.8 0.6
0.352011494252874 0.352011494252874 0.339237057220708 0.339237057220708 3 3 1 0.518000000000001 0.396 0.106 0.104 60000 178 0.2 0 0.8 0.6
0.792119565217391 0.792119565217391 0.792119565217391 0.792119565217391 1 1 1 0.29 0.201 0.199 0.203 60000 189 0.8 1 0.8 0.6
0.277929155313351 0.277929155313351 0.277929155313351 0.277929155313351 1 1 1 0.327 0.269 0.206 0.213 60000 190 0.2 0 0.8 0.6
0.55837300765887 0.368258859784284 0.347469220246238 0.347469220246238 31 3 1 4.112 0.417000000000001 0.136 0.137 60000 200 0.2 0 0.8 0.6
0.369315342328836 0.374815905743741 0.38881309686221 0.38881309686221 5 3 1 0.751 0.771 0.177 0.121 60000 186 0.46 1 0.8 0.6
0.325692454632283 0.325692454632283 0.329234972677596 0.329234972677596 2 2 1 0.746 0.604999999999999 0.283000000000001 0.282 60000 186 0.46 1 0.8 0.6
0.245205479452055 0.245205479452055 0.245205479452055 0.245205479452055 1 1 1 0.171 0.189 0.136 0.125 60000 184 0.2 0 0.8 0.6
0.353969410050983 0.353969410050983 0.333787465940054 0.333787465940054 3 3 1 1.008 0.871 0.275 0.276 60000 185 0.2 0 0.8 0.6
0.287858117326057 0.287858117326057 0.287858117326057 0.287858117326057 1 1 1 0.153 0.149999999999999 0.114000000000001 0.133 60000 183 0.235194451427087 0 0.8 0.6
0.620707070707071 0.629711751662971 0.637107776261937 0.637107776261937 5 3 1 1.008 0.406 0.129 0.125999999999999 60000 188 0.727357991412282 1 0.8 0.6
0.300136425648022 0.300136425648022 0.300136425648022 0.300136425648022 1 1 1 0.388999999999999 0.386999999999999 0.280999999999999 0.274999999999999 60000 184 0.2 1 0.8 0.6
0.827868852459016 0.827868852459016 0.827868852459016 0.827868852459016 1 1 1 0.395 0.389999999999999 0.288 0.285 60000 184 0.8 1 0.8 0.6
0.821282401091405 0.821282401091405 0.821282401091405 0.821282401091405 1 1 1 0.221 0.247 0.217000000000001 0.209000000000001 60000 185 0.8 1 0.8 0.6
0.810626702997275 0.810626702997275 0.810626702997275 0.810626702997275 1 1 1 0.351 0.367 0.177 0.137 60000 188 0.8 1 0.8 0.6
0.716234652114598 0.716234652114598 0.716234652114598 0.716234652114598 1 1 1 0.171 0.162 0.121 0.118 60000 186 0.8 1 0.8 0.6
0.685660018993352 0.685660018993352 0.689373297002725 0.689373297002725 2 2 1 0.297 0.313 0.239 0.274 60000 184 0.8 1 0.8 0.6
0.242837653478854 0.242837653478854 0.242837653478854 0.242837653478854 1 1 1 0.396 0.387 0.288 0.283000000000001 60000 188 0.2 0 0.8 0.6
0.297959183673469 0.297959183673469 0.297959183673469 0.297959183673469 1 1 1 0.387 0.387 0.279 0.276 60000 187 0.263104404807091 0 0.8 0.6
0.329881656804734 0.329881656804734 0.339237057220708 0.339237057220708 3 3 1 1.038 0.901999999999999 0.284000000000001 0.285 60000 188 0.46 0 0.8 0.6
0.300546448087432 0.300546448087432 0.300546448087432 0.300546448087432 1 1 1 0.217000000000001 0.335 0.274 0.245 60000 197 0.2 0 0.8 0.6
0.765027322404372 0.765027322404372 0.765027322404372 0.765027322404372 1 1 1 0.245 0.223 0.21 0.198 60000 186 0.8 0 0.8 0.6
0.344126506024096 0.344126506024096 0.363760217983651 0.363760217983651 3 3 1 1.039 1.249 0.962 0.282 60000 195 0.46 1 0.8 0.6
0.561613144137416 0.504366812227074 0.491156462585034 0.491156462585034 23 3 1 6.795 0.914999999999999 0.297000000000001 0.295000000000002 60000 180 0.482007848937064 1 0.8 0.6
0.551126516464471 0.408753709198813 0.430517711171662 0.430517711171662 37 3 1 7.832 0.767999999999999 0.138 0.140000000000001 60000 189 0.2 0 0.8 0.6
0.336589030803907 0.336589030803907 0.360655737704918 0.360655737704918 3 3 1 0.451000000000001 0.404 0.104 0.104 60000 192 0.46 1 0.8 0.6
0.798365122615804 0.798365122615804 0.798365122615804 0.798365122615804 1 1 1 0.166 0.167 0.124 0.126 60000 183 0.8 1 0.8 0.6
0.310047846889952 0.310047846889952 0.316076294277929 0.316076294277929 2 2 1 0.561 0.392 0.194 0.21 60000 189 0.349664740329608 0 0.8 0.6
0.758855585831063 0.758855585831063 0.758855585831063 0.758855585831063 1 1 1 0.383999999999999 0.377000000000001 0.278 0.280000000000001 60000 186 0.8 1 0.8 0.6
0.283765347885402 0.283765347885402 0.283765347885402 0.283765347885402 1 1 1 0.208 0.312 0.22 0.18 60000 181 0.270818631462753 1 0.8 0.6
0.332391713747646 0.332391713747646 0.330150068212824 0.330150068212824 2 2 1 0.388999999999999 0.445 0.186999999999999 0.140000000000001 60000 178 0.2 0 0.8 0.6
0.25718194254446 0.25718194254446 0.25718194254446 0.25718194254446 1 1 1 0.135 0.126 0.0880000000000001 0.0860000000000003 60000 184 0.2 0 0.8 0.6
0.561626281453868 0.438314176245211 0.434604904632153 0.434604904632153 27 3 1 5.439 0.754000000000001 0.163 0.221 60000 197 0.2 0 0.8 0.6
0.277929155313351 0.277929155313351 0.277929155313351 0.277929155313351 1 1 1 0.385000000000001 0.373000000000001 0.279 0.275 60000 195 0.2 0 0.8 0.6
0.301034807149577 0.301034807149577 0.307901907356948 0.307901907356948 2 2 1 0.576 0.341 0.159 0.207000000000001 60000 182 0.2 0 0.8 0.6
0.795081967213115 0.795081967213115 0.795081967213115 0.795081967213115 1 1 1 0.399 0.388 0.293000000000001 0.282 60000 184 0.8 0 0.8 0.6
0.750681198910082 0.750681198910082 0.750681198910082 0.750681198910082 1 1 1 0.395 0.388 0.286000000000001 0.282999999999999 60000 183 0.8 1 0.8 0.6
0.80437756497948 0.80437756497948 0.80437756497948 0.80437756497948 1 1 1 0.393000000000001 0.382999999999999 0.286999999999999 0.283000000000001 60000 193 0.8 1 0.8 0.6
0.273972602739726 0.273972602739726 0.273972602739726 0.273972602739726 1 1 1 0.362 0.242999999999999 0.175000000000001 0.209 60000 189 0.2 0 0.8 0.6
0.79041095890411 0.79041095890411 0.79041095890411 0.79041095890411 1 1 1 0.301 0.211 0.166 0.207999999999999 60000 191 0.8 1 0.8 0.6
0.793197278911565 0.793197278911565 0.793197278911565 0.793197278911565 1 1 1 0.296 0.266 0.178 0.237 60000 189 0.8 0 0.8 0.6
0.324191968658178 0.324191968658178 0.336971350613915 0.336971350613915 2 2 1 0.462 0.35 0.267 0.256 60000 197 0.2 0 0.8 0.6
0.330791229742612 0.330791229742612 0.334242837653479 0.334242837653479 2 2 1 0.269 0.205 0.1 0.104 60000 189 0.2 0 0.8 0.6
0.372119815668203 0.382269503546099 0.407608695652174 0.407608695652174 4 3 1 1.268 0.847 0.269 0.275 60000 177 0.46 0 0.8 0.6
0.288251366120219 0.288251366120219 0.288251366120219 0.288251366120219 1 1 1 0.363 0.364999999999999 0.17 0.146000000000001 60000 177 0.2 0 0.8 0.6
0.299727520435967 0.299727520435967 0.299727520435967 0.299727520435967 1 1 1 0.234 0.284999999999999 0.215 0.159 60000 178 0.309685231111944 1 0.8 0.6
0.742857142857143 0.742857142857143 0.742857142857143 0.742857142857143 1 1 1 0.264 0.21 0.198 0.208 60000 196 0.8 1 0.8 0.6
0.347800237812128 0.358504398826979 0.362517099863201 0.362517099863201 4 3 1 0.827 0.526 0.177 0.215 60000 184 0.46 0 0.8 0.6
0.318575553416747 0.318575553416747 0.333333333333333 0.333333333333333 2 2 1 0.705 0.341 0.212000000000001 0.202999999999999 60000 197 0.46 0 0.8 0.6
0.350453172205438 0.362957430918596 0.368852459016393 0.368852459016393 4 3 1 1.237 0.839 0.264999999999999 0.265000000000001 60000 189 0.46 1 0.8 0.6
0.562812711291413 0.448934606906686 0.442779291553134 0.442779291553134 22 3 1 6.099 0.864000000000001 0.270999999999999 0.277000000000001 60000 187 0.2 0 0.8 0.6
0.335545722713864 0.335545722713864 0.33879781420765 0.33879781420765 3 3 1 1.538 1.156 0.372 0.358000000000001 60000 186 0.408409093059599 1 0.8 0.6
0.545835785756327 0.381568926123382 0.363760217983651 0.363760217983651 43 3 1 11.712 0.858000000000001 0.318999999999999 0.259 60000 195 0.2 0 0.8 0.6
0.761904761904762 0.761904761904762 0.761904761904762 0.761904761904762 1 1 1 0.382999999999999 0.365 0.273999999999999 0.268000000000001 60000 184 0.8 1 0.8 0.6
0.796448087431694 0.796448087431694 0.796448087431694 0.796448087431694 1 1 1 0.203 0.145 0.105 0.108000000000001 60000 192 0.8 1 0.8 0.6
0.795640326975477 0.795640326975477 0.795640326975477 0.795640326975477 1 1 1 0.627000000000001 0.536 0.414999999999999 0.368 60000 178 0.8 0 0.8 0.6
0.311284046692607 0.311284046692607 0.320652173913043 0.320652173913043 2 2 1 0.421 0.443000000000001 0.205 0.161 60000 195 0.333300022007897 0 0.8 0.6
0.305593451568895 0.305593451568895 0.305593451568895 0.305593451568895 1 1 1 0.34 0.306 0.225 0.218999999999999 60000 195 0.2 0 0.8 0.6
0.605190311418685 0.559372666168783 0.555403556771546 0.555403556771546 8 3 1 2.017 0.764000000000001 0.234999999999999 0.234 60000 190 0.518298938777298 1 0.8 0.6
