0.684596577017115 0.684596577017115 0.73469387755102 0.73469387755102 6 6 1 0.332 0.307 0.0800000000000001 0.0459999999999998 60000 523 0.8 1 0.8 0.5
0.210084033613445 0.210084033613445 0.216326530612245 0.216326530612245 2 2 1 0.145 0.132 0.052 0.052 60000 531 0.2 0 0.8 0.5
0.259414225941423 0.259414225941423 0.229508196721311 0.229508196721311 3 3 1 0.189 0.238 0.0790000000000002 0.112 60000 514 0.2 1 0.8 0.5
0.223140495867769 0.223140495867769 0.257142857142857 0.257142857142857 2 2 1 0.31 0.293 0.0990000000000002 0.129 60000 504 0.2 0 0.8 0.5
0.247311827956989 0.247311827956989 0.257142857142857 0.257142857142857 3 3 1 0.425 0.241 0.0659999999999998 0.0990000000000002 60000 534 0.2 0 0.8 0.5
0.328022492970947 0.328022492970947 0.352459016393443 0.352459016393443 8 8 1 0.725 0.723 0.0529999999999999 0.0499999999999998 60000 507 0.46 0 0.8 0.5
0.256842105263158 0.256842105263158 0.295081967213115 0.295081967213115 3 3 1 0.174 0.154 0.046 0.046 60000 507 0.2 0 0.8 0.5
0.57260321903429 0.440333024976873 0.424489795918367 0.424489795918367 47 8 1 3.263 0.591 0.104 0.0800000000000001 60000 504 0.2 1 0.8 0.5
0.776371308016878 0.776371308016878 0.746938775510204 0.746938775510204 3 3 1 0.333 0.313 0.0859999999999999 0.0569999999999999 60000 522 0.8 1 0.8 0.5
0.217270194986072 0.217270194986072 0.208163265306122 0.208163265306122 2 2 1 0.126 0.0939999999999999 0.0410000000000001 0.0410000000000001 60000 523 0.2 0 0.8 0.5
0.299583911234397 0.299583911234397 0.277551020408163 0.277551020408163 5 5 1 0.378 0.292 0.0529999999999999 0.0529999999999999 60000 507 0.317451851041988 1 0.8 0.5
0.351580570547417 0.364063969896519 0.387755102040816 0.387755102040816 10 8 1 0.915 0.415 0.0509999999999997 0.0510000000000002 60000 510 0.46 0 0.8 0.5
0.662024141132776 0.662024141132776 0.689795918367347 0.689795918367347 8 8 1 0.456 0.455 0.0529999999999999 0.0490000000000004 60000 506 0.751469907723367 1 0.8 0.5
0.303860523038605 0.303860523038605 0.352459016393443 0.352459016393443 6 6 1 0.341 0.359 0.175 0.0819999999999999 60000 531 0.421542323958128 0 0.8 0.5
0.796033994334278 0.796033994334278 0.790983606557377 0.790983606557377 2 2 1 0.285 0.169 0.0670000000000002 0.0580000000000003 60000 537 0.8 1 0.8 0.5
0.346382978723404 0.347288296860133 0.346938775510204 0.346938775510204 9 8 1 0.805 0.518 0.0489999999999999 0.0530000000000004 60000 517 0.386715040002018 0 0.8 0.5
0.811267605633803 0.811267605633803 0.815573770491803 0.815573770491803 2 2 1 0.146 0.143 0.0590000000000002 0.0579999999999998 60000 518 0.8 1 0.8 0.5
0.582958579881657 0.52561669829222 0.493877551020408 0.493877551020408 35 8 1 2.251 0.485 0.0509999999999993 0.0540000000000003 60000 512 0.382298319973052 0 0.8 0.5
0.263843648208469 0.263843648208469 0.273469387755102 0.273469387755102 4 4 1 0.236 0.199 0.0500000000000003 0.0579999999999998 60000 497 0.2 0 0.8 0.5
0.203296703296703 0.203296703296703 0.171428571428571 0.171428571428571 2 2 1 0.146 0.133 0.0600000000000001 0.056 60000 510 0.2 1 0.8 0.5
0.324561403508772 0.324561403508772 0.359183673469388 0.359183673469388 7 7 1 0.358 0.359 0.0449999999999999 0.0470000000000002 60000 533 0.46 1 0.8 0.5
0.205555555555556 0.205555555555556 0.175510204081633 0.175510204081633 2 2 1 0.325 0.168 0.0579999999999998 0.0529999999999999 60000 520 0.2 0 0.8 0.5
0.230612244897959 0.230612244897959 0.253061224489796 0.253061224489796 3 3 1 0.422 0.206 0.052 0.052 60000 494 0.2 0 0.8 0.5
0.283475783475783 0.283475783475783 0.314285714285714 0.314285714285714 5 5 1 0.645 0.418 0.0539999999999998 0.0530000000000004 60000 520 0.2 1 0.8 0.5
0.569267789618426 0.544292237442922 0.514285714285714 0.514285714285714 47 8 1 3.382 0.721 0.0540000000000003 0.0490000000000004 60000 495 0.492848819494248 0 0.8 0.5
0.326722338204593 0.326722338204593 0.338775510204082 0.338775510204082 7 7 1 0.459 0.722 0.0550000000000002 0.0529999999999999 60000 506 0.35762068528682 1 0.8 0.5
0.787709497206704 0.787709497206704 0.808163265306122 0.808163265306122 2 2 1 0.204 0.12 0.0559999999999996 0.0510000000000002 60000 520 0.8 1 0.8 0.5
0.337993421052632 0.345622119815668 0.4 0.4 9 8 1 0.78 0.541 0.0510000000000002 0.0539999999999998 60000 496 0.46 0 0.8 0.5
0.236286919831224 0.236286919831224 0.216326530612245 0.216326530612245 3 3 1 0.213 0.335 0.108 0.085 60000 524 0.2 0 0.8 0.5
0.202216066481994 0.202216066481994 0.195918367346939 0.195918367346939 2 2 1 0.202 0.147 0.0980000000000003 0.0839999999999996 60000 515 0.2 0 0.8 0.5
0.256728778467909 0.256728778467909 0.281632653061224 0.281632653061224 3 3 1 0.195 0.241 0.081 0.115 60000 501 0.2 0 0.8 0.5
0.288732394366197 0.288732394366197 0.273469387755102 0.273469387755102 5 5 1 0.498 0.375 0.131 0.133 60000 512 0.2 1 0.8 0.5
0.792817679558011 0.792817679558011 0.804081632653061 0.804081632653061 2 2 1 0.143 0.115 0.05 0.0509999999999999 60000 516 0.8 1 0.8 0.5
0.330819981149859 0.330819981149859 0.338775510204082 0.338775510204082 8 8 1 0.838 0.797 0.0609999999999999 0.0609999999999999 60000 515 0.46 0 0.8 0.5
0.840816326530612 0.840816326530612 0.840816326530612 0.840816326530612 1 1 1 0.103 0.0760000000000001 0.0589999999999997 0.0590000000000002 60000 511 0.8 1 0.8 0.5
0.3828125 0.41779497098646 0.453061224489796 0.453061224489796 18 8 1 1.158 0.736 0.0590000000000002 0.0619999999999994 60000 527 0.46 0 0.8 0.5
0.557902230659706 0.373937677053824 0.302040816326531 0.302040816326531 71 8 1 5.045 0.879 0.0810000000000004 0.0700000000000003 60000 513 0.2 1 0.8 0.5
0.350809560524287 0.356873822975518 0.43265306122449 0.43265306122449 10 8 1 0.592 0.49 0.0540000000000003 0.0539999999999998 60000 512 0.46 0 0.8 0.5
0.550973758800402 0.402224281742354 0.277551020408163 0.277551020408163 91 8 1 6.872 0.460000000000001 0.0540000000000003 0.052999999999999 60000 505 0.2 1 0.8 0.5
0.31 0.31 0.359183673469388 0.359183673469388 6 6 1 0.355 0.359 0.0859999999999999 0.0960000000000001 60000 534 0.345628578560427 1 0.8 0.5
0.796657381615599 0.796657381615599 0.8 0.8 2 2 1 0.226 0.134 0.0649999999999999 0.0680000000000001 60000 520 0.8 1 0.8 0.5
0.364749082007344 0.397350993377483 0.381147540983607 0.381147540983607 13 8 1 0.743 0.777 0.052 0.0569999999999999 60000 514 0.46 0 0.8 0.5
0.37335439705108 0.380017841213202 0.4 0.4 16 9 1 1.476 0.889 0.0759999999999996 0.102 60000 540 0.46 1 0.8 0.5
0.287769784172662 0.287769784172662 0.322448979591837 0.322448979591837 5 5 1 0.509 0.432 0.0819999999999999 0.104 60000 532 0.2 0 0.8 0.5
0.382213812677389 0.411374407582938 0.438524590163934 0.438524590163934 17 8 1 1.274 0.43 0.0489999999999999 0.052 60000 514 0.46 1 0.8 0.5
0.550488897011788 0.35626767200754 0.302040816326531 0.302040816326531 92 8 1 6.04 0.441999999999999 0.048 0.0519999999999996 60000 510 0.2 0 0.8 0.5
0.787535410764873 0.787535410764873 0.783673469387755 0.783673469387755 2 2 1 0.25 0.118 0.0529999999999999 0.0540000000000003 60000 544 0.8 0 0.8 0.5
0.787709497206704 0.787709497206704 0.8 0.8 2 2 1 0.144 0.119 0.0489999999999999 0.0569999999999999 60000 521 0.8 0 0.8 0.5
0.684434968017058 0.684434968017058 0.636734693877551 0.636734693877551 7 7 1 0.414 0.443 0.0539999999999998 0.0529999999999999 60000 517 0.790124901011586 0 0.8 0.5
0.760775862068966 0.760775862068966 0.779591836734694 0.779591836734694 3 3 1 0.406 0.406 0.113 0.111 60000 537 0.8 1 0.8 0.5
0.288159771754636 0.288159771754636 0.281632653061224 0.281632653061224 5 5 1 0.583 0.535 0.0540000000000003 0.0529999999999999 60000 519 0.241274444265291 0 0.8 0.5
0.812154696132597 0.812154696132597 0.812244897959184 0.812244897959184 2 2 1 0.144 0.114 0.05 0.05 60000 523 0.8 1 0.8 0.5
0.311084624553039 0.311084624553039 0.314285714285714 0.314285714285714 6 6 1 0.611 0.402 0.173 0.114 60000 504 0.24019345773384 1 0.8 0.5
0.308243727598566 0.308243727598566 0.359183673469388 0.359183673469388 6 6 1 0.403 0.689 0.143 0.0670000000000002 60000 501 0.46 1 0.8 0.5
0.368538076709283 0.391666666666667 0.412244897959184 0.412244897959184 14 8 1 1.256 0.864 0.0540000000000003 0.0509999999999997 60000 501 0.46 0 0.8 0.5
0.751565762004175 0.751565762004175 0.741803278688525 0.741803278688525 3 3 1 0.316 0.175 0.052 0.0530000000000004 60000 511 0.8 1 0.8 0.5
0.787465940054496 0.787465940054496 0.8 0.8 2 2 1 0.147 0.104 0.0470000000000002 0.0469999999999997 60000 495 0.8 1 0.8 0.5
0.242105263157895 0.242105263157895 0.26530612244898 0.26530612244898 3 3 1 0.203 0.165 0.0499999999999998 0.048 60000 526 0.2 0 0.8 0.5
0.292151162790698 0.292151162790698 0.297959183673469 0.297959183673469 5 5 1 0.322 0.319 0.103 0.108 60000 532 0.356023846352473 0 0.8 0.5
0.276450511945392 0.276450511945392 0.257142857142857 0.257142857142857 4 4 1 0.224 0.215 0.0539999999999998 0.0590000000000002 60000 524 0.2 1 0.8 0.5
0.57467404188068 0.505882352941176 0.520491803278688 0.520491803278688 44 8 1 3.094 0.779 0.0670000000000002 0.0860000000000003 60000 535 0.404388919379562 0 0.8 0.5
0.791208791208791 0.791208791208791 0.791836734693877 0.791836734693877 2 2 1 0.147 0.117 0.0499999999999998 0.0500000000000003 60000 506 0.8 1 0.8 0.5
0.589855072463768 0.533589251439539 0.526530612244898 0.526530612244898 29 8 1 1.652 0.451 0.0539999999999998 0.0550000000000002 60000 522 0.354758627153933 0 0.8 0.5
0.267111853088481 0.267111853088481 0.285714285714286 0.285714285714286 4 4 1 0.272 0.431 0.123 0.12 60000 511 0.2 1 0.8 0.5
0.772043010752688 0.772043010752688 0.759183673469388 0.759183673469388 3 3 1 0.209 0.202 0.0569999999999999 0.056 60000 527 0.8 1 0.8 0.5
0.8125 0.8125 0.808163265306122 0.808163265306122 2 2 1 0.267 0.219 0.0910000000000002 0.0920000000000001 60000 557 0.8 1 0.8 0.5
0.560509554140127 0.386973180076628 0.331967213114754 0.331967213114754 67 8 1 3.828 0.465999999999999 0.0580000000000007 0.0579999999999998 60000 520 0.2 0 0.8 0.5
0.813698630136986 0.813698630136986 0.791836734693877 0.791836734693877 2 2 1 0.322 0.181 0.0529999999999999 0.0429999999999997 60000 498 0.8 1 0.8 0.5
0.221757322175732 0.221757322175732 0.212244897959184 0.212244897959184 3 3 1 0.227 0.174 0.052 0.056 60000 514 0.2 0 0.8 0.5
0.809264305177112 0.809264305177112 0.795918367346939 0.795918367346939 2 2 1 0.176 0.128 0.052 0.0509999999999997 60000 492 0.8 1 0.8 0.5
0.321637426900585 0.321637426900585 0.377049180327869 0.377049180327869 8 8 1 0.865 0.501 0.0529999999999999 0.0500000000000003 60000 535 0.454949443200603 1 0.8 0.5
0.36231884057971 0.364672364672365 0.395918367346939 0.395918367346939 12 8 1 0.743 0.72 0.081 0.069 60000 515 0.414072234015911 0 0.8 0.5
0.249457700650759 0.249457700650759 0.240816326530612 0.240816326530612 3 3 1 0.234 0.277 0.0829999999999997 0.0960000000000001 60000 537 0.2 0 0.8 0.5
0.267213114754098 0.267213114754098 0.244897959183673 0.244897959183673 4 4 1 0.346 0.238 0.0509999999999997 0.0529999999999999 60000 500 0.2 0 0.8 0.5
0.198347107438017 0.198347107438017 0.212244897959184 0.212244897959184 2 2 1 0.145 0.122 0.0529999999999999 0.0529999999999999 60000 513 0.2 0 0.8 0.5
0.235051546391753 0.235051546391753 0.248979591836735 0.248979591836735 3 3 1 0.274 0.32 0.0899999999999999 0.0880000000000001 60000 506 0.2 0 0.8 0.5
0.543871817992648 0.379501385041551 0.346938775510204 0.346938775510204 119 8 1 9.797 0.774999999999999 0.0709999999999997 0.0640000000000001 60000 499 0.2 1 0.8 0.5
0.785907859078591 0.785907859078591 0.791836734693877 0.791836734693877 2 2 1 0.14 0.112 0.0490000000000002 0.0489999999999999 60000 488 0.8 0 0.8 0.5
0.771488469601677 0.771488469601677 0.779591836734694 0.779591836734694 3 3 1 0.535 0.391 0.118 0.116000000000001 60000 523 0.8 0 0.8 0.5
0.356338028169014 0.379568884723524 0.420408163265306 0.420408163265306 11 8 1 0.65 0.484 0.0549999999999997 0.0550000000000002 60000 508 0.46 0 0.8 0.5
0.253807106598985 0.253807106598985 0.26530612244898 0.26530612244898 4 4 1 0.253 0.249 0.0589999999999997 0.0549999999999997 60000 516 0.2 0 0.8 0.5
0.78393351800554 0.78393351800554 0.779591836734694 0.779591836734694 2 2 1 0.322 0.249 0.124 0.081 60000 522 0.8 1 0.8 0.5
0.776617954070981 0.776617954070981 0.759183673469388 0.759183673469388 3 3 1 0.457 0.434 0.121 0.121 60000 508 0.8 1 0.8 0.5
0.72 0.72 0.73469387755102 0.73469387755102 4 4 1 0.286 0.23 0.0529999999999999 0.0510000000000002 60000 534 0.8 1 0.8 0.5
0.282303370786517 0.282303370786517 0.281632653061224 0.281632653061224 5 5 1 0.314 0.283 0.052 0.0529999999999999 60000 514 0.2 1 0.8 0.5
0.21875 0.21875 0.240816326530612 0.240816326530612 3 3 1 0.194 0.188 0.0529999999999999 0.052 60000 509 0.2 0 0.8 0.5
0.236514522821577 0.236514522821577 0.253061224489796 0.253061224489796 3 3 1 0.201 0.195 0.0569999999999999 0.0550000000000002 60000 502 0.2 0 0.8 0.5
0.332463011314186 0.341062801932367 0.359183673469388 0.359183673469388 9 8 1 0.539 0.49 0.0529999999999999 0.0550000000000002 60000 527 0.46 0 0.8 0.5
0.747126436781609 0.747126436781609 0.729508196721312 0.729508196721312 4 4 1 0.587 0.527 0.119 0.119 60000 500 0.8 0 0.8 0.5
0.801089918256131 0.801089918256131 0.808163265306122 0.808163265306122 2 2 1 0.346000000000001 0.305 0.122 0.122 60000 488 0.8 1 0.8 0.5
0.768267223382046 0.768267223382046 0.783673469387755 0.783673469387755 3 3 1 0.212 0.184 0.0529999999999999 0.0529999999999999 60000 512 0.8 1 0.8 0.5
0.372872048325096 0.377777777777778 0.420408163265306 0.420408163265306 15 8 1 1.994 0.975 0.12 0.119 60000 530 0.46 1 0.8 0.5
0.788888888888889 0.788888888888889 0.804081632653061 0.804081632653061 2 2 1 0.341 0.3 0.118 0.117 60000 510 0.8 1 0.8 0.5
0.34295415959253 0.345794392523364 0.385245901639344 0.385245901639344 9 8 1 0.534 0.483 0.0500000000000003 0.0539999999999998 60000 509 0.46 0 0.8 0.5
0.798898071625344 0.798898071625344 0.812244897959184 0.812244897959184 2 2 1 0.346 0.306999999999999 0.125 0.123 60000 515 0.8 1 0.8 0.5
0.383618695048589 0.409426987060998 0.395918367346939 0.395918367346939 17 8 1 1.521 0.386 0.0450000000000004 0.0460000000000003 60000 502 0.46 1 0.8 0.5
0.562378167641326 0.399438727782975 0.355102040816327 0.355102040816327 60 8 1 3.352 0.452999999999999 0.056 0.056 60000 509 0.2 1 0.8 0.5
0.347398030942335 0.360594795539033 0.359183673469388 0.359183673469388 11 8 1 1.51 1.055 0.119 0.119000000000001 60000 505 0.46 0 0.8 0.5
0.232409381663113 0.232409381663113 0.225409836065574 0.225409836065574 3 3 1 0.47 0.327 0.0600000000000001 0.0670000000000002 60000 520 0.2 0 0.8 0.5
0.23010752688172 0.23010752688172 0.191836734693878 0.191836734693878 3 3 1 0.367 0.205 0.0529999999999999 0.0529999999999999 60000 530 0.2 0 0.8 0.5
0.314285714285714 0.314285714285714 0.281632653061224 0.281632653061224 6 6 1 0.342 0.454 0.247 0.114 60000 502 0.287689007930458 0 0.8 0.5
0.622459349593496 0.607074569789675 0.612244897959184 0.612244897959184 16 8 1 1.727 0.669 0.0939999999999994 0.0860000000000003 60000 521 0.580681299231946 1 0.8 0.5
0.545757194643782 0.368828654404647 0.311475409836066 0.311475409836066 117 8 1 8.351 0.44 0.0489999999999995 0.052999999999999 60000 524 0.2 1 0.8 0.5
0.186111111111111 0.186111111111111 0.195918367346939 0.195918367346939 2 2 1 0.339 0.301 0.121 0.12 60000 525 0.2 0 0.8 0.5
0.324586977648202 0.324586977648202 0.395918367346939 0.395918367346939 8 8 1 0.472 0.482 0.0530000000000004 0.0499999999999998 60000 529 0.46 0 0.8 0.5
0.282312925170068 0.282312925170068 0.273469387755102 0.273469387755102 4 4 1 0.603 0.529 0.121 0.12 60000 517 0.2 0 0.8 0.5
0.201117318435754 0.201117318435754 0.187755102040816 0.187755102040816 2 2 1 0.133 0.107 0.0469999999999999 0.046 60000 531 0.2 0 0.8 0.5
0.587019867549669 0.5444340505145 0.518367346938776 0.518367346938776 31 8 1 2.192 0.518 0.0869999999999997 0.103 60000 509 0.411612361110747 0 0.8 0.5
0.381893382352941 0.404030710172745 0.416326530612245 0.416326530612245 18 8 1 1.324 0.449 0.0610000000000004 0.0629999999999997 60000 527 0.46 0 0.8 0.5
0.337238493723849 0.343575418994413 0.342857142857143 0.342857142857143 9 8 1 0.758 0.485 0.0470000000000002 0.0509999999999997 60000 502 0.46 1 0.8 0.5
0.78021978021978 0.78021978021978 0.783673469387755 0.783673469387755 2 2 1 0.154 0.124 0.0540000000000003 0.0539999999999998 60000 502 0.8 1 0.8 0.5
0.30239099859353 0.30239099859353 0.318367346938775 0.318367346938775 5 5 1 0.31 0.306 0.0539999999999998 0.0540000000000003 60000 512 0.2 0 0.8 0.5
0.577506318449874 0.467370441458733 0.36734693877551 0.36734693877551 40 8 1 2.608 0.62 0.0499999999999998 0.0499999999999998 60000 519 0.216453212685883 1 0.8 0.5
0.265866209262436 0.265866209262436 0.248979591836735 0.248979591836735 4 4 1 0.292 0.223 0.0500000000000003 0.0509999999999997 60000 521 0.2 1 0.8 0.5
0.805555555555556 0.805555555555556 0.790983606557377 0.790983606557377 2 2 1 0.154 0.12 0.052 0.052 60000 510 0.8 1 0.8 0.5
0.616444648598989 0.593301435406699 0.604081632653061 0.604081632653061 18 8 1 1.183 0.474 0.0909999999999997 0.125 60000 524 0.560249729920179 0 0.8 0.5
0.321756894790603 0.321756894790603 0.346938775510204 0.346938775510204 7 7 1 0.332 0.38 0.0519999999999996 0.0569999999999999 60000 493 0.355866213114932 0 0.8 0.5
0.672466734902764 0.672466734902764 0.677551020408163 0.677551020408163 7 7 1 0.592 0.75 0.0649999999999999 0.0649999999999999 60000 492 0.8 0 0.8 0.5
0.380952380952381 0.414680648236416 0.387755102040816 0.387755102040816 17 8 1 2.187 0.965 0.117 0.112 60000 518 0.46 1 0.8 0.5
0.806629834254144 0.806629834254144 0.8 0.8 2 2 1 0.241 0.212 0.0910000000000002 0.093 60000 515 0.8 0 0.8 0.5
0.801652892561983 0.801652892561983 0.791836734693877 0.791836734693877 2 2 1 0.35 0.305000000000001 0.121 0.122 60000 509 0.8 1 0.8 0.5
0.292413793103448 0.292413793103448 0.281632653061224 0.281632653061224 5 5 1 0.252 0.26 0.0550000000000002 0.0550000000000002 60000 503 0.237625770196319 0 0.8 0.5
0.560252913463923 0.388576779026217 0.338775510204082 0.338775510204082 67 8 1 4.444 0.776 0.0699999999999994 0.0969999999999995 60000 506 0.2 1 0.8 0.5
0.571688832209874 0.498148148148148 0.43265306122449 0.43265306122449 45 8 1 2.521 0.694 0.127 0.0990000000000002 60000 503 0.318394143972546 1 0.8 0.5
0.369047619047619 0.390197926484449 0.430327868852459 0.430327868852459 14 8 1 1.877 0.964 0.117 0.118 60000 513 0.46 0 0.8 0.5
0.796178343949045 0.796178343949045 0.804081632653061 0.804081632653061 3 3 1 0.258 0.151 0.0420000000000003 0.0419999999999998 60000 517 0.8 1 0.8 0.5
0.812324929971989 0.812324929971989 0.795918367346939 0.795918367346939 2 2 1 0.336 0.298 0.118 0.118 60000 531 0.8 1 0.8 0.5
0.794444444444444 0.794444444444444 0.815573770491803 0.815573770491803 2 2 1 0.17 0.122 0.052 0.052 60000 512 0.8 1 0.8 0.5
0.326839826839827 0.326839826839827 0.359183673469388 0.359183673469388 7 7 1 0.448 0.408 0.0600000000000001 0.0569999999999999 60000 520 0.41306188993156 1 0.8 0.5
0.86530612244898 0.86530612244898 0.86530612244898 0.86530612244898 1 1 1 0.22 0.155 0.124 0.138 60000 504 0.8 1 0.8 0.5
0.294765840220386 0.294765840220386 0.293877551020408 0.293877551020408 5 5 1 0.424 0.495 0.073 0.052 60000 496 0.2 0 0.8 0.5
0.834269662921348 0.834269662921348 0.828571428571429 0.828571428571429 2 2 1 0.34 0.301 0.12 0.119999999999999 60000 538 0.8 1 0.8 0.5
0.810055865921788 0.810055865921788 0.820408163265306 0.820408163265306 2 2 1 0.379 0.266 0.073 0.0659999999999998 60000 526 0.8 1 0.8 0.5
0.652713178294574 0.650853889943074 0.636734693877551 0.636734693877551 10 8 1 0.475 0.387 0.0390000000000001 0.0409999999999999 60000 514 0.749190851487219 1 0.8 0.5
0.550842799560278 0.368568755846586 0.26530612244898 0.26530612244898 91 8 1 6.558 0.433999999999999 0.0600000000000005 0.0500000000000007 60000 506 0.2 0 0.8 0.5
0.807065217391304 0.807065217391304 0.799180327868853 0.799180327868853 2 2 1 0.148 0.115 0.0499999999999998 0.0489999999999999 60000 492 0.8 1 0.8 0.5
0.56910708176531 0.456338028169014 0.391836734693878 0.391836734693878 49 8 1 3.498 0.88 0.0650000000000004 0.0869999999999997 60000 514 0.2 1 0.8 0.5
0.359223300970874 0.376052385406922 0.422131147540984 0.422131147540984 12 8 1 1.008 0.584 0.0600000000000001 0.056 60000 507 0.46 0 0.8 0.5
0.546836645815187 0.371291866028708 0.338775510204082 0.338775510204082 109 8 1 5.563 0.438 0.0490000000000004 0.0519999999999996 60000 523 0.2 0 0.8 0.5
0.268128161888702 0.268128161888702 0.253061224489796 0.253061224489796 4 4 1 0.375 0.536 0.0909999999999997 0.0659999999999998 60000 509 0.2 0 0.8 0.5
0.566335384129989 0.435100548446069 0.351020408163265 0.351020408163265 51 8 1 2.623 0.415 0.0499999999999998 0.048 60000 492 0.2 0 0.8 0.5
0.691925465838509 0.691925465838509 0.697959183673469 0.697959183673469 6 6 1 0.482 0.287 0.0750000000000002 0.048 60000 527 0.752319254353642 1 0.8 0.5
0.317510548523207 0.317510548523207 0.314285714285714 0.314285714285714 7 7 1 0.784 0.464 0.097 0.085 60000 509 0.401220354316756 0 0.8 0.5
0.728643216080402 0.728643216080402 0.73469387755102 0.73469387755102 4 4 1 0.247 0.225 0.052 0.0519999999999996 60000 506 0.8 0 0.8 0.5
0.328287606433302 0.328287606433302 0.340163934426229 0.340163934426229 8 8 1 0.733 0.478 0.0430000000000001 0.04 60000 514 0.46 0 0.8 0.5
0.253731343283582 0.253731343283582 0.248979591836735 0.248979591836735 3 3 1 0.325 0.191 0.0569999999999999 0.101 60000 527 0.2 0 0.8 0.5
0.792243767313019 0.792243767313019 0.779591836734694 0.779591836734694 2 2 1 0.338 0.300999999999999 0.119 0.119 60000 514 0.8 1 0.8 0.5
0.298295454545455 0.298295454545455 0.306122448979592 0.306122448979592 5 5 1 0.336 0.276 0.0499999999999998 0.0489999999999999 60000 521 0.308989184927195 0 0.8 0.5
0.775342465753425 0.775342465753425 0.741803278688525 0.741803278688525 2 2 1 0.324 0.290999999999999 0.117999999999999 0.116000000000001 60000 499 0.8 1 0.8 0.5
0.37256027554535 0.40057361376673 0.43265306122449 0.43265306122449 14 8 1 1.837 0.954000000000001 0.117 0.117 60000 519 0.46 1 0.8 0.5
0.351851851851852 0.368667917448405 0.385245901639344 0.385245901639344 10 8 1 1.321 1.067 0.12 0.12 60000 509 0.46 0 0.8 0.5
0.22037422037422 0.22037422037422 0.224489795918367 0.224489795918367 3 3 1 0.212 0.187 0.0579999999999998 0.0569999999999999 60000 507 0.2 1 0.8 0.5
0.273789649415693 0.273789649415693 0.254098360655738 0.254098360655738 4 4 1 0.444 0.312 0.0539999999999998 0.0550000000000002 60000 507 0.2 0 0.8 0.5
0.294797687861272 0.294797687861272 0.253061224489796 0.253061224489796 5 5 1 0.536 0.262 0.0449999999999999 0.0449999999999999 60000 539 0.2 0 0.8 0.5
0.557195136347539 0.370048309178744 0.26530612244898 0.26530612244898 74 8 1 5.5 0.773 0.0649999999999995 0.0600000000000005 60000 532 0.2 1 0.8 0.5
0.316508937960042 0.316508937960042 0.330612244897959 0.330612244897959 7 7 1 0.956 0.946 0.122 0.118 60000 510 0.20508323895745 0 0.8 0.5
0.183333333333333 0.183333333333333 0.171428571428571 0.171428571428571 2 2 1 0.342 0.305999999999999 0.121 0.12 60000 509 0.2 0 0.8 0.5
0.293696275071633 0.293696275071633 0.314285714285714 0.314285714285714 5 5 1 0.710999999999999 0.627 0.116 0.117 60000 521 0.28314860153012 1 0.8 0.5
0.377245508982036 0.404275996112731 0.428571428571429 0.428571428571429 15 8 1 2.016 0.986000000000001 0.121 0.12 60000 526 0.46 1 0.8 0.5
0.297486033519553 0.297486033519553 0.273469387755102 0.273469387755102 5 5 1 0.302 0.282 0.048 0.052 60000 506 0.275209397794679 1 0.8 0.5
0.251063829787234 0.251063829787234 0.253061224489796 0.253061224489796 3 3 1 0.446000000000001 0.423 0.117999999999999 0.118 60000 529 0.2 0 0.8 0.5
0.354609929078014 0.376851851851852 0.436734693877551 0.436734693877551 12 8 1 0.867 0.624 0.0529999999999999 0.0500000000000003 60000 503 0.46 0 0.8 0.5
0.792243767313019 0.792243767313019 0.791836734693877 0.791836734693877 2 2 1 0.156 0.125 0.052 0.052 60000 516 0.8 1 0.8 0.5
0.242489270386266 0.242489270386266 0.26530612244898 0.26530612244898 3 3 1 0.18 0.16 0.048 0.048 60000 528 0.2 1 0.8 0.5
0.562763497892017 0.417870036101083 0.36734693877551 0.36734693877551 66 9 1 4.86 0.957999999999999 0.0659999999999998 0.101 60000 547 0.2 0 0.8 0.5
0.779944289693593 0.779944289693593 0.779591836734694 0.779591836734694 2 2 1 0.194 0.134 0.0640000000000001 0.0609999999999999 60000 512 0.8 1 0.8 0.5
0.244258872651357 0.244258872651357 0.224489795918367 0.224489795918367 3 3 1 0.44 0.417000000000001 0.116 0.114999999999999 60000 502 0.2 0 0.8 0.5
0.805013927576602 0.805013927576602 0.791836734693877 0.791836734693877 2 2 1 0.127 0.147 0.0489999999999999 0.044 60000 527 0.8 1 0.8 0.5
0.818428184281843 0.818428184281843 0.828571428571429 0.828571428571429 2 2 1 0.225 0.206 0.093 0.089 60000 488 0.8 1 0.8 0.5
0.730240549828179 0.730240549828179 0.702040816326531 0.702040816326531 4 4 1 0.234 0.217 0.0600000000000001 0.0529999999999999 60000 537 0.8 1 0.8 0.5
0.56517870384102 0.460694698354662 0.448979591836735 0.448979591836735 55 8 1 4.061 0.433 0.0600000000000005 0.0609999999999999 60000 498 0.2 0 0.8 0.5
0.229813664596273 0.229813664596273 0.204081632653061 0.204081632653061 3 3 1 0.168 0.183 0.0579999999999998 0.0640000000000001 60000 500 0.2 0 0.8 0.5
0.264150943396226 0.264150943396226 0.270491803278689 0.270491803278689 4 4 1 0.292 0.34 0.0939999999999999 0.0840000000000001 60000 520 0.2 1 0.8 0.5
0.34027149321267 0.34027149321267 0.416326530612245 0.416326530612245 9 9 1 0.361 0.384 0.04 0.04 60000 545 0.46 1 0.8 0.5
0.765432098765432 0.765432098765432 0.738775510204082 0.738775510204082 3 3 1 0.433 0.412999999999999 0.116000000000001 0.115 60000 503 0.8 1 0.8 0.5
0.289586305278174 0.289586305278174 0.273469387755102 0.273469387755102 5 5 1 0.715 0.64 0.119 0.119 60000 520 0.233039918234572 0 0.8 0.5
0.844897959183673 0.844897959183673 0.844897959183673 0.844897959183673 1 1 1 0.167 0.141 0.123 0.123 60000 525 0.8 1 0.8 0.5
0.609787786920745 0.624161073825503 0.661224489795918 0.661224489795918 19 8 1 2.425 0.979 0.118 0.118 60000 522 0.720655538048595 1 0.8 0.5
0.241090146750524 0.241090146750524 0.258196721311475 0.258196721311475 3 3 1 0.446 0.4 0.121 0.121 60000 515 0.2 0 0.8 0.5
0.598589065255732 0.573970037453184 0.575510204081633 0.575510204081633 23 8 1 2.048 0.459 0.048 0.048 60000 508 0.522416632529348 1 0.8 0.5
0.805013927576602 0.805013927576602 0.820408163265306 0.820408163265306 2 2 1 0.287 0.213 0.0829999999999997 0.0859999999999999 60000 525 0.8 1 0.8 0.5
0.276845637583893 0.276845637583893 0.237704918032787 0.237704918032787 4 4 1 0.392 0.494 0.101 0.13 60000 512 0.2 0 0.8 0.5
0.800554016620499 0.800554016620499 0.790983606557377 0.790983606557377 2 2 1 0.28 0.168 0.0609999999999999 0.0680000000000001 60000 524 0.8 0 0.8 0.5
0.78236914600551 0.78236914600551 0.783673469387755 0.783673469387755 2 2 1 0.131 0.097 0.0390000000000001 0.0399999999999998 60000 493 0.8 0 0.8 0.5
0.81767955801105 0.81767955801105 0.811475409836066 0.811475409836066 2 2 1 0.316 0.261 0.129 0.11 60000 506 0.8 1 0.8 0.5
0.333020637898687 0.333020637898687 0.33469387755102 0.33469387755102 8 8 1 0.735 0.755 0.0590000000000002 0.0580000000000003 60000 512 0.388692233683541 1 0.8 0.5
0.348006644518272 0.352622061482821 0.420408163265306 0.420408163265306 10 9 1 0.622 0.497 0.0419999999999998 0.0420000000000003 60000 552 0.46 1 0.8 0.5
0.756198347107438 0.756198347107438 0.759183673469388 0.759183673469388 3 3 1 0.359 0.262 0.0580000000000003 0.0619999999999998 60000 499 0.8 1 0.8 0.5
0.314222712238148 0.314222712238148 0.302040816326531 0.302040816326531 7 7 1 0.63 0.615 0.069 0.1 60000 534 0.303263658024371 0 0.8 0.5
0.598075008297378 0.581261950286807 0.608163265306122 0.608163265306122 25 8 1 2.911 0.905 0.133 0.112 60000 518 0.58348067747429 0 0.8 0.5
0.546678703076807 0.394470046082949 0.318367346938775 0.318367346938775 110 8 1 12.285 0.907 0.102999999999998 0.111000000000001 60000 501 0.2 1 0.8 0.5
0.271381578947368 0.271381578947368 0.26530612244898 0.26530612244898 4 4 1 0.406 0.381 0.0880000000000001 0.093 60000 505 0.2 0 0.8 0.5
0.782729805013928 0.782729805013928 0.808163265306122 0.808163265306122 2 2 1 0.314 0.269 0.115 0.108000000000001 60000 516 0.8 0 0.8 0.5
0.242616033755274 0.242616033755274 0.261224489795918 0.261224489795918 3 3 1 0.572 0.421 0.12 0.12 60000 525 0.2 0 0.8 0.5
0.792243767313019 0.792243767313019 0.808163265306122 0.808163265306122 2 2 1 0.314 0.251 0.135 0.109 60000 510 0.8 1 0.8 0.5
0.791666666666667 0.791666666666667 0.779591836734694 0.779591836734694 2 2 1 0.273 0.224 0.085 0.0920000000000001 60000 509 0.8 0 0.8 0.5
0.59780073308897 0.567723342939481 0.594262295081967 0.594262295081967 25 8 1 4.043 0.939 0.117000000000001 0.16 60000 521 0.504919053427875 0 0.8 0.5
0.301955990220049 0.301955990220049 0.285714285714286 0.285714285714286 6 6 1 0.631 0.601 0.145 0.0940000000000003 60000 523 0.422021711310372 1 0.8 0.5
0.194520547945205 0.194520547945205 0.187755102040816 0.187755102040816 2 2 1 0.258 0.141 0.089 0.081 60000 507 0.2 0 0.8 0.5
0.23125 0.23125 0.240816326530612 0.240816326530612 3 3 1 0.361 0.314000000000001 0.105 0.0909999999999993 60000 501 0.2 1 0.8 0.5
