0.165441176470588 0.165441176470588 0.178082191780822 0.142857142857143 18 18 4 0.325 0.305 0.0150000000000001 0.0149999999999999 60000 4177 0.2 1 0.8 0.3
0.794561933534743 0.794561933534743 0.802816901408451 0.857142857142857 22 22 4 0.607 0.557 0.016 0.0150000000000001 60000 4157 0.8 1 0.8 0.3
0.3001443001443 0.3001443001443 0.28169014084507 0.321428571428571 47 47 4 0.859 0.841 0.0169999999999999 0.016 60000 4155 0.2 0 0.8 0.3
0.260416666666667 0.260416666666667 0.267605633802817 0.357142857142857 32 32 4 0.572 0.513 0.016 0.0189999999999999 60000 4141 0.2 0 0.8 0.3
0.799352750809062 0.799352750809062 0.847222222222222 0.928571428571429 20 20 4 0.735 0.659 0.0550000000000002 0.0590000000000002 60000 4047 0.8 1 0.8 0.3
0.200636942675159 0.200636942675159 0.23943661971831 0.214285714285714 21 21 4 0.732 0.761 0.02 0.02 60000 4199 0.2 0 0.8 0.3
0.786931818181818 0.786931818181818 0.808219178082192 0.892857142857143 23 23 4 0.661 0.617 0.016 0.016 60000 4064 0.8 1 0.8 0.3
0.311369509043928 0.311369509043928 0.314285714285714 0.214285714285714 53 53 4 1.541 1.34 0.0190000000000001 0.0179999999999998 60000 4180 0.352138221794739 1 0.8 0.3
0.240875912408759 0.240875912408759 0.208333333333333 0.142857142857143 27 27 4 0.572 0.5 0.0169999999999999 0.0169999999999999 60000 4085 0.2 1 0.8 0.3
0.796825396825397 0.796825396825397 0.757142857142857 0.75 21 21 4 0.635 0.359 0.0159999999999998 0.016 60000 4193 0.8 0 0.8 0.3
0.38117048346056 0.420417124039517 0.457142857142857 0.357142857142857 137 63 4 2.084 0.953 0.0139999999999998 0.0150000000000001 60000 4210 0.46 0 0.8 0.3
0.173285198555957 0.173285198555957 0.125 0.142857142857143 18 18 4 0.638 0.767 0.0510000000000002 0.0660000000000003 60000 4078 0.2 0 0.8 0.3
0.158995815899582 0.158995815899582 0.214285714285714 0.285714285714286 16 16 4 0.328 0.616 0.0189999999999999 0.024 60000 4234 0.2 1 0.8 0.3
0.780281690140845 0.780281690140845 0.757142857142857 0.642857142857143 24 24 4 0.906 0.817 0.0310000000000001 0.0379999999999998 60000 4207 0.8 1 0.8 0.3
0.367192429022082 0.385964912280702 0.375 0.428571428571429 108 62 4 1.798 1.076 0.016 0.0179999999999998 60000 4125 0.46 0 0.8 0.3
0.717391304347826 0.717391304347826 0.771428571428571 0.714285714285714 41 41 4 1.354 0.695 0.0170000000000003 0.016 60000 4204 0.8 1 0.8 0.3
0.15546218487395 0.15546218487395 0.180555555555556 0.357142857142857 15 15 4 0.294 0.276 0.018 0.0170000000000001 60000 4051 0.2 0 0.8 0.3
0.21875 0.21875 0.257142857142857 0.178571428571429 24 24 4 0.467 0.563 0.0190000000000001 0.0530000000000002 60000 4240 0.2 0 0.8 0.3
0.611408199643494 0.58965896589659 0.633802816901408 0.714285714285714 154 62 4 3.276 1.4 0.016 0.016 60000 4146 0.580516900774091 0 0.8 0.3
0.323788546255507 0.323788546255507 0.328767123287671 0.392857142857143 62 62 4 1.109 1.451 0.0169999999999999 0.016 60000 4166 0.46 0 0.8 0.3
0.353248693054518 0.381838074398249 0.410958904109589 0.392857142857143 90 61 4 3.037 1.505 0.0170000000000003 0.0169999999999995 60000 4073 0.46 1 0.8 0.3
0.647058823529412 0.639163916391639 0.633802816901408 0.535714285714286 87 62 4 1.886 1.086 0.0179999999999998 0.0170000000000003 60000 4140 0.720995872654021 1 0.8 0.3
0.633568225496477 0.622826086956522 0.684931506849315 0.678571428571429 106 62 4 2.853 1.115 0.0229999999999997 0.0330000000000004 60000 4108 0.705696383398027 0 0.8 0.3
0.58641975308642 0.606359649122807 0.619718309859155 0.535714285714286 256 62 4 6.375 1.453 0.0519999999999996 0.0330000000000013 60000 4138 0.618955793231726 1 0.8 0.3
0.54643780860569 0.383771929824561 0.232876712328767 0.214285714285714 880 62 4 12.957 0.883000000000001 0.0139999999999993 0.0140000000000011 60000 4143 0.265673319716007 0 0.8 0.3
0.303370786516854 0.303370786516854 0.328571428571429 0.178571428571429 48 48 4 0.986 0.853 0.016 0.02 60000 4125 0.299912023050711 0 0.8 0.3
0.341592920353982 0.360959651035987 0.28169014084507 0.214285714285714 79 64 4 2.101 1.64 0.0349999999999993 0.0230000000000006 60000 4252 0.308014096990228 0 0.8 0.3
0.794117647058823 0.794117647058823 0.742857142857143 0.714285714285714 23 23 4 0.463 0.99 0.016 0.016 60000 4224 0.8 1 0.8 0.3
0.588568194680249 0.597802197802198 0.712328767123288 0.678571428571429 239 61 4 7.207 1.47 0.016 0.016 60000 4074 0.617955966293812 1 0.8 0.3
0.596736596736597 0.568329718004338 0.486111111111111 0.464285714285714 204 62 4 5.286 1.371 0.0149999999999997 0.0190000000000001 60000 4097 0.462589498050511 0 0.8 0.3
0.805921052631579 0.805921052631579 0.788732394366197 0.75 20 20 4 0.375 0.347 0.0150000000000001 0.016 60000 4112 0.8 1 0.8 0.3
0.315665488810365 0.315665488810365 0.4 0.357142857142857 58 58 4 1.469 1.425 0.0170000000000003 0.0169999999999995 60000 4159 0.282531937975436 0 0.8 0.3
0.562966150315548 0.363340563991323 0.180555555555556 0.0714285714285714 483 63 4 12.086 1.47 0.0200000000000014 0.020999999999999 60000 4166 0.2 0 0.8 0.3
0.223140495867769 0.223140495867769 0.291666666666667 0.178571428571429 24 24 4 0.695 0.911 0.024 0.0209999999999999 60000 4153 0.2 0 0.8 0.3
0.362892223738063 0.392307692307692 0.457142857142857 0.5 102 63 4 2.312 1.775 0.0170000000000003 0.016 60000 4214 0.46 0 0.8 0.3
0.635714285714286 0.62800875273523 0.534246575342466 0.535714285714286 105 62 4 2.192 1.191 0.032 0.024 60000 4118 0.732126178126782 1 0.8 0.3
0.203174603174603 0.203174603174603 0.180555555555556 0.178571428571429 21 21 4 0.704 0.945 0.0150000000000001 0.0150000000000001 60000 4151 0.2 0 0.8 0.3
0.214492753623188 0.214492753623188 0.242857142857143 0.214285714285714 23 23 4 0.421 0.373 0.0149999999999999 0.0149999999999999 60000 4156 0.2 0 0.8 0.3
0.843621399176955 0.843621399176955 0.8 0.785714285714286 16 16 4 0.401 0.561 0.0370000000000001 0.02 60000 4139 0.8 1 0.8 0.3
0.669087136929461 0.664495114006515 0.726027397260274 0.75 64 61 4 1.125 1.665 0.0230000000000001 0.016 60000 4034 0.794829807151109 1 0.8 0.3
0.287519747235387 0.287519747235387 0.301369863013699 0.285714285714286 42 42 4 1.426 1.211 0.0569999999999999 0.0229999999999997 60000 4088 0.220755193354562 0 0.8 0.3
0.658580413297394 0.64 0.661971830985915 0.714285714285714 76 63 4 1.678 1.493 0.0169999999999995 0.0179999999999998 60000 4149 0.711977067776024 1 0.8 0.3
0.295281582952816 0.295281582952816 0.361111111111111 0.357142857142857 44 44 4 1.723 1.227 0.0339999999999998 0.0300000000000002 60000 4104 0.316744402907789 1 0.8 0.3
0.739130434782609 0.739130434782609 0.763888888888889 0.821428571428571 32 32 4 1.08 0.928 0.016 0.02 60000 4098 0.8 1 0.8 0.3
0.380122950819672 0.435114503816794 0.465753424657534 0.392857142857143 131 61 4 4.434 2.179 0.0209999999999999 0.0210000000000008 60000 4056 0.46 0 0.8 0.3
0.686819830713422 0.686819830713422 0.712328767123288 0.714285714285714 55 55 4 1.963 1.683 0.0460000000000003 0.0190000000000001 60000 4066 0.8 1 0.8 0.3
0.340129749768304 0.337676438653637 0.242857142857143 0.214285714285714 73 62 4 3.839 2.405 0.0429999999999993 0.0800000000000001 60000 4097 0.325680681848899 0 0.8 0.3
0.793510324483776 0.793510324483776 0.805555555555556 0.75 22 22 4 0.419 0.408 0.0169999999999999 0.0229999999999999 60000 4069 0.8 1 0.8 0.3
0.838709677419355 0.838709677419355 0.847222222222222 0.857142857142857 16 16 4 0.455 0.471 0.0509999999999999 0.0680000000000001 60000 4100 0.8 1 0.8 0.3
0.33031218529708 0.336235038084875 0.397260273972603 0.464285714285714 67 62 4 1.566 1.514 0.126 0.0310000000000006 60000 4109 0.46 1 0.8 0.3
0.584452479338843 0.536294691224269 0.472222222222222 0.5 267 63 4 5.297 1.616 0.0219999999999994 0.0280000000000005 60000 4153 0.381484430190175 0 0.8 0.3
0.370503597122302 0.382034632034632 0.513888888888889 0.607142857142857 113 62 4 3.168 1.694 0.0229999999999997 0.0460000000000003 60000 4096 0.46 0 0.8 0.3
0.211940298507463 0.211940298507463 0.166666666666667 0.178571428571429 22 22 4 0.539 0.743 0.028 0.0340000000000003 60000 4106 0.2 0 0.8 0.3
0.56836958354409 0.552026286966046 0.585714285714286 0.571428571428571 414 63 4 9.334 1.051 0.016 0.016 60000 4197 0.564309158269316 1 0.8 0.3
0.329497907949791 0.331503841931943 0.414285714285714 0.535714285714286 65 62 4 1.81 1.543 0.0179999999999998 0.0490000000000004 60000 4144 0.46 1 0.8 0.3
0.345186470078057 0.351086956521739 0.36986301369863 0.392857142857143 78 62 4 1.281 1.013 0.0149999999999997 0.0189999999999997 60000 4101 0.46 1 0.8 0.3
0.235443037974684 0.235443037974684 0.166666666666667 0.0357142857142857 26 26 4 0.875 0.875 0.028 0.0669999999999997 60000 4080 0.2 0 0.8 0.3
0.208211143695015 0.208211143695015 0.242857142857143 0.321428571428571 23 23 4 0.433 0.761 0.0379999999999998 0.0249999999999999 60000 4217 0.2 0 0.8 0.3
0.248306997742664 0.248306997742664 0.228571428571429 0.321428571428571 30 30 4 0.907 0.533 0.0169999999999999 0.016 60000 4209 0.2 0 0.8 0.3
0.786350148367952 0.786350148367952 0.794520547945205 0.75 22 22 4 0.705 0.554 0.0150000000000001 0.016 60000 4083 0.8 1 0.8 0.3
0.266272189349112 0.266272189349112 0.257142857142857 0.178571428571429 35 35 4 0.633 0.613 0.0180000000000002 0.0179999999999998 60000 4246 0.2 1 0.8 0.3
0.377872795296633 0.38870792616721 0.366197183098592 0.285714285714286 129 63 4 3.742 1.525 0.0630000000000006 0.024 60000 4170 0.46 1 0.8 0.3
0.661048689138577 0.65943600867679 0.771428571428571 0.892857142857143 73 63 4 1.244 1.087 0.0210000000000004 0.016 60000 4158 0.755966758262366 1 0.8 0.3
0.313358302122347 0.313358302122347 0.351351351351351 0.392857142857143 53 53 4 0.966 0.96 0.0169999999999999 0.0170000000000003 60000 4046 0.326808793209493 0 0.8 0.3
0.248878923766816 0.248878923766816 0.25 0.285714285714286 30 30 4 0.535 0.508 0.016 0.016 60000 4205 0.260360121745616 0 0.8 0.3
0.788690476190476 0.788690476190476 0.802816901408451 0.892857142857143 22 22 4 0.462 0.951 0.0219999999999998 0.0210000000000004 60000 4100 0.8 1 0.8 0.3
0.834008097165992 0.834008097165992 0.833333333333333 0.821428571428571 16 16 4 0.856 0.503 0.0189999999999997 0.0550000000000002 60000 4103 0.8 1 0.8 0.3
0.789156626506024 0.789156626506024 0.819444444444444 0.785714285714286 22 22 4 0.416 0.381 0.016 0.016 60000 4149 0.8 1 0.8 0.3
0.806122448979592 0.806122448979592 0.757142857142857 0.785714285714286 20 20 4 0.748 0.523 0.032 0.0340000000000003 60000 4229 0.8 1 0.8 0.3
0.37799043062201 0.430921052631579 0.527777777777778 0.607142857142857 127 61 4 2.712 1.992 0.0179999999999998 0.0149999999999997 60000 4078 0.46 0 0.8 0.3
0.353343465045593 0.367213114754098 0.492957746478873 0.464285714285714 91 63 4 2.143 2.08 0.0410000000000004 0.0369999999999999 60000 4191 0.46 1 0.8 0.3
0.767676767676768 0.767676767676768 0.842857142857143 0.821428571428571 27 27 4 1.06 0.843 0.0169999999999999 0.0170000000000003 60000 4209 0.8 1 0.8 0.3
0.243055555555556 0.243055555555556 0.263888888888889 0.214285714285714 29 29 4 0.898 0.927 0.02 0.0169999999999999 60000 4188 0.2 0 0.8 0.3
0.623180592991914 0.609120521172638 0.643835616438356 0.642857142857143 126 62 4 5.94 3.034 0.0380000000000003 0.032 60000 4108 0.611788874864578 1 0.8 0.3
0.592604006163328 0.52762730227519 0.428571428571429 0.428571428571429 227 64 4 4.603 1.582 0.024 0.024 60000 4218 0.480735184065997 0 0.8 0.3
0.334649555774926 0.338461538461538 0.47887323943662 0.428571428571429 69 62 4 1.194 1.836 0.0470000000000002 0.02 60000 4144 0.46 0 0.8 0.3
0.172413793103448 0.172413793103448 0.194444444444444 0.285714285714286 17 17 4 0.327 0.293 0.0159999999999998 0.016 60000 4121 0.2 0 0.8 0.3
0.301833568406206 0.301833568406206 0.267605633802817 0.25 48 48 4 1.184 1.139 0.0339999999999998 0.0479999999999996 60000 4145 0.378320464743301 0 0.8 0.3
0.346678023850085 0.359649122807018 0.450704225352113 0.464285714285714 80 62 4 1.838 2.152 0.0270000000000001 0.032 60000 4142 0.46 1 0.8 0.3
0.793413173652695 0.793413173652695 0.753424657534247 0.857142857142857 22 22 4 1.007 0.883 0.0380000000000003 0.0369999999999999 60000 4107 0.8 1 0.8 0.3
0.83739837398374 0.83739837398374 0.75 0.857142857142857 16 16 4 0.307 0.273 0.016 0.02 60000 4154 0.8 1 0.8 0.3
0.186666666666667 0.186666666666667 0.142857142857143 0.107142857142857 20 20 4 0.379 0.354 0.016 0.016 60000 4223 0.2 0 0.8 0.3
0.317422434367542 0.317422434367542 0.569444444444444 0.464285714285714 57 57 4 0.931 0.958 0.0149999999999997 0.0149999999999997 60000 4152 0.46 0 0.8 0.3
0.793846153846154 0.793846153846154 0.833333333333333 0.857142857142857 21 21 4 0.498 0.709 0.0180000000000002 0.0169999999999999 60000 4056 0.8 0 0.8 0.3
0.192429022082019 0.192429022082019 0.2 0.178571428571429 21 21 4 0.392 0.36 0.0150000000000001 0.0150000000000001 60000 4147 0.2 0 0.8 0.3
0.306684141546527 0.306684141546527 0.305555555555556 0.392857142857143 51 51 4 1.258 1.48 0.0219999999999998 0.0350000000000001 60000 4083 0.369943662239239 1 0.8 0.3
0.745379876796715 0.745379876796715 0.671428571428571 0.785714285714286 33 33 4 1.487 1.388 0.0389999999999997 0.0389999999999997 60000 4181 0.8 0 0.8 0.3
0.239024390243902 0.239024390243902 0.26027397260274 0.142857142857143 27 27 4 1.263 1.167 0.0460000000000003 0.0449999999999999 60000 4080 0.2 1 0.8 0.3
0.809836065573771 0.809836065573771 0.873239436619718 0.928571428571429 20 20 4 0.918 0.806 0.0369999999999999 0.0369999999999999 60000 4117 0.8 1 0.8 0.3
0.821428571428571 0.821428571428571 0.739130434782609 0.75 19 19 4 0.351 0.325 0.016 0.0170000000000001 60000 4292 0.8 0 0.8 0.3
0.336566440349176 0.339869281045752 0.414285714285714 0.428571428571429 71 63 4 3.075 2.659 0.0410000000000004 0.04 60000 4182 0.46 0 0.8 0.3
0.23960880195599 0.23960880195599 0.180555555555556 0.178571428571429 27 27 4 0.5 0.469 0.0169999999999999 0.016 60000 4085 0.2 0 0.8 0.3
0.82051282051282 0.82051282051282 0.8 0.857142857142857 18 18 4 0.865 0.742 0.0369999999999999 0.0380000000000003 60000 4144 0.8 1 0.8 0.3
0.775675675675676 0.775675675675676 0.816901408450704 0.785714285714286 25 25 4 0.457 0.654 0.0629999999999997 0.0310000000000001 60000 4174 0.8 0 0.8 0.3
0.36704834605598 0.40197152245345 0.547945205479452 0.571428571428571 104 60 4 2.335 1.458 0.016 0.016 60000 4005 0.46 1 0.8 0.3
0.803986710963455 0.803986710963455 0.802816901408451 0.821428571428571 20 20 4 0.943 0.825 0.0390000000000001 0.0369999999999999 60000 4136 0.8 1 0.8 0.3
0.766066838046273 0.766066838046273 0.774647887323944 0.821428571428571 26 26 4 0.464 0.435 0.0149999999999999 0.016 60000 4159 0.8 1 0.8 0.3
0.16600790513834 0.16600790513834 0.072463768115942 0.0357142857142857 17 17 4 0.85 0.733 0.04 0.0390000000000001 60000 4233 0.2 1 0.8 0.3
0.850622406639004 0.850622406639004 0.857142857142857 0.857142857142857 16 16 4 0.758 0.633 0.0369999999999999 0.0459999999999998 60000 4184 0.8 0 0.8 0.3
0.217765042979943 0.217765042979943 0.236111111111111 0.357142857142857 23 23 4 0.809 0.376 0.0150000000000001 0.0150000000000001 60000 4109 0.2 1 0.8 0.3
0.568994889267462 0.453362255965293 0.375 0.464285714285714 400 62 4 6.621 1.045 0.016 0.0190000000000001 60000 4099 0.2 0 0.8 0.3
0.769620253164557 0.769620253164557 0.75 0.821428571428571 26 26 4 0.806 1.107 0.016 0.016 60000 4081 0.8 1 0.8 0.3
0.77445652173913 0.77445652173913 0.7 0.642857142857143 25 25 4 0.84 0.698 0.0179999999999998 0.0169999999999999 60000 4239 0.8 1 0.8 0.3
0.205970149253731 0.205970149253731 0.138888888888889 0.25 22 22 4 0.429 0.372 0.018 0.018 60000 4133 0.2 0 0.8 0.3
0.332344213649852 0.33297180043384 0.452054794520548 0.571428571428571 68 62 4 1.884 1.59 0.0199999999999996 0.0170000000000003 60000 4094 0.46 1 0.8 0.3
0.787610619469027 0.787610619469027 0.819444444444444 0.785714285714286 22 22 4 0.409 0.549 0.0270000000000001 0.0509999999999997 60000 4049 0.8 1 0.8 0.3
0.38655462184874 0.410675381263617 0.492957746478873 0.535714285714286 148 63 4 4.421 2.13 0.024 0.0229999999999997 60000 4176 0.46 1 0.8 0.3
0.19672131147541 0.19672131147541 0.138888888888889 0.142857142857143 20 20 4 0.673 0.49 0.0190000000000001 0.0190000000000001 60000 4151 0.2 0 0.8 0.3
0.223140495867769 0.223140495867769 0.225352112676056 0.25 24 24 4 0.441 0.746 0.0289999999999999 0.0549999999999997 60000 4123 0.2 0 0.8 0.3
0.191780821917808 0.191780821917808 0.140845070422535 0.142857142857143 20 20 4 0.877 0.865 0.0379999999999994 0.0389999999999997 60000 4310 0.2 0 0.8 0.3
0.288025889967638 0.288025889967638 0.323943661971831 0.285714285714286 42 42 4 1.157 0.77 0.0179999999999998 0.0190000000000001 60000 4160 0.234047957714647 0 0.8 0.3
0.553980256248687 0.436205016357688 0.305555555555556 0.178571428571429 641 61 4 18.906 1.925 0.0410000000000004 0.0640000000000001 60000 4046 0.350835246872157 1 0.8 0.3
0.345563139931741 0.349780701754386 0.492957746478873 0.464285714285714 80 62 4 2.092 1.231 0.016 0.0169999999999995 60000 4147 0.46 1 0.8 0.3
0.833333333333333 0.833333333333333 0.808219178082192 0.75 17 17 4 0.282 0.278 0.014 0.014 60000 4110 0.8 1 0.8 0.3
0.312423124231242 0.312423124231242 0.444444444444444 0.5 54 54 4 2.313 2.228 0.0380000000000003 0.0380000000000003 60000 4061 0.39276286765933 0 0.8 0.3
0.795665634674923 0.795665634674923 0.767123287671233 0.75 21 21 4 0.391 0.358 0.016 0.016 60000 4048 0.8 1 0.8 0.3
0.334634146341463 0.331527627302275 0.397260273972603 0.321428571428571 69 62 4 1.171 1.73 0.016 0.016 60000 4096 0.46 0 0.8 0.3
0.198738170347003 0.198738170347003 0.183098591549296 0.214285714285714 21 21 4 0.387 0.374 0.016 0.0169999999999999 60000 4158 0.2 1 0.8 0.3
0.81 0.81 0.791666666666667 0.75 20 20 4 0.931 0.814 0.0380000000000003 0.0390000000000001 60000 4237 0.8 1 0.8 0.3
0.200636942675159 0.200636942675159 0.178082191780822 0.142857142857143 20 20 4 0.549 0.554 0.016 0.02 60000 4019 0.2 0 0.8 0.3
0.352101506740682 0.356209150326797 0.486111111111111 0.607142857142857 87 63 4 2.169 1.545 0.0180000000000007 0.0170000000000003 60000 4182 0.46 0 0.8 0.3
0.330949948927477 0.33297180043384 0.402777777777778 0.285714285714286 66 62 4 1.138 1.399 0.016 0.0430000000000001 60000 4102 0.46 1 0.8 0.3
0.320321469575201 0.320321469575201 0.458333333333333 0.535714285714286 58 58 4 1.3 1.065 0.016 0.0149999999999997 60000 4058 0.452864807257429 0 0.8 0.3
0.150214592274678 0.150214592274678 0.123287671232877 0.142857142857143 15 15 4 0.712 0.634 0.0489999999999999 0.0430000000000001 60000 4106 0.2 0 0.8 0.3
0.366116751269036 0.390455531453362 0.436619718309859 0.357142857142857 108 63 4 2.261 1.094 0.0289999999999999 0.0220000000000002 60000 4149 0.46 0 0.8 0.3
0.826923076923077 0.826923076923077 0.871428571428571 0.857142857142857 17 17 4 0.82 0.701 0.0380000000000003 0.0369999999999999 60000 4172 0.8 1 0.8 0.3
0.332019704433498 0.334429824561404 0.422535211267606 0.428571428571429 69 62 4 2.963 2.54 0.0390000000000006 0.0380000000000003 60000 4139 0.46 1 0.8 0.3
0.785100286532951 0.785100286532951 0.791666666666667 0.75 23 23 4 0.655 0.764 0.0210000000000004 0.0179999999999998 60000 4074 0.8 1 0.8 0.3
0.349193548387097 0.362554112554113 0.436619718309859 0.5 85 63 4 1.508 1.709 0.016 0.016 60000 4158 0.46 0 0.8 0.3
0.16988416988417 0.16988416988417 0.138888888888889 0.178571428571429 17 17 4 0.331 0.308 0.0169999999999999 0.016 60000 4145 0.2 0 0.8 0.3
0.194805194805195 0.194805194805195 0.136986301369863 0.178571428571429 20 20 4 0.376 0.436 0.0330000000000001 0.038 60000 4110 0.2 1 0.8 0.3
0.304827586206897 0.304827586206897 0.263888888888889 0.178571428571429 50 50 4 2.154 2.021 0.0369999999999999 0.0369999999999999 60000 4220 0.298434103392065 0 0.8 0.3
0.821561338289963 0.821561338289963 0.857142857142857 0.857142857142857 18 18 4 0.397 0.795 0.0249999999999999 0.0449999999999999 60000 4259 0.8 1 0.8 0.3
0.817518248175182 0.817518248175182 0.791666666666667 0.785714285714286 18 18 4 0.454 0.624 0.02 0.0180000000000002 60000 4145 0.8 1 0.8 0.3
0.823529411764706 0.823529411764706 0.788732394366197 0.75 19 19 4 0.374 0.331 0.016 0.016 60000 4142 0.8 1 0.8 0.3
0.211594202898551 0.211594202898551 0.257142857142857 0.285714285714286 23 23 4 0.468 0.447 0.018 0.0170000000000001 60000 4139 0.2 1 0.8 0.3
0.203703703703704 0.203703703703704 0.257142857142857 0.321428571428571 22 22 4 0.621 0.996 0.016 0.016 60000 4259 0.2 0 0.8 0.3
0.800613496932515 0.800613496932515 0.828571428571429 0.821428571428571 22 22 4 0.395 0.347 0.0150000000000001 0.0149999999999999 60000 4242 0.8 1 0.8 0.3
0.345721694036301 0.351791530944625 0.388888888888889 0.321428571428571 78 62 4 2.401 1.171 0.016 0.0199999999999996 60000 4098 0.46 0 0.8 0.3
0.677130044843049 0.677130044843049 0.736111111111111 0.785714285714286 60 60 4 0.957 0.911 0.0150000000000001 0.0149999999999997 60000 4092 0.7694381153211 1 0.8 0.3
0.239808153477218 0.239808153477218 0.2 0.214285714285714 28 28 4 0.503 0.473 0.016 0.016 60000 4168 0.2 0 0.8 0.3
0.812297734627832 0.812297734627832 0.849315068493151 0.892857142857143 20 20 4 0.6 0.623 0.0169999999999999 0.0209999999999999 60000 4105 0.8 1 0.8 0.3
0.371260997067449 0.381936887921654 0.402777777777778 0.357142857142857 116 62 4 2.204 1.717 0.0170000000000003 0.0159999999999991 60000 4113 0.46 0 0.8 0.3
0.21021021021021 0.21021021021021 0.242857142857143 0.142857142857143 22 22 4 0.682 0.564 0.0180000000000002 0.0169999999999999 60000 4123 0.2 0 0.8 0.3
0.236180904522613 0.236180904522613 0.197183098591549 0.178571428571429 26 26 4 1.181 1.054 0.0380000000000003 0.0379999999999994 60000 4050 0.2 0 0.8 0.3
0.650446066504461 0.648026315789474 0.643835616438356 0.535714285714286 84 62 4 1.794 1.696 0.0190000000000001 0.016 60000 4137 0.683516825456172 1 0.8 0.3
0.353078721745908 0.380848748639826 0.452054794520548 0.5 87 62 4 2.866 1.991 0.0179999999999998 0.0170000000000003 60000 4108 0.46 1 0.8 0.3
0.655951346655083 0.66120218579235 0.657142857142857 0.75 78 62 4 1.247 1.033 0.0149999999999997 0.016 60000 4118 0.759538037143648 1 0.8 0.3
0.556505662121562 0.353645266594124 0.315068493150685 0.392857142857143 583 61 4 23.248 2.342 0.0370000000000026 0.036999999999999 60000 4049 0.2 1 0.8 0.3
0.38903743315508 0.444324324324324 0.486111111111111 0.428571428571429 152 62 4 6.348 2.447 0.0399999999999991 0.0460000000000012 60000 4091 0.46 0 0.8 0.3
0.248858447488584 0.248858447488584 0.263888888888889 0.285714285714286 29 29 4 1.031 0.925 0.016 0.016 60000 4105 0.213180994261056 0 0.8 0.3
0.553682896379526 0.413830954994512 0.295774647887324 0.428571428571429 663 62 4 13.804 1.043 0.016 0.016 60000 4145 0.2 1 0.8 0.3
0.782234957020057 0.782234957020057 0.788732394366197 0.821428571428571 23 23 4 1.038 0.892 0.036 0.036 60000 4137 0.8 1 0.8 0.3
0.775132275132275 0.775132275132275 0.794520547945205 0.714285714285714 25 25 4 0.808 1.037 0.024 0.0169999999999999 60000 4077 0.8 0 0.8 0.3
0.746724890829694 0.746724890829694 0.75 0.678571428571429 30 30 4 0.902 0.754 0.0459999999999998 0.0220000000000002 60000 4051 0.8 1 0.8 0.3
0.369098712446352 0.411316648531012 0.486111111111111 0.428571428571429 111 62 4 4.473 2.525 0.036999999999999 0.0359999999999996 60000 4112 0.46 0 0.8 0.3
0.770448548812665 0.770448548812665 0.742857142857143 0.678571428571429 26 26 4 0.863 0.823 0.0149999999999997 0.016 60000 4246 0.8 1 0.8 0.3
0.566049675684227 0.501646542261251 0.414285714285714 0.357142857142857 435 62 4 16.443 2.288 0.0360000000000014 0.0359999999999978 60000 4138 0.342886692285538 1 0.8 0.3
0.568664063826176 0.452459016393443 0.315068493150685 0.392857142857143 404 62 4 15.067 2.231 0.0350000000000001 0.0350000000000001 60000 4126 0.2 0 0.8 0.3
0.183098591549296 0.183098591549296 0.171428571428571 0.25 19 19 4 0.891 0.771 0.0369999999999999 0.0369999999999999 60000 4200 0.2 1 0.8 0.3
0.333998005982054 0.342825848849945 0.205479452054795 0.142857142857143 67 61 4 2.137 2.041 0.0200000000000005 0.121 60000 4071 0.434188924375921 1 0.8 0.3
0.801302931596091 0.801302931596091 0.712328767123288 0.678571428571429 20 20 4 0.597 0.384 0.016 0.016 60000 4074 0.8 1 0.8 0.3
0.165322580645161 0.165322580645161 0.10958904109589 0.142857142857143 16 16 4 0.32 0.361 0.028 0.0369999999999999 60000 4136 0.2 1 0.8 0.3
0.352156862745098 0.347921225382932 0.342465753424658 0.428571428571429 87 62 4 1.744 2.038 0.0490000000000004 0.0350000000000001 60000 4136 0.46 0 0.8 0.3
0.185964912280702 0.185964912280702 0.126760563380282 0.178571428571429 19 19 4 0.867 0.76 0.0370000000000004 0.036 60000 4143 0.2 0 0.8 0.3
0.801980198019802 0.801980198019802 0.830985915492958 0.928571428571429 20 20 4 0.33 0.316 0.014 0.014 60000 4126 0.8 0 0.8 0.3
0.350323624595469 0.358862144420131 0.471428571428571 0.535714285714286 84 62 4 1.854 1.746 0.0200000000000005 0.016 60000 4128 0.46 0 0.8 0.3
0.237163814180929 0.237163814180929 0.211267605633803 0.25 27 27 4 1.115 0.841 0.0289999999999999 0.0370000000000004 60000 4097 0.2 0 0.8 0.3
0.82078853046595 0.82078853046595 0.849315068493151 0.892857142857143 18 18 4 0.65 0.702 0.0620000000000003 0.028 60000 4123 0.8 1 0.8 0.3
0.280612244897959 0.280612244897959 0.323943661971831 0.357142857142857 39 39 4 1.603 1.19 0.0179999999999998 0.0259999999999998 60000 4075 0.2 0 0.8 0.3
0.347163420829805 0.363238512035011 0.47887323943662 0.5 83 64 4 2.076 1.577 0.0170000000000003 0.016 60000 4268 0.46 0 0.8 0.3
0.790909090909091 0.790909090909091 0.842857142857143 0.785714285714286 22 22 4 0.409 0.361 0.016 0.0150000000000001 60000 4164 0.8 0 0.8 0.3
0.30808729139923 0.30808729139923 0.314285714285714 0.142857142857143 53 53 4 2.128 2.081 0.0369999999999999 0.0360000000000005 60000 4149 0.2 0 0.8 0.3
0.205521472392638 0.205521472392638 0.178082191780822 0.25 21 21 4 0.462 0.366 0.018 0.0229999999999999 60000 4032 0.2 0 0.8 0.3
0.838056680161943 0.838056680161943 0.861111111111111 0.821428571428571 16 16 4 0.739 0.608 0.036 0.044 60000 4105 0.8 1 0.8 0.3
0.342245989304813 0.347494553376906 0.485714285714286 0.285714285714286 77 63 4 3.082 2.452 0.0369999999999999 0.0380000000000003 60000 4174 0.46 0 0.8 0.3
0.818181818181818 0.818181818181818 0.833333333333333 0.785714285714286 18 18 4 0.28 0.284 0.014 0.014 60000 4147 0.8 1 0.8 0.3
0.214076246334311 0.214076246334311 0.185714285714286 0.142857142857143 23 23 4 0.845 0.745 0.048 0.0190000000000001 60000 4179 0.2 0 0.8 0.3
0.771883289124668 0.771883289124668 0.75 0.714285714285714 25 25 4 1.121 1.018 0.0350000000000001 0.0350000000000001 60000 4108 0.8 1 0.8 0.3
0.27768014059754 0.27768014059754 0.208333333333333 0.285714285714286 38 38 4 1.162 1.464 0.0470000000000002 0.0219999999999998 60000 4118 0.275783451292664 1 0.8 0.3
0.323959505061867 0.323959505061867 0.479452054794521 0.535714285714286 59 59 4 1.537 2.07 0.0220000000000002 0.0229999999999997 60000 4047 0.46 1 0.8 0.3
0.805111821086262 0.805111821086262 0.704225352112676 0.678571428571429 21 21 4 0.691 0.619 0.0169999999999999 0.0229999999999997 60000 4209 0.8 1 0.8 0.3
0.573968003160182 0.467105263157895 0.438356164383562 0.392857142857143 343 61 4 10.249 1.914 0.016 0.0199999999999996 60000 4074 0.213731628283858 0 0.8 0.3
0.545529491118939 0.375956284153005 0.257142857142857 0.285714285714286 947 64 4 32.648 2.154 0.0330000000000013 0.0329999999999941 60000 4263 0.202576499804854 0 0.8 0.3
0.341772151898734 0.35815991237678 0.445945945945946 0.5 74 61 4 1.189 0.961 0.0150000000000001 0.0150000000000001 60000 4074 0.46 1 0.8 0.3
0.744769874476987 0.744769874476987 0.794520547945205 0.785714285714286 32 32 4 0.986 0.573 0.0150000000000001 0.0190000000000001 60000 4147 0.8 1 0.8 0.3
0.38479809976247 0.446878422782037 0.485714285714286 0.607142857142857 151 65 4 5.439 2.3 0.0339999999999989 0.0330000000000013 60000 4335 0.46 0 0.8 0.3
0.388839285714286 0.460612691466083 0.506849315068493 0.607142857142857 151 61 4 3.751 1.966 0.016 0.0149999999999997 60000 4066 0.46 0 0.8 0.3
0.183745583038869 0.183745583038869 0.169014084507042 0.178571428571429 19 19 4 0.736 0.566 0.048 0.024 60000 4188 0.2 0 0.8 0.3
0.21875 0.21875 0.246575342465753 0.214285714285714 23 23 4 0.659 0.683 0.024 0.0169999999999999 60000 4074 0.2 0 0.8 0.3
0.566373098478783 0.417118093174431 0.289855072463768 0.214285714285714 445 65 4 15.237 2.187 0.0330000000000013 0.0330000000000013 60000 4286 0.2 0 0.8 0.3
0.828125 0.828125 0.833333333333333 0.821428571428571 17 17 4 0.698 0.605 0.0330000000000004 0.0329999999999999 60000 4176 0.8 1 0.8 0.3
0.272727272727273 0.272727272727273 0.183098591549296 0.142857142857143 36 36 4 0.645 1.276 0.0229999999999997 0.0180000000000002 60000 4096 0.2 0 0.8 0.3
0.381122448979592 0.410228509249184 0.465753424657534 0.5 131 61 4 7.064 2.943 0.0339999999999989 0.0329999999999995 60000 4037 0.46 1 0.8 0.3
0.601869158878505 0.61353711790393 0.563380281690141 0.464285714285714 183 62 4 6.379 2.078 0.0330000000000013 0.0329999999999995 60000 4127 0.593814780376852 1 0.8 0.3
0.781869688385269 0.781869688385269 0.805555555555556 0.821428571428571 23 23 4 0.999 0.478 0.0150000000000001 0.016 60000 4056 0.8 1 0.8 0.3
0.80794701986755 0.80794701986755 0.788732394366197 0.821428571428571 20 20 4 1.052 0.814 0.0580000000000007 0.0499999999999998 60000 4172 0.8 1 0.8 0.3
0.359743040685225 0.375684556407448 0.569444444444444 0.714285714285714 96 62 4 3.39 2.151 0.0330000000000004 0.032 60000 4147 0.46 1 0.8 0.3
0.792899408284024 0.792899408284024 0.847222222222222 0.892857142857143 22 22 4 0.718 0.6 0.0420000000000003 0.0179999999999998 60000 4069 0.8 1 0.8 0.3
0.739219712525667 0.739219712525667 0.763888888888889 0.785714285714286 33 33 4 1.181 1.094 0.0310000000000001 0.0310000000000001 60000 4165 0.8 1 0.8 0.3
