0.268482490272374 0.268482490272374 0.34375 0.75 206 206 25 2.35 2.179 0.00999999999999979 0.00999999999999979 60000 24088 0.2 0 0.8 0.1
0.814946619217082 0.814946619217082 0.828125 0.75 111 111 25 1.757 1.375 0.0110000000000001 0.0109999999999997 60000 23867 0.8 1 0.8 0.1
0.155172413793103 0.155172413793103 0.1875 0 92 92 25 2.205 2.046 0.0149999999999997 0.0300000000000002 60000 23973 0.2 1 0.8 0.1
0.285 0.285 0.125 0.25 239 239 25 2.695 2.507 0.0100000000000007 0.00900000000000034 60000 23945 0.2 0 0.8 0.1
0.21875 0.21875 0.1875 0 141 141 25 1.864 1.629 0.0110000000000001 0.0110000000000001 60000 24109 0.2 0 0.8 0.1
0.805369127516778 0.805369127516778 0.738461538461539 0.5 117 117 25 1.464 1.462 0.0380000000000003 0.0369999999999999 60000 23658 0.8 1 0.8 0.1
0.749440715883669 0.749440715883669 0.734375 0.75 178 178 25 2.426 2.33 0.0340000000000007 0.04 60000 23954 0.8 1 0.8 0.1
0.796825396825397 0.796825396825397 0.765625 1 125 125 25 2.544 2.069 0.0129999999999999 0.0179999999999998 60000 23918 0.8 1 0.8 0.1
0.293577981651376 0.293577981651376 0.375 0.25 260 260 25 2.889 2.907 0.0129999999999999 0.0110000000000001 60000 23929 0.318302382593974 1 0.8 0.1
0.75779376498801 0.75779376498801 0.65625 0.75 168 168 25 3.051 2.936 0.0129999999999999 0.0289999999999999 60000 24241 0.8 1 0.8 0.1
0.195286195286195 0.195286195286195 0.1875 0 118 118 25 1.779 2.008 0.0100000000000007 0.0109999999999992 60000 23975 0.2 0 0.8 0.1
0.75 0.75 0.765625 0.75 176 176 25 3.115 3.077 0.0129999999999999 0.0140000000000002 60000 23872 0.786231249943376 0 0.8 0.1
0.166666666666667 0.166666666666667 0.171875 0.25 101 101 25 1.866 1.39 0.0110000000000001 0.0110000000000001 60000 24216 0.2 0 0.8 0.1
0.769028871391076 0.769028871391076 0.84375 0.5 150 150 25 2.178 1.889 0.0110000000000001 0.00999999999999979 60000 23743 0.8 1 0.8 0.1
0.266798418972332 0.266798418972332 0.215384615384615 0.25 199 199 25 3.51 3.518 0.0270000000000001 0.0220000000000002 60000 23698 0.2 0 0.8 0.1
0.788059701492537 0.788059701492537 0.71875 0.5 133 133 25 3.058 2.807 0.0389999999999997 0.0190000000000001 60000 23974 0.8 1 0.8 0.1
0.198697068403909 0.198697068403909 0.25 0.5 122 122 25 2.959 2.761 0.0280000000000005 0.0170000000000003 60000 23978 0.2 0 0.8 0.1
0.788059701492537 0.788059701492537 0.734375 0.5 134 134 25 3.146 2.905 0.0380000000000003 0.0190000000000001 60000 24035 0.8 1 0.8 0.1
0.6987087517934 0.6987087517934 0.71875 0.75 279 279 25 3.776 3.765 0.016 0.0340000000000007 60000 24090 0.8 0 0.8 0.1
0.789634146341463 0.789634146341463 0.859375 0.75 130 130 25 2.578 2.488 0.0119999999999996 0.0120000000000005 60000 23904 0.8 1 0.8 0.1
0.794392523364486 0.794392523364486 0.828125 0.75 128 128 25 3.235 2.91 0.0110000000000001 0.0169999999999995 60000 24063 0.8 0 0.8 0.1
0.276363636363636 0.276363636363636 0.171875 0.25 221 221 25 3.91 4.231 0.0240000000000009 0.0400000000000009 60000 24186 0.243833064725623 0 0.8 0.1
0.301428571428571 0.301428571428571 0.140625 0 279 279 25 4.105 4.337 0.0140000000000011 0.0120000000000005 60000 23998 0.2 0 0.8 0.1
0.335922330097087 0.330367074527253 0.125 0 410 358 25 4.363 3.859 0.00999999999999979 0.00999999999999979 60000 23928 0.2 0 0.8 0.1
0.782608695652174 0.782608695652174 0.765625 0.75 137 137 25 3.257 2.896 0.0309999999999997 0.0220000000000002 60000 23912 0.8 1 0.8 0.1
0.79559748427673 0.79559748427673 0.796875 0.75 127 127 25 3.048 2.883 0.0259999999999998 0.0289999999999999 60000 24082 0.8 0 0.8 0.1
0.689345314505777 0.689345314505777 0.71875 0.75 313 313 25 4.186 3.923 0.0129999999999999 0.0129999999999999 60000 24182 0.8 1 0.8 0.1
0.729885057471264 0.729885057471264 0.646153846153846 1 207 207 25 4.001 3.615 0.0190000000000001 0.0129999999999999 60000 23873 0.8 1 0.8 0.1
0.347899159663866 0.356666666666667 0.515625 0.25 474 358 25 7.183 3.917 0.011000000000001 0.00999999999999979 60000 23930 0.46 0 0.8 0.1
0.341219290263876 0.346666666666667 0.3125 0.25 442 362 25 6.252 5.294 0.0349999999999984 0.0359999999999996 60000 24166 0.46 0 0.8 0.1
0.813380281690141 0.813380281690141 0.828125 0.75 113 113 25 2.52 2.462 0.0200000000000005 0.0110000000000001 60000 23951 0.8 1 0.8 0.1
0.349180327868852 0.366666666666667 0.40625 0.25 488 360 25 6.361 5.33 0.016 0.0109999999999992 60000 24034 0.46 0 0.8 0.1
0.192567567567568 0.192567567567568 0.125 0 118 118 25 2.425 1.448 0.0350000000000001 0.0310000000000006 60000 24033 0.2 0 0.8 0.1
0.355957767722474 0.379310344827586 0.46875 0.75 531 360 25 7.451 5.639 0.0120000000000005 0.0119999999999987 60000 24041 0.46 0 0.8 0.1
0.801980198019802 0.801980198019802 0.784615384615385 0.75 120 120 25 1.36 1.346 0.0109999999999997 0.0110000000000001 60000 23832 0.8 1 0.8 0.1
0.35557240333586 0.367074527252503 0.46875 0.5 530 361 25 9.252 6.549 0.0129999999999981 0.0399999999999991 60000 24132 0.46 0 0.8 0.1
0.78978978978979 0.78978978978979 0.84375 1 133 133 25 2.284 1.982 0.0140000000000002 0.0110000000000001 60000 24073 0.8 1 0.8 0.1
0.322360953461975 0.322360953461975 0.328125 0.75 352 352 25 8.023 7.643 0.0120000000000005 0.0109999999999992 60000 24030 0.46 1 0.8 0.1
0.836065573770492 0.836065573770492 0.876923076923077 0.5 96 96 25 1.587 2.301 0.0190000000000001 0.0150000000000006 60000 23872 0.8 1 0.8 0.1
0.347163420829805 0.345555555555556 0.484375 0.5 470 358 25 8.859 6.503 0.0130000000000017 0.0120000000000005 60000 23908 0.370401610778645 0 0.8 0.1
0.342057761732852 0.347438752783964 0.421875 0 443 359 25 9.726 8.104 0.0229999999999997 0.0199999999999996 60000 24014 0.46 1 0.8 0.1
0.351822503961965 0.371111111111111 0.584615384615385 0.5 501 357 25 8.795 6.616 0.0450000000000017 0.0359999999999978 60000 23851 0.46 1 0.8 0.1
0.342857142857143 0.361820199778024 0.4375 0.75 449 361 25 10.077 6.479 0.0420000000000016 0.0389999999999979 60000 24092 0.46 1 0.8 0.1
0.352056962025316 0.358888888888889 0.40625 0.5 503 358 25 7.606 5.928 0.0149999999999988 0.0289999999999999 60000 23928 0.46 0 0.8 0.1
0.35048231511254 0.361111111111111 0.523076923076923 0.25 494 357 25 11.438 8.093 0.0130000000000017 0.0119999999999969 60000 23848 0.46 0 0.8 0.1
0.38184584178499 0.41 0.5 0.25 787 359 25 11.716 6.247 0.0129999999999981 0.0130000000000017 60000 23965 0.46 1 0.8 0.1
0.383104125736739 0.425555555555556 0.375 0.25 808 357 25 12.206 6.157 0.0169999999999995 0.0129999999999981 60000 23839 0.46 0 0.8 0.1
0.375977653631285 0.432852386237514 0.492307692307692 0.75 710 357 25 7.694 3.864 0.0139999999999993 0.0109999999999992 60000 23818 0.46 1 0.8 0.1
0.353125 0.367777777777778 0.484375 0.75 512 360 25 11.479 7.646 0.154 0.0309999999999988 60000 24026 0.46 0 0.8 0.1
0.356984478935698 0.381535038932147 0.40625 0.25 544 361 25 12.306 7.559 0.0120000000000005 0.0129999999999981 60000 24148 0.46 0 0.8 0.1
0.838842975206612 0.838842975206612 0.859375 0.75 97 97 25 3.812 3.426 0.0269999999999992 0.0510000000000002 60000 24206 0.8 1 0.8 0.1
0.285478547854785 0.285478547854785 0.25 0 241 241 25 4.236 4.253 0.0109999999999992 0.011000000000001 60000 23946 0.2 0 0.8 0.1
0.694938440492476 0.694938440492476 0.84375 0.75 294 294 25 4.865 4.809 0.0119999999999987 0.011000000000001 60000 24171 0.754503938741982 1 0.8 0.1
0.388107126645483 0.44097995545657 0.515625 0.5 876 357 25 16.71 5.505 0.0110000000000028 0.0110000000000028 60000 23881 0.46 1 0.8 0.1
0.17910447761194 0.17910447761194 0.140625 0.25 107 107 25 4.149 4.215 0.0239999999999991 0.0230000000000015 60000 24089 0.2 0 0.8 0.1
0.322247706422018 0.322247706422018 0.453125 0.5 350 350 25 6.507 5.68 0.0359999999999996 0.0429999999999993 60000 24145 0.46 1 0.8 0.1
0.804713804713805 0.804713804713805 0.84375 1 118 118 25 1.752 1.971 0.0110000000000001 0.0110000000000001 60000 24012 0.8 1 0.8 0.1
0.817204301075269 0.817204301075269 0.8 0.5 110 110 25 1.415 2.383 0.0150000000000006 0.0110000000000001 60000 23819 0.8 1 0.8 0.1
0.375771172181716 0.418888888888889 0.46875 0.5 712 359 25 12.78 5.883 0.014999999999997 0.0380000000000003 60000 23977 0.46 0 0.8 0.1
0.317132442284326 0.317132442284326 0.453125 0.5 329 329 25 5.493 6.002 0.0169999999999995 0.0150000000000006 60000 24032 0.46 1 0.8 0.1
0.593198992443325 0.569521690767519 0.5 0.25 1272 360 25 25.026 7.785 0.0290000000000035 0.0159999999999982 60000 24044 0.503162571135908 1 0.8 0.1
0.578876100203114 0.498335183129856 0.4375 0 1779 361 25 28.903 5.355 0.0129999999999981 0.0110000000000028 60000 24100 0.310530528798699 0 0.8 0.1
0.55975657128059 0.361512791991101 0.215384615384615 0.25 3052 355 25 33.73 3.884 0.0100000000000051 0.0139999999999958 60000 23717 0.2 0 0.8 0.1
0.571992481203007 0.472222222222222 0.390625 0.5 2113 357 25 30.369 4.656 0.0109999999999957 0.0110000000000028 60000 23840 0.280617057252676 0 0.8 0.1
0.836065573770492 0.836065573770492 0.876923076923077 1 96 96 25 1.193 1.197 0.0140000000000002 0.0110000000000001 60000 23732 0.8 0 0.8 0.1
0.346678023850085 0.365555555555556 0.40625 0.25 471 361 25 8.056 5.642 0.0109999999999992 0.011000000000001 60000 24097 0.46 0 0.8 0.1
0.819188191881919 0.819188191881919 0.71875 0.75 107 107 25 1.395 1.379 0.0129999999999999 0.012 60000 23863 0.8 0 0.8 0.1
0.790273556231003 0.790273556231003 0.861538461538462 0.75 130 130 25 1.67 1.549 0.0110000000000001 0.0119999999999996 60000 23836 0.8 1 0.8 0.1
0.792682926829268 0.792682926829268 0.890625 1 131 131 25 1.683 1.557 0.0120000000000005 0.0119999999999996 60000 24039 0.8 1 0.8 0.1
0.362139917695473 0.386666666666667 0.421875 0.5 585 361 25 9.621 7.063 0.0199999999999996 0.0120000000000005 60000 24092 0.46 1 0.8 0.1
0.77445652173913 0.77445652173913 0.875 1 148 148 25 2.166 2.705 0.0119999999999996 0.0110000000000001 60000 24214 0.8 1 0.8 0.1
0.175572519083969 0.175572519083969 0.171875 0.25 104 104 25 2.236 2.103 0.0109999999999992 0.0110000000000001 60000 23929 0.2 0 0.8 0.1
0.802631578947368 0.802631578947368 0.828125 1 122 122 25 2.163 1.877 0.0110000000000001 0.0109999999999992 60000 24275 0.8 1 0.8 0.1
0.812720848056537 0.812720848056537 0.875 0.75 112 112 25 2.339 1.974 0.016 0.0140000000000002 60000 23826 0.8 1 0.8 0.1
0.806779661016949 0.806779661016949 0.8125 1 117 117 25 2.471 1.451 0.0110000000000001 0.0109999999999992 60000 23916 0.8 1 0.8 0.1
0.789634146341463 0.789634146341463 0.830769230769231 1 130 130 25 2.338 2.019 0.0140000000000002 0.0149999999999997 60000 23880 0.8 0 0.8 0.1
0.82051282051282 0.82051282051282 0.8125 1 108 108 25 1.672 1.878 0.0110000000000001 0.0110000000000001 60000 23884 0.8 1 0.8 0.1
0.609503239740821 0.615555555555556 0.625 0.25 920 357 25 15.729 6.101 0.0120000000000005 0.0130000000000017 60000 23862 0.675245981104672 1 0.8 0.1
0.203821656050955 0.203821656050955 0.1875 0.5 124 124 25 2.306 1.914 0.0129999999999999 0.0230000000000006 60000 23821 0.2 0 0.8 0.1
0.32046783625731 0.32046783625731 0.46875 0.5 341 341 25 5.707 5.441 0.0129999999999999 0.00999999999999979 60000 23974 0.46 1 0.8 0.1
0.560995401677035 0.422222222222222 0.25 0 2940 357 25 49.365 4.977 0.034000000000006 0.0309999999999988 60000 23866 0.2 0 0.8 0.1
0.236775818639798 0.236775818639798 0.15625 0 159 159 25 3.405 3.342 0.0170000000000003 0.0200000000000005 60000 24117 0.2 0 0.8 0.1
0.796178343949045 0.796178343949045 0.796875 1 126 126 25 3.976 3.696 0.0339999999999989 0.0290000000000017 60000 24247 0.8 1 0.8 0.1
0.165991902834008 0.165991902834008 0.125 0 98 98 25 3.139 3.091 0.0289999999999999 0.0289999999999999 60000 24002 0.2 0 0.8 0.1
0.276173285198556 0.276173285198556 0.1875 0 221 221 25 2.678 2.708 0.0130000000000008 0.0119999999999996 60000 23981 0.221593661904335 0 0.8 0.1
0.588202088625459 0.514983351831299 0.46875 0.5 1415 359 25 15.073 3.869 0.0110000000000028 0.00999999999999801 60000 23972 0.442416488099843 0 0.8 0.1
0.819852941176471 0.819852941176471 0.78125 1 108 108 25 3.403 3.393 0.0290000000000017 0.0289999999999999 60000 23902 0.8 1 0.8 0.1
0.807560137457045 0.807560137457045 0.78125 1 116 116 25 3.709 3.607 0.0299999999999994 0.0299999999999994 60000 23993 0.8 0 0.8 0.1
0.554136058767167 0.417130144605117 0.21875 0.25 3758 359 25 56.754 5.34 0.0140000000000029 0.00999999999999801 60000 24008 0.207724671717733 1 0.8 0.1
0.55802589787442 0.504444444444444 0.515625 0.75 3280 360 25 57.275 6.40599999999999 0.0110000000000099 0.00999999999999091 60000 24047 0.406618326809257 0 0.8 0.1
0.193979933110368 0.193979933110368 0.203125 0.25 119 119 25 3.86 3.747 0.0359999999999996 0.0309999999999988 60000 24021 0.2 1 0.8 0.1
0.752886836027714 0.752886836027714 0.78125 0.5 172 172 25 2.724 2.998 0.0109999999999992 0.0150000000000006 60000 23959 0.8 1 0.8 0.1
0.720848056537102 0.720848056537102 0.75 0.5 225 225 25 2.54 2.375 0.0119999999999996 0.0100000000000007 60000 23899 0.8 0 0.8 0.1
0.801948051948052 0.801948051948052 0.859375 1 122 122 25 3.867 3.611 0.0279999999999987 0.0280000000000005 60000 23919 0.8 0 0.8 0.1
0.280210157618214 0.280210157618214 0.21875 0.25 228 228 25 7.13 7.051 0.0300000000000011 0.0299999999999994 60000 23979 0.224618231942877 0 0.8 0.1
0.298682284040996 0.298682284040996 0.25 0.75 272 272 25 8.58 8.363 0.0300000000000011 0.0300000000000011 60000 23957 0.2 1 0.8 0.1
0.3 0.3 0.375 0.25 275 275 25 3.314 3.226 0.0119999999999996 0.0110000000000001 60000 23987 0.404362597800791 0 0.8 0.1
0.794952681388013 0.794952681388013 0.75 1 127 127 25 1.991 2.499 0.0170000000000003 0.0129999999999999 60000 24088 0.8 1 0.8 0.1
0.734530938123752 0.734530938123752 0.830769230769231 1 198 198 25 2.389 2.32 0.0110000000000001 0.0110000000000001 60000 23802 0.8 1 0.8 0.1
0.364123159303882 0.400221729490022 0.484375 0.25 596 359 25 7.279 4.222 0.0109999999999992 0.011000000000001 60000 23950 0.46 1 0.8 0.1
0.272388059701493 0.272388059701493 0.28125 0.75 215 215 25 6.756 6.623 0.0289999999999999 0.0289999999999999 60000 24129 0.2 1 0.8 0.1
0.32800851970181 0.332591768631813 0.484375 0.25 374 358 25 11.725 11.059 0.0299999999999976 0.0300000000000011 60000 23925 0.46 0 0.8 0.1
0.315270935960591 0.315270935960591 0.261538461538462 0 323 323 25 10.134 9.926 0.0300000000000011 0.0299999999999976 60000 23909 0.364368863841519 0 0.8 0.1
0.326441784548422 0.330367074527253 0.171875 0.25 365 357 25 11.515 11.17 0.0300000000000011 0.0300000000000011 60000 23874 0.2 1 0.8 0.1
0.556036446469248 0.341842397336293 0.234375 0 3507 359 25 68.89 6.843 0.0169999999999959 0.034000000000006 60000 23972 0.2 0 0.8 0.1
0.353171495693031 0.373748609566185 0.390625 0.5 513 361 25 15.679 11.028 0.0299999999999976 0.0289999999999999 60000 24143 0.46 1 0.8 0.1
0.559224786433763 0.385555555555556 0.1875 0.25 3125 358 25 51.775 6.129 0.0109999999999957 0.0559999999999974 60000 23910 0.2 0 0.8 0.1
0.250559284116331 0.250559284116331 0.3125 0 178 178 25 1.825 1.753 0.00899999999999945 0.0100000000000007 60000 23994 0.2 0 0.8 0.1
0.341485507246377 0.3559510567297 0.4375 0.75 443 361 25 13.598 10.915 0.0299999999999976 0.0300000000000011 60000 24117 0.46 0 0.8 0.1
0.567616837918462 0.451612903225806 0.28125 0.25 2399 357 25 41.346 6.07400000000001 0.0109999999999957 0.0110000000000028 60000 23863 0.2 0 0.8 0.1
0.562508869022279 0.515016685205784 0.390625 0.75 2810 358 25 34.762 4.287 0.0120000000000005 0.0110000000000028 60000 23931 0.505922944191843 0 0.8 0.1
0.35557240333586 0.357777777777778 0.390625 0.25 525 358 25 8.997 6 0.0199999999999996 0.0120000000000005 60000 23917 0.46 1 0.8 0.1
0.363513513513514 0.39 0.484375 0.25 591 359 25 17.94 10.789 0.0299999999999976 0.0289999999999999 60000 23983 0.46 0 0.8 0.1
0.553246218746785 0.493333333333333 0.446153846153846 0.25 3863 357 25 57.9 5.934 0.0109999999999957 0.01400000000001 60000 23854 0.372738294210285 0 0.8 0.1
0.811643835616438 0.811643835616438 0.75 0.75 116 116 25 1.526 2.419 0.0110000000000001 0.0110000000000001 60000 24009 0.8 1 0.8 0.1
0.207430340557276 0.207430340557276 0.15625 0.5 129 129 25 2.269 1.911 0.0129999999999999 0.016 60000 24029 0.2 0 0.8 0.1
0.323991031390135 0.323991031390135 0.4375 0.75 358 358 25 11.118 10.923 0.0350000000000001 0.0350000000000001 60000 24118 0.46 0 0.8 0.1
0.163934426229508 0.163934426229508 0.25 0.25 97 97 25 3.124 3.068 0.0289999999999999 0.0290000000000008 60000 23948 0.2 1 0.8 0.1
0.333668341708543 0.342984409799555 0.328125 0.25 396 358 25 6.186 5.154 0.0129999999999999 0.0119999999999987 60000 23925 0.46 1 0.8 0.1
0.32316384180791 0.32316384180791 0.523076923076923 0.75 351 351 25 6.197 6.246 0.0139999999999993 0.0170000000000012 60000 23844 0.46 0 0.8 0.1
0.390008764241893 0.468298109010011 0.34375 0.25 912 359 25 13.96 5.911 0.0120000000000005 0.00999999999999801 60000 23990 0.46 0 0.8 0.1
0.19935691318328 0.19935691318328 0.1875 0.25 123 123 25 1.993 2.062 0.0140000000000002 0.0110000000000001 60000 23920 0.2 0 0.8 0.1
0.329461457233369 0.329254727474972 0.265625 0.5 376 357 25 11.714 10.842 0.0289999999999999 0.0289999999999999 60000 23858 0.388945829747245 1 0.8 0.1
0.172413793103448 0.172413793103448 0.125 0.25 104 104 25 1.926 1.532 0.0380000000000003 0.0289999999999999 60000 24131 0.2 0 0.8 0.1
0.361937716262976 0.397107897664071 0.484375 0.5 576 358 25 17.791 10.893 0.0289999999999999 0.0289999999999999 60000 23942 0.46 1 0.8 0.1
0.802631578947368 0.802631578947368 0.772727272727273 0.75 119 119 25 3.703 3.447 0.0339999999999989 0.0280000000000005 60000 23654 0.8 1 0.8 0.1
0.247706422018349 0.247706422018349 0.234375 0.5 173 173 25 3.124 3.295 0.0110000000000001 0.0110000000000001 60000 23868 0.2 0 0.8 0.1
0.209090909090909 0.209090909090909 0.21875 0.25 131 131 25 2.423 2.046 0.0149999999999997 0.0110000000000001 60000 23933 0.2 0 0.8 0.1
0.219718309859155 0.219718309859155 0.203125 0.25 142 142 25 2.119 2.675 0.0110000000000001 0.0110000000000001 60000 24107 0.2 0 0.8 0.1
0.569671410999824 0.47 0.40625 0.5 2287 361 25 25.494 4.074 0.0100000000000016 0.0109999999999992 60000 24116 0.2 0 0.8 0.1
0.25 0.25 0.234375 0.5 178 178 25 2.622 2.968 0.00999999999999979 0.0110000000000001 60000 24136 0.2 0 0.8 0.1
0.245939675174014 0.245939675174014 0.140625 0.25 173 173 25 2.607 2.698 0.0110000000000001 0.0110000000000001 60000 24193 0.2 1 0.8 0.1
0.210843373493976 0.210843373493976 0.21875 0 132 132 25 4.259 4.024 0.0289999999999999 0.0350000000000001 60000 23970 0.2 0 0.8 0.1
0.557063613832173 0.349276974416018 0.1875 0.25 3386 359 25 55.287 6.428 0.0109999999999957 0.0110000000000028 60000 23984 0.2 1 0.8 0.1
0.214076246334311 0.214076246334311 0.1875 0.25 136 136 25 4.403 4.173 0.0340000000000007 0.0280000000000005 60000 24058 0.2 0 0.8 0.1
0.806779661016949 0.806779661016949 0.84375 0.75 117 117 25 2.386 1.433 0.0119999999999996 0.0120000000000005 60000 23957 0.8 1 0.8 0.1
0.570625566636446 0.479467258601554 0.292307692307692 0.25 2183 356 25 33.135 5.432 0.0109999999999957 0.0110000000000028 60000 23761 0.216962009575218 0 0.8 0.1
0.649080735411671 0.634444444444444 0.671875 0.5 498 358 25 8.819 5.967 0.011000000000001 0.0109999999999992 60000 23931 0.698872483242303 0 0.8 0.1
0.763224181360202 0.763224181360202 0.671875 0.5 159 159 25 2.468 2.195 0.0110000000000001 0.0109999999999992 60000 24115 0.8 1 0.8 0.1
0.174242424242424 0.174242424242424 0.140625 0 105 105 25 1.602 1.696 0.0110000000000001 0.0110000000000001 60000 23998 0.2 0 0.8 0.1
0.392946058091286 0.435555555555556 0.34375 0 971 362 25 29.68 10.841 0.0349999999999966 0.0300000000000011 60000 24184 0.46 0 0.8 0.1
0.271698113207547 0.271698113207547 0.15625 0.25 211 211 25 4.197 3.142 0.0150000000000006 0.0169999999999995 60000 23915 0.2 0 0.8 0.1
0.772727272727273 0.772727272727273 0.78125 1 148 148 25 2.26 1.802 0.0110000000000001 0.0110000000000001 60000 23851 0.8 1 0.8 0.1
0.54713791160132 0.384187082405345 0.4375 0.25 4957 358 25 68.801 4.44499999999999 0.00999999999999091 0.0130000000000052 60000 23948 0.2 0 0.8 0.1
0.323562570462232 0.323562570462232 0.359375 0 352 352 25 5.89 5.104 0.0210000000000008 0.0120000000000005 60000 23875 0.353005363205448 1 0.8 0.1
0.230971128608924 0.230971128608924 0.234375 0.25 152 152 25 2.12 2.847 0.0140000000000002 0.0110000000000001 60000 24002 0.2 1 0.8 0.1
0.350121852152721 0.363737486095662 0.453125 0.5 493 360 25 6.786 5.176 0.00999999999999979 0.0109999999999992 60000 24061 0.46 1 0.8 0.1
0.297337278106509 0.297337278106509 0.421875 0.5 270 270 25 3.733 3.476 0.0109999999999992 0.0110000000000001 60000 24013 0.285088583752513 0 0.8 0.1
0.330237358101135 0.331111111111111 0.359375 0.25 382 355 25 8.442 6.062 0.027000000000001 0.011000000000001 60000 23715 0.46 1 0.8 0.1
0.38858939802336 0.457683741648107 0.338461538461538 0.25 883 356 25 9.905 4.043 0.0139999999999993 0.0109999999999992 60000 23815 0.46 1 0.8 0.1
0.638637943015983 0.627363737486096 0.703125 0.75 576 360 25 16.843 10.105 0.0269999999999975 0.027000000000001 60000 24065 0.705703088920563 1 0.8 0.1
0.808219178082192 0.808219178082192 0.828125 0.5 116 116 25 3.798 3.336 0.0290000000000017 0.0280000000000005 60000 23956 0.8 1 0.8 0.1
0.562324536777091 0.391111111111111 0.21875 0 2845 359 25 29.475 3.721 0.0100000000000051 0.00999999999999801 60000 23968 0.2 1 0.8 0.1
0.339268978444236 0.35706340378198 0.46875 0.75 427 360 25 4.889 4.171 0.0129999999999999 0.0120000000000005 60000 24058 0.46 0 0.8 0.1
0.57798367527024 0.568888888888889 0.484375 0.25 1810 359 25 52.069 9.911 0.0260000000000034 0.0260000000000034 60000 23964 0.496658970043063 1 0.8 0.1
0.337488015340364 0.347777777777778 0.390625 0.75 416 359 25 4.634 3.906 0.0109999999999992 0.011000000000001 60000 23986 0.46 0 0.8 0.1
0.17910447761194 0.17910447761194 0.1875 0 107 107 25 1.87 1.928 0.0110000000000001 0.0110000000000001 60000 24056 0.2 0 0.8 0.1
0.298529411764706 0.298529411764706 0.265625 0 273 273 25 8.368 8.188 0.0289999999999999 0.0289999999999999 60000 24136 0.2 0 0.8 0.1
0.560020945149889 0.475555555555556 0.3125 0.25 3058 360 25 45.929 5.632 0.036999999999999 0.0390000000000015 60000 24022 0.300554104056209 0 0.8 0.1
0.369430693069307 0.382222222222222 0.421875 0.5 645 359 25 11.556 7.687 0.0440000000000005 0.032 60000 23964 0.46 0 0.8 0.1
0.782234957020057 0.782234957020057 0.671875 0.75 140 140 25 3.02 2.891 0.0129999999999999 0.0260000000000007 60000 24216 0.8 1 0.8 0.1
0.315659679408138 0.315659679408138 0.40625 0.25 325 325 25 5.114 5.129 0.0109999999999992 0.0139999999999993 60000 24057 0.46 1 0.8 0.1
0.191780821917808 0.191780821917808 0.15625 0 116 116 25 2.017 1.779 0.0110000000000001 0.0110000000000001 60000 23987 0.2 1 0.8 0.1
0.385273159144893 0.408231368186874 0.4375 1 851 363 25 16.763 7.756 0.0139999999999993 0.0120000000000005 60000 24280 0.46 1 0.8 0.1
0.602666666666667 0.637374860956618 0.75 0.5 1047 358 25 14.925 5.789 0.0269999999999975 0.0160000000000018 60000 23944 0.702101325057447 1 0.8 0.1
0.26369168356998 0.26369168356998 0.140625 0 197 197 25 4.41 4.365 0.0190000000000001 0.0259999999999998 60000 24043 0.2 0 0.8 0.1
0.815602836879433 0.815602836879433 0.859375 0.75 111 111 25 3.257 3.183 0.0269999999999992 0.0259999999999998 60000 23812 0.8 1 0.8 0.1
0.765903307888041 0.765903307888041 0.71875 0.75 158 158 25 2.481 2.746 0.0190000000000001 0.0329999999999995 60000 24188 0.8 1 0.8 0.1
0.279437609841828 0.279437609841828 0.203125 0.25 225 225 25 4.808 4.299 0.0339999999999989 0.0229999999999997 60000 23794 0.2 0 0.8 0.1
0.177777777777778 0.177777777777778 0.1875 0.25 108 108 25 2.57 2.251 0.016 0.0229999999999997 60000 24145 0.2 0 0.8 0.1
0.819188191881919 0.819188191881919 0.828125 1 108 108 25 2.49 2.224 0.0110000000000001 0.00999999999999979 60000 24016 0.8 0 0.8 0.1
0.659007352941177 0.662597114317425 0.738461538461539 0.75 434 359 25 4.332 3.53 0.00999999999999979 0.0100000000000016 60000 23971 0.8 1 0.8 0.1
0.193979933110368 0.193979933110368 0.215384615384615 0.25 118 118 25 2.795 2.318 0.0129999999999999 0.0219999999999994 60000 23831 0.2 0 0.8 0.1
0.338360037700283 0.331479421579533 0.184615384615385 0.25 420 356 25 12.233 10.16 0.0279999999999987 0.027000000000001 60000 23782 0.2 0 0.8 0.1
0.562660576648587 0.418242491657397 0.34375 0.25 2780 356 25 58.601 6.96 0.0109999999999957 0.0109999999999957 60000 23810 0.2 1 0.8 0.1
0.786350148367952 0.786350148367952 0.78125 0.75 134 134 25 2.274 2.207 0.0149999999999997 0.0300000000000002 60000 23963 0.8 0 0.8 0.1
0.560031286664059 0.492785793562708 0.375 0.5 3087 362 25 43.409 5.139 0.0110000000000028 0.0120000000000005 60000 24151 0.346725405566394 0 0.8 0.1
0.814035087719298 0.814035087719298 0.765625 1 113 113 25 1.225 1.194 0.0110000000000001 0.012 60000 23974 0.8 1 0.8 0.1
0.260416666666667 0.260416666666667 0.15625 0 191 191 25 3.474 4.04 0.0389999999999997 0.0200000000000014 60000 23976 0.2 0 0.8 0.1
0.203821656050955 0.203821656050955 0.25 0.5 125 125 25 3.788 3.517 0.0269999999999992 0.027000000000001 60000 23938 0.2 1 0.8 0.1
0.798076923076923 0.798076923076923 0.828125 0.5 124 124 25 1.227 1.14 0.0089999999999999 0.00900000000000034 60000 24010 0.8 1 0.8 0.1
0.351481184947958 0.367777777777778 0.53125 0.75 501 361 25 10.266 8.169 0.0279999999999987 0.0189999999999984 60000 24102 0.46 0 0.8 0.1
0.308100929614874 0.308100929614874 0.515625 0.5 301 301 25 7.096 6.512 0.0129999999999999 0.0190000000000001 60000 24050 0.46 1 0.8 0.1
0.586356253383866 0.527839643652561 0.453125 1 1473 358 25 28.044 7.329 0.0129999999999981 0.0120000000000005 60000 23941 0.364394567813725 1 0.8 0.1
0.555643074153258 0.34 0.21875 0.25 3552 359 25 102.995 9.62100000000001 0.0259999999999962 0.0259999999999962 60000 23985 0.2 0 0.8 0.1
0.354118552732871 0.380422691879866 0.53125 0 522 361 25 5.347 3.826 0.00999999999999979 0.00999999999999979 60000 24130 0.46 1 0.8 0.1
0.84549356223176 0.84549356223176 0.8125 1 92 92 25 1.122 2.106 0.0110000000000001 0.0179999999999998 60000 23829 0.8 1 0.8 0.1
0.33498023715415 0.341842397336293 0.390625 0.5 405 360 25 9.527 8.057 0.027000000000001 0.0309999999999988 60000 24038 0.46 1 0.8 0.1
0.354118552732871 0.372222222222222 0.46875 0.5 517 358 25 8.66 6.267 0.0229999999999997 0.0350000000000001 60000 23912 0.46 0 0.8 0.1
0.546549146139923 0.382222222222222 0.265625 0.25 5083 359 25 145.774 9.31800000000001 0.0240000000000009 0.0240000000000009 60000 24003 0.2 0 0.8 0.1
0.694520547945205 0.694520547945205 0.703125 1 290 290 25 4.994 4.867 0.0129999999999999 0.0129999999999999 60000 23880 0.8 0 0.8 0.1
0.186619718309859 0.186619718309859 0.203125 0.25 113 113 25 4.552 4.698 0.0419999999999998 0.0300000000000011 60000 23933 0.2 0 0.8 0.1
0.56629392971246 0.438888888888889 0.34375 0 2514 361 25 50.678 7.538 0.027000000000001 0.0409999999999968 60000 24103 0.2 0 0.8 0.1
0.399708773207135 0.463251670378619 0.4375 0.25 1098 359 25 28.217 8.756 0.0240000000000009 0.0230000000000032 60000 24006 0.46 1 0.8 0.1
0.756563245823389 0.756563245823389 0.828125 0.75 167 167 25 4.268 4.025 0.0240000000000009 0.0299999999999994 60000 23977 0.8 0 0.8 0.1
0.807560137457045 0.807560137457045 0.796875 1 116 116 25 4.383 4.196 0.0549999999999997 0.0530000000000008 60000 23972 0.8 1 0.8 0.1
0.314142678347935 0.314142678347935 0.265625 0.25 319 319 25 5.278 5.343 0.0150000000000006 0.0199999999999996 60000 24004 0.332088766917587 1 0.8 0.1
0.8300395256917 0.8300395256917 0.859375 1 102 102 25 2.402 2.408 0.0209999999999999 0.0249999999999995 60000 24276 0.8 1 0.8 0.1
0.623620309050773 0.602892102335929 0.71875 0.75 720 357 25 15.362 7.01 0.0239999999999974 0.0180000000000007 60000 23864 0.637987883668393 1 0.8 0.1
0.560104643557881 0.508888888888889 0.5 0.75 3090 363 25 70.948 7.96599999999999 0.0200000000000102 0.0200000000000102 60000 24256 0.503264284133911 0 0.8 0.1
