0.701058201058201 0.701058201058201 1 1 0.0940000000000001 0.0680000000000001 20000 53 0.631912474288108 1 0.8 0.6
0.817460317460317 0.817460317460317 1 1 0.085 0.0620000000000001 20000 53 0.8 1 0.8 0.6
0.412698412698413 0.412698412698413 1 1 0.0859999999999999 0.0629999999999999 20000 53 0.45 1 0.8 0.6
0.444444444444444 0.444444444444444 1 1 0.087 0.0629999999999999 20000 53 0.45 1 0.8 0.6
0.801587301587302 0.801587301587302 1 1 0.087 0.0640000000000001 20000 53 0.8 1 0.8 0.6
0.64021164021164 0.64021164021164 1 1 0.0880000000000001 0.0649999999999999 20000 53 0.2 0 0.8 0.6
0.425925925925926 0.425925925925926 1 1 0.0880000000000001 0.0649999999999999 20000 53 0.45 1 0.8 0.6
0.812169312169312 0.812169312169312 1 1 0.0860000000000001 0.0629999999999999 20000 53 0.8 0 0.8 0.6
0.78042328042328 0.78042328042328 1 1 0.0900000000000001 0.0649999999999999 20000 53 0.8 1 0.8 0.6
0.312169312169312 0.312169312169312 1 1 0.089 0.0639999999999998 20000 53 0.2 0 0.8 0.6
0.415343915343915 0.415343915343915 1 1 0.077 0.0609999999999999 20000 53 0.45 0 0.8 0.6
0.80952380952381 0.80952380952381 1 1 0.0810000000000002 0.0629999999999999 20000 53 0.8 1 0.8 0.6
0.772486772486772 0.772486772486772 1 1 0.0880000000000001 0.0640000000000001 20000 53 0.8 0 0.8 0.6
0.41005291005291 0.41005291005291 1 1 0.085 0.0629999999999999 20000 53 0.44736552663393 1 0.8 0.6
0.793650793650794 0.793650793650794 1 1 0.0850000000000002 0.0629999999999999 20000 53 0.8 0 0.8 0.6
0.404761904761905 0.404761904761905 1 1 0.0860000000000001 0.0629999999999999 20000 53 0.45 1 0.8 0.6
0.378306878306878 0.378306878306878 1 1 0.085 0.0629999999999999 20000 53 0.45 0 0.8 0.6
0.785714285714286 0.785714285714286 1 1 0.0890000000000002 0.0649999999999999 20000 53 0.8 1 0.8 0.6
0.420634920634921 0.420634920634921 1 1 0.0860000000000001 0.0629999999999999 20000 53 0.45 0 0.8 0.6
0.317460317460317 0.317460317460317 1 1 0.0850000000000002 0.0629999999999999 20000 53 0.2 0 0.8 0.6
0.341269841269841 0.341269841269841 1 1 0.089 0.0660000000000001 20000 53 0.229146076414273 0 0.8 0.6
0.783068783068783 0.783068783068783 1 1 0.089 0.0680000000000001 20000 53 0.8 1 0.8 0.6
0.425925925925926 0.425925925925926 1 1 0.0860000000000001 0.0649999999999999 20000 53 0.45 0 0.8 0.6
0.833333333333333 0.833333333333333 1 1 0.0880000000000001 0.0640000000000001 20000 53 0.8 1 0.8 0.6
0.812169312169312 0.812169312169312 1 1 0.0860000000000001 0.0629999999999999 20000 53 0.8 0 0.8 0.6
0.603174603174603 0.603174603174603 1 1 0.083 0.0609999999999999 20000 53 0.2 0 0.8 0.6
0.428571428571429 0.428571428571429 1 1 0.0800000000000001 0.0609999999999999 20000 53 0.45 0 0.8 0.6
0.783068783068783 0.783068783068783 1 1 0.0850000000000002 0.0669999999999999 20000 53 0.8 1 0.8 0.6
0.798941798941799 0.798941798941799 1 1 0.087 0.0629999999999999 20000 53 0.8 1 0.8 0.6
0.822751322751323 0.822751322751323 1 1 0.0880000000000001 0.0649999999999999 20000 53 0.8 1 0.8 0.6
0.761904761904762 0.761904761904762 1 1 0.087 0.0640000000000001 20000 53 0.8 0 0.8 0.6
0.362433862433862 0.362433862433862 1 1 0.086 0.0630000000000002 20000 53 0.292942126036909 0 0.8 0.6
0.484126984126984 0.484126984126984 1 1 0.087 0.0640000000000001 20000 53 0.45 1 0.8 0.6
0.53968253968254 0.53968253968254 1 1 0.0860000000000001 0.0629999999999999 20000 53 0.2 0 0.8 0.6
0.80952380952381 0.80952380952381 1 1 0.0860000000000001 0.0629999999999999 20000 53 0.8 1 0.8 0.6
0.407407407407407 0.407407407407407 1 1 0.089 0.0649999999999999 20000 53 0.45 0 0.8 0.6
0.828042328042328 0.828042328042328 1 1 0.0890000000000002 0.0660000000000001 20000 53 0.8 1 0.8 0.6
0.788359788359788 0.788359788359788 1 1 0.0860000000000001 0.0629999999999999 20000 53 0.8 1 0.8 0.6
0.828042328042328 0.828042328042328 1 1 0.0860000000000001 0.0639999999999998 20000 53 0.8 1 0.8 0.6
0.394179894179894 0.394179894179894 1 1 0.0860000000000001 0.0629999999999999 20000 53 0.45 0 0.8 0.6
0.775132275132275 0.775132275132275 1 1 0.0870000000000002 0.0639999999999998 20000 53 0.8 0 0.8 0.6
0.41005291005291 0.41005291005291 1 1 0.0860000000000001 0.0629999999999999 20000 53 0.45 0 0.8 0.6
0.35978835978836 0.35978835978836 1 1 0.0890000000000002 0.0649999999999999 20000 53 0.270178875097727 0 0.8 0.6
0.439153439153439 0.439153439153439 1 1 0.0900000000000001 0.0669999999999999 20000 53 0.45 0 0.8 0.6
0.78042328042328 0.78042328042328 1 1 0.091 0.0669999999999999 20000 53 0.8 1 0.8 0.6
0.563492063492063 0.563492063492063 1 1 0.0890000000000002 0.0619999999999998 20000 53 0.2 0 0.8 0.6
0.828042328042328 0.828042328042328 1 1 0.071 0.0529999999999999 20000 53 0.8 1 0.8 0.6
0.777777777777778 0.777777777777778 1 1 0.083 0.056 20000 53 0.8 1 0.8 0.6
0.788359788359788 0.788359788359788 1 1 0.0880000000000001 0.0640000000000001 20000 53 0.8 1 0.8 0.6
0.793650793650794 0.793650793650794 1 1 0.0660000000000001 0.0419999999999999 20000 53 0.8 1 0.8 0.6
0.32010582010582 0.32010582010582 1 1 0.0880000000000001 0.0640000000000001 20000 53 0.2 0 0.8 0.6
0.812169312169312 0.812169312169312 1 1 0.091 0.0669999999999999 20000 53 0.8 1 0.8 0.6
0.415343915343915 0.415343915343915 1 1 0.0880000000000001 0.0649999999999999 20000 53 0.45 0 0.8 0.6
0.402116402116402 0.402116402116402 1 1 0.085 0.0620000000000001 20000 53 0.45 1 0.8 0.6
0.415343915343915 0.415343915343915 1 1 0.085 0.0620000000000001 20000 53 0.325502818484191 0 0.8 0.6
0.791005291005291 0.791005291005291 1 1 0.085 0.0619999999999998 20000 53 0.8 1 0.8 0.6
0.783068783068783 0.783068783068783 1 1 0.0880000000000001 0.0639999999999998 20000 53 0.8 1 0.8 0.6
0.420634920634921 0.420634920634921 1 1 0.0880000000000001 0.0639999999999998 20000 53 0.45 1 0.8 0.6
0.41005291005291 0.41005291005291 1 1 0.0880000000000001 0.0649999999999999 20000 53 0.2 0 0.8 0.6
0.367724867724868 0.367724867724868 1 1 0.0880000000000001 0.0640000000000001 20000 53 0.2 0 0.8 0.6
0.44973544973545 0.44973544973545 1 1 0.0880000000000001 0.0649999999999999 20000 53 0.45 1 0.8 0.6
0.341269841269841 0.341269841269841 1 1 0.087 0.0639999999999998 20000 53 0.388278750616431 0 0.8 0.6
0.468253968253968 0.468253968253968 1 1 0.087 0.0639999999999998 20000 53 0.45 0 0.8 0.6
0.423280423280423 0.423280423280423 1 1 0.0870000000000002 0.0639999999999998 20000 53 0.45 0 0.8 0.6
0.838624338624339 0.838624338624339 1 1 0.0900000000000001 0.0660000000000001 20000 53 0.8 1 0.8 0.6
0.80952380952381 0.80952380952381 1 1 0.0890000000000002 0.0659999999999998 20000 53 0.8 1 0.8 0.6
0.838624338624339 0.838624338624339 1 1 0.0870000000000002 0.0639999999999998 20000 53 0.8 1 0.8 0.6
0.772486772486772 0.772486772486772 1 1 0.0900000000000001 0.0659999999999998 20000 53 0.8 1 0.8 0.6
0.806878306878307 0.806878306878307 1 1 0.0880000000000001 0.0649999999999999 20000 53 0.8 0 0.8 0.6
0.767195767195767 0.767195767195767 1 1 0.0870000000000002 0.0640000000000001 20000 53 0.8 1 0.8 0.6
0.357142857142857 0.357142857142857 1 1 0.0899999999999999 0.0659999999999998 20000 53 0.300863914554586 1 0.8 0.6
0.391534391534392 0.391534391534392 1 1 0.0859999999999999 0.0640000000000001 20000 53 0.45 0 0.8 0.6
0.338624338624339 0.338624338624339 1 1 0.087 0.0640000000000001 20000 53 0.45 0 0.8 0.6
0.69047619047619 0.69047619047619 1 1 0.0900000000000001 0.0669999999999999 20000 53 0.40529019386723 0 0.8 0.6
0.687830687830688 0.687830687830688 1 1 0.087 0.0639999999999998 20000 53 0.557203226323889 1 0.8 0.6
0.431216931216931 0.431216931216931 1 1 0.0899999999999999 0.0669999999999999 20000 53 0.449199715028031 1 0.8 0.6
0.798941798941799 0.798941798941799 1 1 0.091 0.0669999999999999 20000 53 0.8 1 0.8 0.6
0.767195767195767 0.767195767195767 1 1 0.0900000000000001 0.0669999999999999 20000 53 0.8 0 0.8 0.6
0.793650793650794 0.793650793650794 1 1 0.0880000000000001 0.0640000000000001 20000 53 0.8 1 0.8 0.6
0.812169312169312 0.812169312169312 1 1 0.0880000000000001 0.0649999999999999 20000 53 0.8 1 0.8 0.6
0.267195767195767 0.267195767195767 1 1 0.0880000000000001 0.0649999999999999 20000 53 0.2 1 0.8 0.6
0.423280423280423 0.423280423280423 1 1 0.0910000000000002 0.0659999999999998 20000 53 0.45 1 0.8 0.6
0.423280423280423 0.423280423280423 1 1 0.087 0.0669999999999999 20000 53 0.43356714958294 0 0.8 0.6
0.357142857142857 0.357142857142857 1 1 0.087 0.0669999999999999 20000 53 0.335303211107927 0 0.8 0.6
0.756613756613757 0.756613756613757 1 1 0.0880000000000001 0.0659999999999998 20000 53 0.8 1 0.8 0.6
0.78042328042328 0.78042328042328 1 1 0.0870000000000001 0.0640000000000001 20000 53 0.8 1 0.8 0.6
0.367724867724868 0.367724867724868 1 1 0.0860000000000001 0.0629999999999999 20000 53 0.45 1 0.8 0.6
0.375661375661376 0.375661375661376 1 1 0.0900000000000001 0.0720000000000001 20000 53 0.45 0 0.8 0.6
0.46031746031746 0.46031746031746 1 1 0.089 0.0660000000000001 20000 53 0.45 0 0.8 0.6
0.822751322751323 0.822751322751323 1 1 0.0940000000000001 0.0680000000000001 20000 53 0.8 1 0.8 0.6
0.791005291005291 0.791005291005291 1 1 0.095 0.069 20000 53 0.8 1 0.8 0.6
0.793650793650794 0.793650793650794 1 1 0.095 0.069 20000 53 0.8 1 0.8 0.6
0.447089947089947 0.447089947089947 1 1 0.095 0.0680000000000001 20000 53 0.45 0 0.8 0.6
0.783068783068783 0.783068783068783 1 1 0.095 0.0680000000000001 20000 53 0.8 1 0.8 0.6
0.775132275132275 0.775132275132275 1 1 0.0960000000000001 0.0680000000000001 20000 53 0.8 1 0.8 0.6
0.351851851851852 0.351851851851852 1 1 0.095 0.0680000000000001 20000 53 0.346221972807086 1 0.8 0.6
0.388888888888889 0.388888888888889 1 1 0.0979999999999999 0.0700000000000001 20000 53 0.292900330455235 1 0.8 0.6
0.537037037037037 0.537037037037037 1 1 0.0960000000000001 0.0690000000000002 20000 53 0.2 0 0.8 0.6
0.791005291005291 0.791005291005291 1 1 0.0980000000000001 0.0700000000000001 20000 53 0.8 1 0.8 0.6
0.804232804232804 0.804232804232804 1 1 0.0980000000000001 0.0690000000000002 20000 53 0.8 1 0.8 0.6
0.80952380952381 0.80952380952381 1 1 0.085 0.0619999999999998 20000 53 0.8 0 0.8 0.6
0.801587301587302 0.801587301587302 1 1 0.081 0.0649999999999999 20000 53 0.8 1 0.8 0.6
0.822751322751323 0.822751322751323 1 1 0.0810000000000002 0.069 20000 53 0.8 1 0.8 0.6
0.46031746031746 0.46031746031746 1 1 0.0810000000000002 0.0669999999999999 20000 53 0.45 1 0.8 0.6
0.791005291005291 0.791005291005291 1 1 0.0810000000000002 0.069 20000 53 0.8 1 0.8 0.6
0.489417989417989 0.489417989417989 1 1 0.0840000000000001 0.0739999999999998 20000 53 0.2 1 0.8 0.6
0.793650793650794 0.793650793650794 1 1 0.0850000000000002 0.075 20000 53 0.8 1 0.8 0.6
0.333333333333333 0.333333333333333 1 1 0.089 0.071 20000 53 0.434352365506489 0 0.8 0.6
0.772486772486772 0.772486772486772 1 1 0.091 0.071 20000 53 0.8 1 0.8 0.6
0.373015873015873 0.373015873015873 1 1 0.0939999999999999 0.0730000000000002 20000 53 0.45 0 0.8 0.6
0.801587301587302 0.801587301587302 1 1 0.0939999999999999 0.0720000000000001 20000 53 0.8 1 0.8 0.6
0.804232804232804 0.804232804232804 1 1 0.0939999999999999 0.0730000000000002 20000 53 0.8 1 0.8 0.6
0.386243386243386 0.386243386243386 1 1 0.097 0.0720000000000001 20000 53 0.45 1 0.8 0.6
0.428571428571429 0.428571428571429 1 1 0.0840000000000001 0.0620000000000001 20000 53 0.45 0 0.8 0.6
0.772486772486772 0.772486772486772 1 1 0.0859999999999999 0.0639999999999998 20000 53 0.8 1 0.8 0.6
0.428571428571429 0.428571428571429 1 1 0.0860000000000001 0.0639999999999998 20000 53 0.45 0 0.8 0.6
0.407407407407407 0.407407407407407 1 1 0.087 0.0649999999999999 20000 53 0.45 0 0.8 0.6
0.791005291005291 0.791005291005291 1 1 0.0870000000000002 0.0640000000000001 20000 53 0.8 1 0.8 0.6
0.80952380952381 0.80952380952381 1 1 0.087 0.0629999999999999 20000 53 0.8 1 0.8 0.6
0.793650793650794 0.793650793650794 1 1 0.0860000000000001 0.0629999999999999 20000 53 0.8 1 0.8 0.6
0.804232804232804 0.804232804232804 1 1 0.0860000000000001 0.0639999999999998 20000 53 0.8 1 0.8 0.6
0.838624338624339 0.838624338624339 1 1 0.0880000000000001 0.0669999999999999 20000 53 0.8 1 0.8 0.6
0.378306878306878 0.378306878306878 1 1 0.0920000000000001 0.0639999999999998 20000 53 0.45 0 0.8 0.6
0.404761904761905 0.404761904761905 1 1 0.0870000000000002 0.0609999999999999 20000 53 0.45 0 0.8 0.6
0.849206349206349 0.849206349206349 1 1 0.0900000000000001 0.0639999999999998 20000 53 0.8 1 0.8 0.6
0.388888888888889 0.388888888888889 1 1 0.0860000000000001 0.0640000000000001 20000 53 0.45 1 0.8 0.6
0.417989417989418 0.417989417989418 1 1 0.0879999999999999 0.0639999999999998 20000 53 0.45 1 0.8 0.6
0.843915343915344 0.843915343915344 1 1 0.087 0.0640000000000001 20000 53 0.8 1 0.8 0.6
0.785714285714286 0.785714285714286 1 1 0.0860000000000001 0.0629999999999999 20000 53 0.8 1 0.8 0.6
0.439153439153439 0.439153439153439 1 1 0.087 0.0630000000000002 20000 53 0.45 1 0.8 0.6
0.817460317460317 0.817460317460317 1 1 0.0899999999999999 0.0660000000000001 20000 53 0.8 1 0.8 0.6
0.825396825396825 0.825396825396825 1 1 0.0860000000000001 0.0630000000000002 20000 53 0.8 1 0.8 0.6
0.814814814814815 0.814814814814815 1 1 0.0860000000000001 0.0630000000000002 20000 53 0.8 1 0.8 0.6
0.373015873015873 0.373015873015873 1 1 0.0860000000000001 0.0620000000000001 20000 53 0.297208604402583 0 0.8 0.6
0.796296296296296 0.796296296296296 1 1 0.089 0.0660000000000001 20000 53 0.8 1 0.8 0.6
0.82010582010582 0.82010582010582 1 1 0.0870000000000002 0.0640000000000001 20000 53 0.8 1 0.8 0.6
0.412698412698413 0.412698412698413 1 1 0.0879999999999999 0.0649999999999999 20000 53 0.45 0 0.8 0.6
0.798941798941799 0.798941798941799 1 1 0.0870000000000002 0.0640000000000001 20000 53 0.8 1 0.8 0.6
0.732804232804233 0.732804232804233 1 1 0.0890000000000002 0.0649999999999999 20000 53 0.8 1 0.8 0.6
0.431216931216931 0.431216931216931 1 1 0.0880000000000001 0.0649999999999999 20000 53 0.45 1 0.8 0.6
0.783068783068783 0.783068783068783 1 1 0.089 0.0649999999999999 20000 53 0.8 1 0.8 0.6
0.433862433862434 0.433862433862434 1 1 0.0860000000000001 0.0640000000000001 20000 53 0.45 0 0.8 0.6
0.417989417989418 0.417989417989418 1 1 0.0880000000000001 0.0649999999999999 20000 53 0.2 0 0.8 0.6
0.78042328042328 0.78042328042328 1 1 0.0890000000000001 0.0640000000000001 20000 53 0.8 1 0.8 0.6
0.420634920634921 0.420634920634921 1 1 0.0880000000000001 0.0649999999999999 20000 53 0.45 1 0.8 0.6
0.338624338624339 0.338624338624339 1 1 0.0880000000000001 0.0649999999999999 20000 53 0.2 0 0.8 0.6
0.415343915343915 0.415343915343915 1 1 0.091 0.0669999999999999 20000 53 0.45 0 0.8 0.6
0.428571428571429 0.428571428571429 1 1 0.089 0.0650000000000002 20000 53 0.45 0 0.8 0.6
0.76984126984127 0.76984126984127 1 1 0.0980000000000001 0.0730000000000002 20000 53 0.8 1 0.8 0.6
0.420634920634921 0.420634920634921 1 1 0.0880000000000001 0.0669999999999999 20000 53 0.45 1 0.8 0.6
0.365079365079365 0.365079365079365 1 1 0.0860000000000001 0.0600000000000001 20000 53 0.357335519231881 0 0.8 0.6
0.375661375661376 0.375661375661376 1 1 0.074 0.048 20000 53 0.45 1 0.8 0.6
0.402116402116402 0.402116402116402 1 1 0.0879999999999999 0.0649999999999999 20000 53 0.45 0 0.8 0.6
0.78042328042328 0.78042328042328 1 1 0.087 0.0629999999999999 20000 53 0.8 1 0.8 0.6
0.470899470899471 0.470899470899471 1 1 0.089 0.0649999999999999 20000 53 0.45 0 0.8 0.6
0.661375661375661 0.661375661375661 1 1 0.0860000000000001 0.0629999999999999 20000 53 0.376078816961022 0 0.8 0.6
0.804232804232804 0.804232804232804 1 1 0.0900000000000001 0.0649999999999999 20000 53 0.8 1 0.8 0.6
0.412698412698413 0.412698412698413 1 1 0.0870000000000002 0.0639999999999998 20000 53 0.31723815344226 1 0.8 0.6
0.404761904761905 0.404761904761905 1 1 0.0880000000000001 0.0649999999999999 20000 53 0.229989728092306 1 0.8 0.6
0.825396825396825 0.825396825396825 1 1 0.0880000000000001 0.0640000000000001 20000 53 0.8 1 0.8 0.6
0.412698412698413 0.412698412698413 1 1 0.0890000000000002 0.0649999999999999 20000 53 0.45 1 0.8 0.6
0.806878306878307 0.806878306878307 1 1 0.089 0.0649999999999999 20000 53 0.8 1 0.8 0.6
0.830687830687831 0.830687830687831 1 1 0.0900000000000001 0.0649999999999999 20000 53 0.8 1 0.8 0.6
0.835978835978836 0.835978835978836 1 1 0.089 0.0649999999999999 20000 53 0.8 1 0.8 0.6
0.399470899470899 0.399470899470899 1 1 0.089 0.0659999999999998 20000 53 0.45 1 0.8 0.6
0.759259259259259 0.759259259259259 1 1 0.0880000000000001 0.0660000000000001 20000 53 0.8 1 0.8 0.6
0.80952380952381 0.80952380952381 1 1 0.089 0.0649999999999999 20000 53 0.8 1 0.8 0.6
0.351851851851852 0.351851851851852 1 1 0.0879999999999999 0.0639999999999998 20000 53 0.45 1 0.8 0.6
0.793650793650794 0.793650793650794 1 1 0.085 0.0619999999999998 20000 53 0.8 1 0.8 0.6
0.841269841269841 0.841269841269841 1 1 0.085 0.0630000000000002 20000 53 0.8 1 0.8 0.6
0.391534391534392 0.391534391534392 1 1 0.0860000000000001 0.0629999999999999 20000 53 0.45 1 0.8 0.6
0.825396825396825 0.825396825396825 1 1 0.086 0.0630000000000002 20000 53 0.8 0 0.8 0.6
0.441798941798942 0.441798941798942 1 1 0.0860000000000001 0.0640000000000001 20000 53 0.45 1 0.8 0.6
0.777777777777778 0.777777777777778 1 1 0.0860000000000001 0.0619999999999998 20000 53 0.8 1 0.8 0.6
0.78042328042328 0.78042328042328 1 1 0.0860000000000001 0.0629999999999999 20000 53 0.8 1 0.8 0.6
0.35978835978836 0.35978835978836 1 1 0.0860000000000001 0.0629999999999999 20000 53 0.2 0 0.8 0.6
0.338624338624339 0.338624338624339 1 1 0.089 0.0649999999999999 20000 53 0.2 0 0.8 0.6
0.407407407407407 0.407407407407407 1 1 0.0890000000000002 0.0649999999999999 20000 53 0.45 0 0.8 0.6
0.365079365079365 0.365079365079365 1 1 0.0890000000000002 0.0660000000000001 20000 53 0.42040149966671 1 0.8 0.6
0.756613756613757 0.756613756613757 1 1 0.0880000000000001 0.0649999999999999 20000 53 0.8 1 0.8 0.6
0.380952380952381 0.380952380952381 1 1 0.0890000000000002 0.0649999999999999 20000 53 0.45 0 0.8 0.6
0.788359788359788 0.788359788359788 1 1 0.0890000000000002 0.0659999999999998 20000 53 0.8 1 0.8 0.6
0.489417989417989 0.489417989417989 1 1 0.0860000000000001 0.0629999999999999 20000 53 0.2 0 0.8 0.6
0.272486772486772 0.272486772486772 1 1 0.087 0.0640000000000001 20000 53 0.2 0 0.8 0.6
0.375661375661376 0.375661375661376 1 1 0.0880000000000001 0.0649999999999999 20000 53 0.318250773490463 0 0.8 0.6
0.814814814814815 0.814814814814815 1 1 0.0880000000000001 0.0639999999999998 20000 53 0.8 1 0.8 0.6
0.394179894179894 0.394179894179894 1 1 0.0880000000000001 0.0649999999999999 20000 53 0.45 0 0.8 0.6
0.441798941798942 0.441798941798942 1 1 0.0890000000000002 0.0660000000000001 20000 53 0.45 0 0.8 0.6
0.82010582010582 0.82010582010582 1 1 0.089 0.0660000000000001 20000 53 0.8 1 0.8 0.6
0.425925925925926 0.425925925925926 1 1 0.0900000000000001 0.069 20000 53 0.45 1 0.8 0.6
0.838624338624339 0.838624338624339 1 1 0.0870000000000002 0.0620000000000001 20000 53 0.8 1 0.8 0.6
0.798941798941799 0.798941798941799 1 1 0.0910000000000002 0.0659999999999998 20000 53 0.8 1 0.8 0.6
0.801587301587302 0.801587301587302 1 1 0.0900000000000001 0.0649999999999999 20000 53 0.8 1 0.8 0.6
0.76984126984127 0.76984126984127 1 1 0.079 0.0419999999999999 20000 53 0.8 1 0.8 0.6
0.558201058201058 0.558201058201058 1 1 0.082 0.0600000000000001 20000 53 0.2 0 0.8 0.6
0.431216931216931 0.431216931216931 1 1 0.081 0.0609999999999999 20000 53 0.45 1 0.8 0.6
0.328042328042328 0.328042328042328 1 1 0.083 0.0629999999999999 20000 53 0.45 1 0.8 0.6
0.41005291005291 0.41005291005291 1 1 0.083 0.0640000000000001 20000 53 0.45 0 0.8 0.6
0.436507936507937 0.436507936507937 1 1 0.083 0.0639999999999998 20000 53 0.2 1 0.8 0.6
0.417989417989418 0.417989417989418 1 1 0.0660000000000001 0.0429999999999999 20000 53 0.45 0 0.8 0.6
