0.408 0.408 1 1 0.0630000000000001 0.0399999999999999 10000 40 0.45 0 0.8 0.6
0.732 0.732 1 1 0.0650000000000001 0.0389999999999999 10000 40 0.674155712247736 1 0.8 0.6
0.444 0.444 1 1 0.0640000000000001 0.0379999999999999 10000 40 0.414431689127781 1 0.8 0.6
0.776 0.776 1 1 0.0650000000000001 0.0399999999999999 10000 40 0.8 0 0.8 0.6
0.396 0.396 1 1 0.0650000000000001 0.0399999999999999 10000 40 0.45 1 0.8 0.6
0.376 0.376 1 1 0.0670000000000001 0.0399999999999999 10000 40 0.45 0 0.8 0.6
0.392 0.392 1 1 0.0629999999999999 0.039 10000 40 0.277242246253192 0 0.8 0.6
0.832 0.832 1 1 0.0650000000000001 0.0389999999999999 10000 40 0.8 0 0.8 0.6
0.412 0.412 1 1 0.0650000000000001 0.0389999999999999 10000 40 0.45 0 0.8 0.6
0.776 0.776 1 1 0.0660000000000001 0.0399999999999999 10000 40 0.8 1 0.8 0.6
0.828 0.828 1 1 0.0649999999999999 0.039 10000 40 0.8 1 0.8 0.6
0.788 0.788 1 1 0.0670000000000001 0.04 10000 40 0.8 1 0.8 0.6
0.808 0.808 1 1 0.0590000000000001 0.0379999999999999 10000 40 0.8 0 0.8 0.6
0.772 0.772 1 1 0.0640000000000001 0.039 10000 40 0.8 1 0.8 0.6
0.408 0.408 1 1 0.0640000000000001 0.039 10000 40 0.45 0 0.8 0.6
0.468 0.468 1 1 0.0640000000000001 0.0379999999999999 10000 40 0.2 0 0.8 0.6
0.796 0.796 1 1 0.0640000000000001 0.0389999999999999 10000 40 0.8 1 0.8 0.6
0.444 0.444 1 1 0.0640000000000001 0.0379999999999999 10000 40 0.45 0 0.8 0.6
0.54 0.54 1 1 0.0640000000000001 0.0389999999999999 10000 40 0.2 0 0.8 0.6
0.776 0.776 1 1 0.0660000000000001 0.0399999999999999 10000 40 0.8 1 0.8 0.6
0.796 0.796 1 1 0.0660000000000001 0.0399999999999999 10000 40 0.8 1 0.8 0.6
0.812 0.812 1 1 0.0660000000000001 0.0409999999999999 10000 40 0.8 1 0.8 0.6
0.784 0.784 1 1 0.0650000000000001 0.037 10000 40 0.8 1 0.8 0.6
0.408 0.408 1 1 0.0680000000000001 0.0399999999999999 10000 40 0.45 0 0.8 0.6
0.812 0.812 1 1 0.0650000000000001 0.0389999999999999 10000 40 0.8 0 0.8 0.6
0.332 0.332 1 1 0.0640000000000001 0.0379999999999999 10000 40 0.2 0 0.8 0.6
0.8 0.8 1 1 0.0620000000000001 0.038 10000 40 0.8 1 0.8 0.6
0.4 0.4 1 1 0.0630000000000001 0.0389999999999999 10000 40 0.45 1 0.8 0.6
0.776 0.776 1 1 0.0650000000000001 0.04 10000 40 0.8 1 0.8 0.6
0.476 0.476 1 1 0.0630000000000001 0.039 10000 40 0.45 0 0.8 0.6
0.648 0.648 1 1 0.0650000000000001 0.039 10000 40 0.606715984668231 1 0.8 0.6
0.36 0.36 1 1 0.0649999999999999 0.039 10000 40 0.45 1 0.8 0.6
0.4 0.4 1 1 0.0640000000000001 0.039 10000 40 0.329162008442077 1 0.8 0.6
0.336 0.336 1 1 0.0650000000000001 0.039 10000 40 0.45 1 0.8 0.6
0.772 0.772 1 1 0.0650000000000001 0.039 10000 40 0.8 1 0.8 0.6
0.412 0.412 1 1 0.0640000000000001 0.038 10000 40 0.45 0 0.8 0.6
0.72 0.72 1 1 0.0640000000000001 0.038 10000 40 0.8 1 0.8 0.6
0.44 0.44 1 1 0.0640000000000001 0.0389999999999999 10000 40 0.321312227883757 1 0.8 0.6
0.432 0.432 1 1 0.0650000000000001 0.0379999999999999 10000 40 0.2 1 0.8 0.6
0.356 0.356 1 1 0.0650000000000001 0.0389999999999999 10000 40 0.336568167779867 1 0.8 0.6
0.412 0.412 1 1 0.0640000000000001 0.0379999999999999 10000 40 0.348107320589935 0 0.8 0.6
0.784 0.784 1 1 0.0640000000000001 0.0379999999999999 10000 40 0.8 1 0.8 0.6
0.412 0.412 1 1 0.0660000000000001 0.0409999999999999 10000 40 0.45 1 0.8 0.6
0.412 0.412 1 1 0.0670000000000001 0.0409999999999999 10000 40 0.365152510367525 0 0.8 0.6
0.82 0.82 1 1 0.0660000000000001 0.0399999999999999 10000 40 0.8 1 0.8 0.6
0.764 0.764 1 1 0.0680000000000001 0.0399999999999999 10000 40 0.8 1 0.8 0.6
0.5 0.5 1 1 0.0630000000000001 0.0379999999999999 10000 40 0.2 0 0.8 0.6
0.396 0.396 1 1 0.0620000000000001 0.038 10000 40 0.45 0 0.8 0.6
0.416 0.416 1 1 0.0650000000000001 0.0389999999999999 10000 40 0.278571964460603 0 0.8 0.6
0.764 0.764 1 1 0.0509999999999999 0.027 10000 40 0.8 1 0.8 0.6
0.408 0.408 1 1 0.0670000000000001 0.0399999999999999 10000 40 0.45 0 0.8 0.6
0.372 0.372 1 1 0.0660000000000001 0.0389999999999999 10000 40 0.45 0 0.8 0.6
0.36 0.36 1 1 0.0650000000000001 0.0379999999999999 10000 40 0.45 0 0.8 0.6
0.444 0.444 1 1 0.0640000000000001 0.0389999999999999 10000 40 0.45 0 0.8 0.6
0.496 0.496 1 1 0.0650000000000001 0.0389999999999999 10000 40 0.45 1 0.8 0.6
0.76 0.76 1 1 0.0650000000000001 0.0399999999999999 10000 40 0.8 1 0.8 0.6
0.712 0.712 1 1 0.0670000000000001 0.0409999999999999 10000 40 0.2 0 0.8 0.6
0.812 0.812 1 1 0.0660000000000001 0.0409999999999999 10000 40 0.8 1 0.8 0.6
0.772 0.772 1 1 0.0660000000000001 0.0409999999999999 10000 40 0.8 1 0.8 0.6
0.34 0.34 1 1 0.0650000000000001 0.038 10000 40 0.409279520652405 0 0.8 0.6
0.392 0.392 1 1 0.0660000000000001 0.039 10000 40 0.45 0 0.8 0.6
0.708 0.708 1 1 0.0650000000000001 0.0389999999999999 10000 40 0.577479541705553 1 0.8 0.6
0.336 0.336 1 1 0.0670000000000001 0.0399999999999999 10000 40 0.45 1 0.8 0.6
0.376 0.376 1 1 0.0650000000000001 0.0389999999999999 10000 40 0.45 1 0.8 0.6
0.744 0.744 1 1 0.0650000000000001 0.0389999999999999 10000 40 0.8 1 0.8 0.6
0.392 0.392 1 1 0.0660000000000001 0.0399999999999999 10000 40 0.2 0 0.8 0.6
0.804 0.804 1 1 0.0650000000000001 0.0389999999999999 10000 40 0.8 1 0.8 0.6
0.804 0.804 1 1 0.0660000000000001 0.0389999999999999 10000 40 0.8 1 0.8 0.6
0.416 0.416 1 1 0.0660000000000001 0.0399999999999999 10000 40 0.45 1 0.8 0.6
0.296 0.296 1 1 0.0649999999999999 0.039 10000 40 0.45 0 0.8 0.6
0.824 0.824 1 1 0.0649999999999999 0.039 10000 40 0.8 1 0.8 0.6
0.476 0.476 1 1 0.0670000000000001 0.0409999999999999 10000 40 0.2 0 0.8 0.6
0.62 0.62 1 1 0.0659999999999999 0.039 10000 40 0.2 1 0.8 0.6
0.364 0.364 1 1 0.0649999999999999 0.039 10000 40 0.2 1 0.8 0.6
0.396 0.396 1 1 0.0669999999999999 0.04 10000 40 0.2 0 0.8 0.6
0.4 0.4 1 1 0.0649999999999999 0.039 10000 40 0.423877395323941 0 0.8 0.6
0.448 0.448 1 1 0.0649999999999999 0.04 10000 40 0.45 1 0.8 0.6
0.424 0.424 1 1 0.0649999999999999 0.039 10000 40 0.2 0 0.8 0.6
0.392 0.392 1 1 0.0649999999999999 0.039 10000 40 0.45 0 0.8 0.6
0.804 0.804 1 1 0.0669999999999999 0.04 10000 40 0.8 1 0.8 0.6
0.332 0.332 1 1 0.0659999999999999 0.04 10000 40 0.45 1 0.8 0.6
0.796 0.796 1 1 0.0669999999999999 0.041 10000 40 0.8 1 0.8 0.6
0.652 0.652 1 1 0.0649999999999999 0.04 10000 40 0.2 0 0.8 0.6
0.852 0.852 1 1 0.0659999999999999 0.039 10000 40 0.8 1 0.8 0.6
0.476 0.476 1 1 0.0659999999999999 0.039 10000 40 0.264170086911788 0 0.8 0.6
0.824 0.824 1 1 0.0659999999999999 0.039 10000 40 0.8 1 0.8 0.6
0.808 0.808 1 1 0.0649999999999999 0.04 10000 40 0.8 1 0.8 0.6
0.42 0.42 1 1 0.0649999999999999 0.039 10000 40 0.2 1 0.8 0.6
0.796 0.796 1 1 0.0659999999999999 0.04 10000 40 0.8 1 0.8 0.6
0.816 0.816 1 1 0.0659999999999999 0.039 10000 40 0.8 0 0.8 0.6
0.348 0.348 1 1 0.0669999999999999 0.04 10000 40 0.45 1 0.8 0.6
0.828 0.828 1 1 0.0669999999999999 0.04 10000 40 0.8 1 0.8 0.6
0.428 0.428 1 1 0.0679999999999999 0.041 10000 40 0.378558124262502 1 0.8 0.6
0.412 0.412 1 1 0.0679999999999999 0.041 10000 40 0.2 0 0.8 0.6
0.84 0.84 1 1 0.0580000000000001 0.0359999999999999 10000 40 0.8 1 0.8 0.6
0.82 0.82 1 1 0.0570000000000001 0.0359999999999999 10000 40 0.8 0 0.8 0.6
0.376 0.376 1 1 0.0609999999999999 0.039 10000 40 0.2 0 0.8 0.6
0.692 0.692 1 1 0.0670000000000001 0.0399999999999999 10000 40 0.287083399221422 1 0.8 0.6
0.824 0.824 1 1 0.0600000000000001 0.038 10000 40 0.8 1 0.8 0.6
0.808 0.808 1 1 0.0600000000000001 0.039 10000 40 0.8 0 0.8 0.6
0.728 0.728 1 1 0.0650000000000001 0.0379999999999999 10000 40 0.682161470976349 1 0.8 0.6
0.804 0.804 1 1 0.0630000000000001 0.0379999999999999 10000 40 0.8 1 0.8 0.6
0.416 0.416 1 1 0.0630000000000001 0.0379999999999999 10000 40 0.45 0 0.8 0.6
0.38 0.38 1 1 0.0630000000000001 0.0379999999999999 10000 40 0.343849526349848 0 0.8 0.6
0.392 0.392 1 1 0.0630000000000001 0.0379999999999999 10000 40 0.45 0 0.8 0.6
0.376 0.376 1 1 0.0640000000000001 0.0379999999999999 10000 40 0.2 0 0.8 0.6
0.708 0.708 1 1 0.0650000000000001 0.0379999999999999 10000 40 0.315294288261921 0 0.8 0.6
0.424 0.424 1 1 0.0650000000000001 0.0389999999999999 10000 40 0.45 1 0.8 0.6
0.796 0.796 1 1 0.0650000000000001 0.0389999999999999 10000 40 0.8 1 0.8 0.6
0.468 0.468 1 1 0.0660000000000001 0.0389999999999999 10000 40 0.45 0 0.8 0.6
0.796 0.796 1 1 0.0660000000000001 0.0399999999999999 10000 40 0.8 0 0.8 0.6
0.804 0.804 1 1 0.0660000000000001 0.0399999999999999 10000 40 0.8 1 0.8 0.6
0.768 0.768 1 1 0.0660000000000001 0.0399999999999999 10000 40 0.8 1 0.8 0.6
0.388 0.388 1 1 0.0670000000000001 0.0389999999999999 10000 40 0.45 0 0.8 0.6
0.36 0.36 1 1 0.0640000000000001 0.038 10000 40 0.362533632039468 0 0.8 0.6
0.768 0.768 1 1 0.0640000000000001 0.039 10000 40 0.8 1 0.8 0.6
0.356 0.356 1 1 0.0630000000000001 0.0399999999999999 10000 40 0.45 1 0.8 0.6
0.42 0.42 1 1 0.0650000000000001 0.0379999999999999 10000 40 0.2 0 0.8 0.6
0.428 0.428 1 1 0.0630000000000001 0.0379999999999999 10000 40 0.45 1 0.8 0.6
0.432 0.432 1 1 0.0640000000000001 0.0379999999999999 10000 40 0.45 0 0.8 0.6
0.42 0.42 1 1 0.0640000000000001 0.0389999999999999 10000 40 0.45 0 0.8 0.6
0.412 0.412 1 1 0.0650000000000001 0.0399999999999999 10000 40 0.330894773604369 0 0.8 0.6
0.32 0.32 1 1 0.0660000000000001 0.04 10000 40 0.269230773525634 0 0.8 0.6
0.8 0.8 1 1 0.0650000000000001 0.0379999999999999 10000 40 0.8 1 0.8 0.6
0.812 0.812 1 1 0.0670000000000001 0.0399999999999999 10000 40 0.8 1 0.8 0.6
0.804 0.804 1 1 0.0660000000000001 0.039 10000 40 0.8 1 0.8 0.6
0.852 0.852 1 1 0.0650000000000001 0.039 10000 40 0.8 1 0.8 0.6
0.812 0.812 1 1 0.0660000000000001 0.039 10000 40 0.8 0 0.8 0.6
0.432 0.432 1 1 0.0650000000000001 0.038 10000 40 0.45 0 0.8 0.6
0.788 0.788 1 1 0.0670000000000001 0.04 10000 40 0.8 0 0.8 0.6
0.456 0.456 1 1 0.0640000000000001 0.039 10000 40 0.45 0 0.8 0.6
0.396 0.396 1 1 0.0650000000000001 0.039 10000 40 0.27072651942746 1 0.8 0.6
0.688 0.688 1 1 0.0670000000000001 0.04 10000 40 0.2 1 0.8 0.6
0.84 0.84 1 1 0.0640000000000001 0.039 10000 40 0.8 0 0.8 0.6
0.82 0.82 1 1 0.0650000000000001 0.039 10000 40 0.8 1 0.8 0.6
0.792 0.792 1 1 0.0659999999999999 0.039 10000 40 0.8 1 0.8 0.6
0.816 0.816 1 1 0.0670000000000001 0.04 10000 40 0.8 0 0.8 0.6
0.756 0.756 1 1 0.0649999999999999 0.04 10000 40 0.8 1 0.8 0.6
0.796 0.796 1 1 0.0640000000000001 0.039 10000 40 0.8 1 0.8 0.6
0.528 0.528 1 1 0.0640000000000001 0.0389999999999999 10000 40 0.2 0 0.8 0.6
0.74 0.74 1 1 0.0660000000000001 0.0399999999999999 10000 40 0.8 1 0.8 0.6
0.44 0.44 1 1 0.0660000000000001 0.039 10000 40 0.45 1 0.8 0.6
0.524 0.524 1 1 0.0660000000000001 0.04 10000 40 0.2 0 0.8 0.6
0.636 0.636 1 1 0.0650000000000001 0.038 10000 40 0.399166060559592 1 0.8 0.6
0.424 0.424 1 1 0.0660000000000001 0.039 10000 40 0.45 1 0.8 0.6
0.728 0.728 1 1 0.0670000000000001 0.039 10000 40 0.42617849528245 1 0.8 0.6
0.388 0.388 1 1 0.0640000000000001 0.038 10000 40 0.45 0 0.8 0.6
0.376 0.376 1 1 0.0660000000000001 0.0389999999999999 10000 40 0.45 0 0.8 0.6
0.472 0.472 1 1 0.0640000000000001 0.0389999999999999 10000 40 0.45 1 0.8 0.6
0.46 0.46 1 1 0.0640000000000001 0.0389999999999999 10000 40 0.45 0 0.8 0.6
0.668 0.668 1 1 0.0660000000000001 0.0399999999999999 10000 40 0.415406385569837 0 0.8 0.6
0.4 0.4 1 1 0.0650000000000001 0.039 10000 40 0.45 0 0.8 0.6
0.8 0.8 1 1 0.0660000000000001 0.0389999999999999 10000 40 0.8 0 0.8 0.6
0.832 0.832 1 1 0.0669999999999999 0.039 10000 40 0.8 0 0.8 0.6
0.416 0.416 1 1 0.0640000000000001 0.0389999999999999 10000 40 0.45 0 0.8 0.6
0.804 0.804 1 1 0.0640000000000001 0.0379999999999999 10000 40 0.8 0 0.8 0.6
0.804 0.804 1 1 0.0670000000000001 0.0399999999999999 10000 40 0.8 1 0.8 0.6
0.8 0.8 1 1 0.0659999999999999 0.039 10000 40 0.8 0 0.8 0.6
0.352 0.352 1 1 0.0660000000000001 0.0389999999999999 10000 40 0.45 0 0.8 0.6
0.504 0.504 1 1 0.0670000000000001 0.0409999999999999 10000 40 0.2 1 0.8 0.6
0.38 0.38 1 1 0.0659999999999999 0.04 10000 40 0.213275246129818 0 0.8 0.6
0.36 0.36 1 1 0.0650000000000001 0.039 10000 40 0.45 1 0.8 0.6
0.484 0.484 1 1 0.0660000000000001 0.04 10000 40 0.2 0 0.8 0.6
0.364 0.364 1 1 0.0650000000000001 0.04 10000 40 0.45 0 0.8 0.6
0.808 0.808 1 1 0.0670000000000001 0.0419999999999999 10000 40 0.8 1 0.8 0.6
0.836 0.836 1 1 0.0670000000000001 0.0409999999999999 10000 40 0.8 0 0.8 0.6
0.38 0.38 1 1 0.0660000000000001 0.0389999999999999 10000 40 0.45 0 0.8 0.6
0.424 0.424 1 1 0.0650000000000001 0.039 10000 40 0.395856834669982 0 0.8 0.6
0.804 0.804 1 1 0.0650000000000001 0.039 10000 40 0.8 1 0.8 0.6
0.384 0.384 1 1 0.0650000000000001 0.0379999999999999 10000 40 0.45 1 0.8 0.6
0.416 0.416 1 1 0.0650000000000001 0.0389999999999999 10000 40 0.45 0 0.8 0.6
0.42 0.42 1 1 0.0650000000000001 0.0379999999999999 10000 40 0.2 0 0.8 0.6
0.448 0.448 1 1 0.0650000000000001 0.0379999999999999 10000 40 0.45 1 0.8 0.6
0.732 0.732 1 1 0.0650000000000001 0.0389999999999999 10000 40 0.8 1 0.8 0.6
0.808 0.808 1 1 0.0680000000000001 0.04 10000 40 0.8 1 0.8 0.6
0.4 0.4 1 1 0.0680000000000001 0.0389999999999999 10000 40 0.2 0 0.8 0.6
0.804 0.804 1 1 0.0650000000000001 0.0389999999999999 10000 40 0.8 1 0.8 0.6
0.832 0.832 1 1 0.0670000000000001 0.0399999999999999 10000 40 0.8 1 0.8 0.6
0.456 0.456 1 1 0.0670000000000001 0.0399999999999999 10000 40 0.31162223471261 1 0.8 0.6
0.46 0.46 1 1 0.0690000000000001 0.0409999999999999 10000 40 0.2 0 0.8 0.6
0.824 0.824 1 1 0.0650000000000001 0.0389999999999999 10000 40 0.8 1 0.8 0.6
0.792 0.792 1 1 0.0660000000000001 0.0399999999999999 10000 40 0.8 1 0.8 0.6
0.796 0.796 1 1 0.0670000000000001 0.0399999999999999 10000 40 0.8 0 0.8 0.6
0.372 0.372 1 1 0.0680000000000001 0.0389999999999999 10000 40 0.2 1 0.8 0.6
0.392 0.392 1 1 0.0670000000000001 0.0389999999999999 10000 40 0.45 0 0.8 0.6
0.812 0.812 1 1 0.0670000000000001 0.0399999999999999 10000 40 0.8 1 0.8 0.6
0.808 0.808 1 1 0.0670000000000001 0.0399999999999999 10000 40 0.8 1 0.8 0.6
0.372 0.372 1 1 0.0670000000000001 0.0399999999999999 10000 40 0.361579820965705 0 0.8 0.6
0.82 0.82 1 1 0.0680000000000001 0.0399999999999999 10000 40 0.8 1 0.8 0.6
0.44 0.44 1 1 0.0610000000000001 0.038 10000 40 0.45 0 0.8 0.6
0.38 0.38 1 1 0.0630000000000001 0.039 10000 40 0.279356659594048 0 0.8 0.6
0.652 0.652 1 1 0.0630000000000001 0.0389999999999999 10000 40 0.2 0 0.8 0.6
0.424 0.424 1 1 0.0640000000000001 0.039 10000 40 0.45 0 0.8 0.6
0.776 0.776 1 1 0.0499999999999999 0.026 10000 40 0.8 1 0.8 0.6
0.472 0.472 1 1 0.0640000000000001 0.038 10000 40 0.45 0 0.8 0.6
0.368 0.368 1 1 0.0650000000000001 0.0379999999999999 10000 40 0.45 1 0.8 0.6
0.412 0.412 1 1 0.0670000000000001 0.0399999999999999 10000 40 0.45 1 0.8 0.6
0.44 0.44 1 1 0.0660000000000001 0.0389999999999999 10000 40 0.45 0 0.8 0.6
0.78 0.78 1 1 0.0650000000000001 0.0399999999999999 10000 40 0.8 1 0.8 0.6
0.332 0.332 1 1 0.0509999999999999 0.027 10000 40 0.45 0 0.8 0.6
