0.704225352112676 0.654929577464789 3 1 0.0489999999999999 0.03 20000 141 0.631912474288108 1 0.8 0.5
0.774647887323944 0.830985915492958 3 1 0.0439999999999999 0.022 20000 141 0.8 1 0.8 0.5
0.401408450704225 0.415492957746479 3 1 0.048 0.029 20000 141 0.45 1 0.8 0.5
0.434272300469484 0.436619718309859 3 1 0.048 0.029 20000 141 0.45 1 0.8 0.5
0.812206572769953 0.816901408450704 3 1 0.049 0.03 20000 141 0.8 1 0.8 0.5
0.607981220657277 0.570422535211268 3 1 0.049 0.031 20000 141 0.2 0 0.8 0.5
0.424882629107981 0.436619718309859 3 1 0.049 0.031 20000 141 0.45 1 0.8 0.5
0.788732394366197 0.809859154929577 3 1 0.0479999999999999 0.029 20000 141 0.8 0 0.8 0.5
0.784037558685446 0.753521126760563 3 1 0.0499999999999999 0.029 20000 141 0.8 1 0.8 0.5
0.316901408450704 0.267605633802817 3 1 0.0489999999999999 0.03 20000 141 0.2 0 0.8 0.5
0.415492957746479 0.380281690140845 3 1 0.049 0.03 20000 141 0.45 0 0.8 0.5
0.823943661971831 0.866197183098592 3 1 0.0499999999999999 0.03 20000 141 0.8 1 0.8 0.5
0.730046948356808 0.725352112676056 3 1 0.0479999999999999 0.029 20000 141 0.8 0 0.8 0.5
0.401408450704225 0.401408450704225 3 1 0.049 0.029 20000 141 0.44736552663393 1 0.8 0.5
0.323943661971831 0.23943661971831 3 1 0.0479999999999999 0.029 20000 141 0.2 0 0.8 0.5
0.81924882629108 0.845070422535211 3 1 0.0479999999999999 0.029 20000 141 0.8 0 0.8 0.5
0.415492957746479 0.507042253521127 3 1 0.048 0.029 20000 141 0.45 1 0.8 0.5
0.366197183098592 0.373239436619718 3 1 0.048 0.029 20000 141 0.45 0 0.8 0.5
0.401408450704225 0.380281690140845 3 1 0.048 0.03 20000 141 0.45 0 0.8 0.5
0.78169014084507 0.788732394366197 3 1 0.049 0.03 20000 141 0.8 1 0.8 0.5
0.800469483568075 0.767605633802817 3 1 0.051 0.03 20000 141 0.8 1 0.8 0.5
0.328638497652582 0.28169014084507 3 1 0.05 0.03 20000 141 0.229146076414273 0 0.8 0.5
0.424882629107981 0.373239436619718 3 1 0.0479999999999999 0.028 20000 141 0.45 0 0.8 0.5
0.800469483568075 0.830985915492958 3 1 0.0489999999999999 0.03 20000 141 0.8 1 0.8 0.5
0.830985915492958 0.802816901408451 3 1 0.048 0.028 20000 141 0.8 0 0.8 0.5
0.591549295774648 0.570422535211268 3 1 0.049 0.029 20000 141 0.2 0 0.8 0.5
0.427230046948357 0.52112676056338 3 1 0.048 0.029 20000 141 0.45 0 0.8 0.5
0.784037558685446 0.774647887323944 3 1 0.048 0.029 20000 141 0.8 1 0.8 0.5
0.788732394366197 0.767605633802817 3 1 0.0479999999999999 0.029 20000 141 0.8 1 0.8 0.5
0.809859154929577 0.767605633802817 3 1 0.049 0.029 20000 141 0.8 1 0.8 0.5
0.800469483568075 0.788732394366197 3 1 0.0479999999999999 0.029 20000 141 0.8 0 0.8 0.5
0.471830985915493 0.492957746478873 3 1 0.0479999999999999 0.029 20000 141 0.45 1 0.8 0.5
0.549295774647887 0.5 3 1 0.0489999999999999 0.029 20000 141 0.2 0 0.8 0.5
0.354460093896714 0.338028169014085 3 1 0.0489999999999999 0.03 20000 141 0.292942126036909 0 0.8 0.5
0.784037558685446 0.802816901408451 3 1 0.0489999999999999 0.029 20000 141 0.8 1 0.8 0.5
0.387323943661972 0.401408450704225 3 1 0.049 0.03 20000 141 0.45 0 0.8 0.5
0.7981220657277 0.838028169014085 3 1 0.048 0.03 20000 141 0.8 1 0.8 0.5
0.786384976525822 0.767605633802817 3 1 0.0479999999999999 0.029 20000 141 0.8 1 0.8 0.5
0.394366197183099 0.345070422535211 3 1 0.0489999999999999 0.029 20000 141 0.45 0 0.8 0.5
0.800469483568075 0.78169014084507 3 1 0.048 0.029 20000 141 0.8 0 0.8 0.5
0.816901408450704 0.802816901408451 3 1 0.0489999999999999 0.03 20000 141 0.8 1 0.8 0.5
0.394366197183099 0.450704225352113 3 1 0.049 0.03 20000 141 0.45 0 0.8 0.5
0.347417840375587 0.302816901408451 3 1 0.0499999999999999 0.03 20000 141 0.270178875097727 0 0.8 0.5
0.413145539906103 0.471830985915493 3 1 0.05 0.031 20000 141 0.45 0 0.8 0.5
0.788732394366197 0.711267605633803 3 1 0.05 0.03 20000 141 0.8 1 0.8 0.5
0.553990610328638 0.5 3 1 0.049 0.029 20000 141 0.2 0 0.8 0.5
0.765258215962441 0.73943661971831 3 1 0.048 0.029 20000 141 0.8 1 0.8 0.5
0.809859154929577 0.802816901408451 3 1 0.048 0.029 20000 141 0.8 1 0.8 0.5
0.833333333333333 0.823943661971831 3 1 0.045 0.028 20000 141 0.8 1 0.8 0.5
0.772300469483568 0.76056338028169 3 1 0.04 0.02 20000 141 0.8 1 0.8 0.5
0.7981220657277 0.76056338028169 3 1 0.05 0.031 20000 141 0.8 1 0.8 0.5
0.345070422535211 0.23943661971831 3 1 0.048 0.029 20000 141 0.2 0 0.8 0.5
0.408450704225352 0.464788732394366 3 1 0.049 0.03 20000 141 0.45 0 0.8 0.5
0.410798122065728 0.450704225352113 3 1 0.0489999999999999 0.03 20000 141 0.325502818484191 0 0.8 0.5
0.396713615023474 0.359154929577465 3 1 0.049 0.03 20000 141 0.45 1 0.8 0.5
0.774647887323944 0.816901408450704 3 1 0.0499999999999999 0.031 20000 141 0.8 1 0.8 0.5
0.767605633802817 0.78169014084507 3 1 0.0509999999999999 0.031 20000 141 0.8 1 0.8 0.5
0.39906103286385 0.295774647887324 3 1 0.051 0.031 20000 141 0.2 0 0.8 0.5
0.427230046948357 0.408450704225352 3 1 0.053 0.032 20000 141 0.45 1 0.8 0.5
0.42018779342723 0.450704225352113 3 1 0.0499999999999999 0.031 20000 141 0.45 1 0.8 0.5
0.474178403755869 0.52112676056338 3 1 0.0489999999999999 0.03 20000 141 0.45 0 0.8 0.5
0.791079812206573 0.753521126760563 3 1 0.0499999999999999 0.031 20000 141 0.8 1 0.8 0.5
0.821596244131455 0.880281690140845 3 1 0.0489999999999999 0.03 20000 141 0.8 1 0.8 0.5
0.415492957746479 0.373239436619718 3 1 0.0489999999999999 0.03 20000 141 0.45 0 0.8 0.5
0.366197183098592 0.246478873239437 3 1 0.0499999999999999 0.031 20000 141 0.2 0 0.8 0.5
0.800469483568075 0.732394366197183 3 1 0.0509999999999999 0.031 20000 141 0.8 1 0.8 0.5
0.356807511737089 0.387323943661972 3 1 0.0499999999999999 0.03 20000 141 0.388278750616431 0 0.8 0.5
0.842723004694836 0.873239436619718 3 1 0.049 0.031 20000 141 0.8 1 0.8 0.5
0.715962441314554 0.669014084507042 3 1 0.0499999999999999 0.031 20000 141 0.40529019386723 0 0.8 0.5
0.800469483568075 0.802816901408451 3 1 0.0489999999999999 0.03 20000 141 0.8 1 0.8 0.5
0.389671361502347 0.401408450704225 3 1 0.0499999999999999 0.03 20000 141 0.45 0 0.8 0.5
0.347417840375587 0.359154929577465 3 1 0.05 0.031 20000 141 0.300863914554586 1 0.8 0.5
0.384976525821596 0.401408450704225 3 1 0.049 0.03 20000 141 0.45 0 0.8 0.5
0.767605633802817 0.76056338028169 3 1 0.049 0.031 20000 141 0.8 0 0.8 0.5
0.645539906103286 0.640845070422535 3 1 0.049 0.03 20000 141 0.557203226323889 1 0.8 0.5
0.795774647887324 0.809859154929577 3 1 0.05 0.03 20000 141 0.8 1 0.8 0.5
0.795774647887324 0.823943661971831 3 1 0.049 0.031 20000 141 0.8 1 0.8 0.5
0.272300469483568 0.211267605633803 3 1 0.05 0.031 20000 141 0.2 1 0.8 0.5
0.800469483568075 0.816901408450704 3 1 0.05 0.031 20000 141 0.8 0 0.8 0.5
0.42018779342723 0.422535211267606 3 1 0.051 0.031 20000 141 0.449199715028031 1 0.8 0.5
0.800469483568075 0.809859154929577 3 1 0.051 0.032 20000 141 0.8 1 0.8 0.5
0.457746478873239 0.485915492957746 3 1 0.051 0.032 20000 141 0.45 1 0.8 0.5
0.387323943661972 0.401408450704225 3 1 0.0489999999999999 0.03 20000 141 0.43356714958294 0 0.8 0.5
0.375586854460094 0.366197183098592 3 1 0.048 0.029 20000 141 0.335303211107927 0 0.8 0.5
0.774647887323944 0.753521126760563 3 1 0.0489999999999999 0.03 20000 141 0.8 1 0.8 0.5
0.44131455399061 0.5 3 1 0.049 0.03 20000 141 0.45 0 0.8 0.5
0.784037558685446 0.767605633802817 3 1 0.049 0.03 20000 141 0.8 1 0.8 0.5
0.81924882629108 0.859154929577465 3 1 0.05 0.03 20000 141 0.8 1 0.8 0.5
0.786384976525822 0.788732394366197 3 1 0.049 0.031 20000 141 0.8 1 0.8 0.5
0.7981220657277 0.774647887323944 3 1 0.049 0.031 20000 141 0.8 1 0.8 0.5
0.354460093896714 0.359154929577465 3 1 0.049 0.03 20000 141 0.346221972807086 1 0.8 0.5
0.791079812206573 0.788732394366197 3 1 0.05 0.031 20000 141 0.8 1 0.8 0.5
0.78169014084507 0.788732394366197 3 1 0.05 0.031 20000 141 0.8 1 0.8 0.5
0.497652582159624 0.443661971830986 3 1 0.05 0.031 20000 141 0.2 0 0.8 0.5
0.359154929577465 0.359154929577465 3 1 0.051 0.032 20000 141 0.292900330455235 1 0.8 0.5
0.774647887323944 0.795774647887324 3 1 0.05 0.031 20000 141 0.8 1 0.8 0.5
0.382629107981221 0.408450704225352 3 1 0.05 0.031 20000 141 0.45 0 0.8 0.5
0.462441314553991 0.535211267605634 3 1 0.051 0.03 20000 141 0.45 0 0.8 0.5
0.807511737089202 0.838028169014085 3 1 0.0469999999999999 0.029 20000 141 0.8 1 0.8 0.5
0.349765258215962 0.380281690140845 3 1 0.0479999999999999 0.029 20000 141 0.45 1 0.8 0.5
0.805164319248826 0.774647887323944 3 1 0.048 0.029 20000 141 0.8 0 0.8 0.5
0.443661971830986 0.492957746478873 3 1 0.047 0.029 20000 141 0.45 1 0.8 0.5
0.835680751173709 0.823943661971831 3 1 0.048 0.029 20000 141 0.8 1 0.8 0.5
0.767605633802817 0.78169014084507 3 1 0.048 0.029 20000 141 0.8 1 0.8 0.5
0.784037558685446 0.774647887323944 3 1 0.047 0.028 20000 141 0.8 1 0.8 0.5
0.7981220657277 0.802816901408451 3 1 0.048 0.029 20000 141 0.8 1 0.8 0.5
0.356807511737089 0.359154929577465 3 1 0.048 0.029 20000 141 0.434352365506489 0 0.8 0.5
0.786384976525822 0.823943661971831 3 1 0.049 0.03 20000 141 0.8 1 0.8 0.5
0.394366197183099 0.380281690140845 3 1 0.05 0.03 20000 141 0.45 0 0.8 0.5
0.52112676056338 0.47887323943662 3 1 0.049 0.03 20000 141 0.2 1 0.8 0.5
0.800469483568075 0.859154929577465 3 1 0.049 0.03 20000 141 0.8 1 0.8 0.5
0.389671361502347 0.387323943661972 3 1 0.049 0.03 20000 141 0.45 1 0.8 0.5
0.807511737089202 0.809859154929577 3 1 0.049 0.03 20000 141 0.8 1 0.8 0.5
0.382629107981221 0.338028169014085 3 1 0.0459999999999999 0.028 20000 141 0.45 0 0.8 0.5
0.772300469483568 0.753521126760563 3 1 0.049 0.03 20000 141 0.8 1 0.8 0.5
0.431924882629108 0.457746478873239 3 1 0.048 0.03 20000 141 0.45 0 0.8 0.5
0.417840375586854 0.429577464788732 3 1 0.0489999999999999 0.03 20000 141 0.45 0 0.8 0.5
0.791079812206573 0.753521126760563 3 1 0.049 0.03 20000 141 0.8 1 0.8 0.5
0.795774647887324 0.78169014084507 3 1 0.0499999999999999 0.029 20000 141 0.8 1 0.8 0.5
0.809859154929577 0.795774647887324 3 1 0.049 0.029 20000 141 0.8 1 0.8 0.5
0.816901408450704 0.823943661971831 3 1 0.047 0.028 20000 141 0.8 1 0.8 0.5
0.833333333333333 0.845070422535211 3 1 0.048 0.029 20000 141 0.8 1 0.8 0.5
0.387323943661972 0.464788732394366 3 1 0.05 0.029 20000 141 0.45 0 0.8 0.5
0.431924882629108 0.387323943661972 3 1 0.048 0.029 20000 141 0.45 0 0.8 0.5
0.821596244131455 0.838028169014085 3 1 0.05 0.031 20000 141 0.8 1 0.8 0.5
0.384976525821596 0.380281690140845 3 1 0.0479999999999999 0.029 20000 141 0.45 1 0.8 0.5
0.431924882629108 0.5 3 1 0.0489999999999999 0.03 20000 141 0.45 1 0.8 0.5
0.765258215962441 0.767605633802817 3 1 0.049 0.03 20000 141 0.8 1 0.8 0.5
0.786384976525822 0.866197183098592 3 1 0.049 0.03 20000 141 0.8 1 0.8 0.5
0.786384976525822 0.76056338028169 3 1 0.05 0.03 20000 141 0.8 1 0.8 0.5
0.446009389671362 0.492957746478873 3 1 0.0489999999999999 0.03 20000 141 0.45 1 0.8 0.5
0.845070422535211 0.823943661971831 3 1 0.0489999999999999 0.029 20000 141 0.8 1 0.8 0.5
0.788732394366197 0.732394366197183 3 1 0.0489999999999999 0.03 20000 141 0.8 1 0.8 0.5
0.805164319248826 0.809859154929577 3 1 0.048 0.029 20000 141 0.8 1 0.8 0.5
0.784037558685446 0.795774647887324 3 1 0.0479999999999999 0.029 20000 141 0.8 1 0.8 0.5
0.387323943661972 0.429577464788732 3 1 0.049 0.03 20000 141 0.297208604402583 0 0.8 0.5
0.713615023474178 0.732394366197183 3 1 0.051 0.031 20000 141 0.8 1 0.8 0.5
0.436619718309859 0.464788732394366 3 1 0.0489999999999999 0.03 20000 141 0.45 1 0.8 0.5
0.800469483568075 0.802816901408451 3 1 0.0489999999999999 0.03 20000 141 0.8 1 0.8 0.5
0.401408450704225 0.330985915492958 3 1 0.049 0.029 20000 141 0.2 0 0.8 0.5
0.408450704225352 0.415492957746479 3 1 0.049 0.03 20000 141 0.45 0 0.8 0.5
0.401408450704225 0.380281690140845 3 1 0.0489999999999999 0.029 20000 141 0.45 0 0.8 0.5
0.772300469483568 0.746478873239437 3 1 0.0509999999999999 0.031 20000 141 0.8 1 0.8 0.5
0.335680751173709 0.28169014084507 3 1 0.048 0.03 20000 141 0.2 0 0.8 0.5
0.401408450704225 0.338028169014085 3 1 0.048 0.029 20000 141 0.45 1 0.8 0.5
0.431924882629108 0.492957746478873 3 1 0.05 0.031 20000 141 0.45 0 0.8 0.5
0.800469483568075 0.78169014084507 3 1 0.048 0.03 20000 141 0.8 1 0.8 0.5
0.78169014084507 0.767605633802817 3 1 0.051 0.032 20000 141 0.8 1 0.8 0.5
0.434272300469484 0.471830985915493 3 1 0.05 0.031 20000 141 0.45 0 0.8 0.5
0.377934272300469 0.387323943661972 3 1 0.049 0.029 20000 141 0.45 1 0.8 0.5
0.34037558685446 0.373239436619718 3 1 0.049 0.029 20000 141 0.357335519231881 0 0.8 0.5
0.436619718309859 0.47887323943662 3 1 0.0479999999999999 0.029 20000 141 0.45 0 0.8 0.5
0.774647887323944 0.732394366197183 3 1 0.0469999999999999 0.03 20000 141 0.8 1 0.8 0.5
0.377934272300469 0.338028169014085 3 1 0.0489999999999999 0.027 20000 141 0.45 1 0.8 0.5
0.427230046948357 0.485915492957746 3 1 0.0499999999999999 0.031 20000 141 0.45 0 0.8 0.5
0.830985915492958 0.795774647887324 3 1 0.0499999999999999 0.031 20000 141 0.8 1 0.8 0.5
0.800469483568075 0.788732394366197 3 1 0.0509999999999999 0.031 20000 141 0.8 1 0.8 0.5
0.65962441314554 0.640845070422535 3 1 0.05 0.03 20000 141 0.376078816961022 0 0.8 0.5
0.408450704225352 0.394366197183099 3 1 0.05 0.03 20000 141 0.31723815344226 1 0.8 0.5
0.417840375586854 0.295774647887324 3 1 0.051 0.031 20000 141 0.229989728092306 1 0.8 0.5
0.443661971830986 0.457746478873239 3 1 0.0499999999999999 0.031 20000 141 0.45 1 0.8 0.5
0.800469483568075 0.767605633802817 3 1 0.051 0.031 20000 141 0.8 1 0.8 0.5
0.78169014084507 0.830985915492958 3 1 0.05 0.03 20000 141 0.8 1 0.8 0.5
0.816901408450704 0.830985915492958 3 1 0.0499999999999999 0.031 20000 141 0.8 1 0.8 0.5
0.396713615023474 0.436619718309859 3 1 0.0509999999999999 0.032 20000 141 0.45 1 0.8 0.5
0.791079812206573 0.816901408450704 3 1 0.051 0.03 20000 141 0.8 1 0.8 0.5
0.791079812206573 0.774647887323944 3 1 0.049 0.031 20000 141 0.8 1 0.8 0.5
0.406103286384977 0.401408450704225 3 1 0.05 0.031 20000 141 0.45 1 0.8 0.5
0.812206572769953 0.795774647887324 3 1 0.0489999999999999 0.029 20000 141 0.8 1 0.8 0.5
0.809859154929577 0.845070422535211 3 1 0.0479999999999999 0.029 20000 141 0.8 1 0.8 0.5
0.408450704225352 0.387323943661972 3 1 0.0479999999999999 0.029 20000 141 0.45 1 0.8 0.5
0.830985915492958 0.809859154929577 3 1 0.0489999999999999 0.03 20000 141 0.8 0 0.8 0.5
0.795774647887324 0.78169014084507 3 1 0.0479999999999999 0.03 20000 141 0.8 1 0.8 0.5
0.34037558685446 0.366197183098592 3 1 0.0489999999999999 0.03 20000 141 0.2 0 0.8 0.5
0.791079812206573 0.788732394366197 3 1 0.049 0.029 20000 141 0.8 1 0.8 0.5
0.462441314553991 0.450704225352113 3 1 0.049 0.031 20000 141 0.45 1 0.8 0.5
0.408450704225352 0.429577464788732 3 1 0.05 0.031 20000 141 0.45 0 0.8 0.5
0.359154929577465 0.288732394366197 3 1 0.05 0.031 20000 141 0.2 0 0.8 0.5
0.370892018779343 0.366197183098592 3 1 0.052 0.032 20000 141 0.45 0 0.8 0.5
0.772300469483568 0.767605633802817 3 1 0.05 0.03 20000 141 0.8 1 0.8 0.5
0.366197183098592 0.345070422535211 3 1 0.05 0.031 20000 141 0.42040149966671 1 0.8 0.5
0.769953051643192 0.795774647887324 3 1 0.053 0.032 20000 141 0.8 1 0.8 0.5
0.286384976525822 0.246478873239437 3 1 0.05 0.03 20000 141 0.2 0 0.8 0.5
0.490610328638498 0.366197183098592 3 1 0.051 0.031 20000 141 0.2 0 0.8 0.5
0.36150234741784 0.366197183098592 3 1 0.05 0.03 20000 141 0.318250773490463 0 0.8 0.5
0.450704225352113 0.415492957746479 3 1 0.051 0.031 20000 141 0.45 0 0.8 0.5
0.828638497652582 0.823943661971831 3 1 0.051 0.03 20000 141 0.8 1 0.8 0.5
0.349765258215962 0.380281690140845 3 1 0.051 0.031 20000 141 0.45 0 0.8 0.5
0.814553990610329 0.809859154929577 3 1 0.05 0.031 20000 141 0.8 1 0.8 0.5
0.802816901408451 0.809859154929577 3 1 0.0469999999999999 0.029 20000 141 0.8 1 0.8 0.5
0.791079812206573 0.859154929577465 3 1 0.0489999999999999 0.03 20000 141 0.8 1 0.8 0.5
0.814553990610329 0.838028169014085 3 1 0.0479999999999999 0.029 20000 141 0.8 1 0.8 0.5
0.467136150234742 0.514084507042254 3 1 0.049 0.03 20000 141 0.45 1 0.8 0.5
0.774647887323944 0.73943661971831 3 1 0.045 0.0209999999999999 20000 141 0.8 1 0.8 0.5
0.565727699530516 0.471830985915493 3 1 0.0489999999999999 0.029 20000 141 0.2 0 0.8 0.5
0.410798122065728 0.387323943661972 3 1 0.049 0.029 20000 141 0.45 1 0.8 0.5
0.352112676056338 0.295774647887324 3 1 0.0509999999999999 0.03 20000 141 0.45 1 0.8 0.5
0.415492957746479 0.471830985915493 3 1 0.0499999999999999 0.03 20000 141 0.45 0 0.8 0.5
0.431924882629108 0.330985915492958 3 1 0.0499999999999999 0.03 20000 141 0.2 1 0.8 0.5
0.471830985915493 0.514084507042254 3 1 0.041 0.02 20000 141 0.45 0 0.8 0.5
