0.37 0.4 3 1 0.038 0.023 10000 100 0.45 0 0.8 0.5
0.743333333333333 0.73 3 1 0.04 0.0249999999999999 10000 100 0.674155712247736 1 0.8 0.5
0.396666666666667 0.35 3 1 0.04 0.0239999999999999 10000 100 0.414431689127781 1 0.8 0.5
0.81 0.74 3 1 0.041 0.0249999999999999 10000 100 0.8 0 0.8 0.5
0.366666666666667 0.38 3 1 0.041 0.0239999999999999 10000 100 0.45 1 0.8 0.5
0.346666666666667 0.36 3 1 0.0409999999999999 0.025 10000 100 0.45 0 0.8 0.5
0.376666666666667 0.4 3 1 0.038 0.023 10000 100 0.277242246253192 0 0.8 0.5
0.826666666666667 0.84 3 1 0.04 0.0239999999999999 10000 100 0.8 0 0.8 0.5
0.806666666666667 0.78 3 1 0.041 0.0249999999999999 10000 100 0.8 1 0.8 0.5
0.413333333333333 0.46 3 1 0.04 0.0259999999999999 10000 100 0.45 0 0.8 0.5
0.79 0.79 3 1 0.042 0.0219999999999999 10000 100 0.8 1 0.8 0.5
0.77 0.78 3 1 0.0409999999999999 0.022 10000 100 0.8 1 0.8 0.5
0.803333333333333 0.77 3 1 0.039 0.023 10000 100 0.8 0 0.8 0.5
0.776666666666667 0.72 3 1 0.039 0.0239999999999999 10000 100 0.8 1 0.8 0.5
0.413333333333333 0.38 3 1 0.04 0.0239999999999999 10000 100 0.2 0 0.8 0.5
0.443333333333333 0.43 3 1 0.039 0.0239999999999999 10000 100 0.45 0 0.8 0.5
0.556666666666667 0.47 3 1 0.039 0.0239999999999999 10000 100 0.2 0 0.8 0.5
0.8 0.8 3 1 0.042 0.0249999999999999 10000 100 0.8 1 0.8 0.5
0.816666666666667 0.8 3 1 0.04 0.0229999999999999 10000 100 0.8 1 0.8 0.5
0.803333333333333 0.79 3 1 0.041 0.0249999999999999 10000 100 0.8 1 0.8 0.5
0.793333333333333 0.73 3 1 0.042 0.0249999999999999 10000 100 0.8 1 0.8 0.5
0.41 0.39 3 1 0.04 0.0239999999999999 10000 100 0.45 0 0.8 0.5
0.426666666666667 0.39 3 1 0.041 0.025 10000 100 0.45 0 0.8 0.5
0.79 0.77 3 1 0.041 0.023 10000 100 0.8 1 0.8 0.5
0.823333333333333 0.8 3 1 0.04 0.024 10000 100 0.8 0 0.8 0.5
0.356666666666667 0.27 3 1 0.04 0.0239999999999999 10000 100 0.2 0 0.8 0.5
0.77 0.75 3 1 0.04 0.0239999999999999 10000 100 0.8 1 0.8 0.5
0.42 0.43 3 1 0.041 0.0239999999999999 10000 100 0.45 1 0.8 0.5
0.44 0.53 3 1 0.04 0.0239999999999999 10000 100 0.45 0 0.8 0.5
0.776666666666667 0.79 3 1 0.04 0.0239999999999999 10000 100 0.8 1 0.8 0.5
0.426666666666667 0.35 3 1 0.04 0.0249999999999999 10000 100 0.321312227883757 1 0.8 0.5
0.633333333333333 0.67 3 1 0.041 0.0249999999999999 10000 100 0.606715984668231 1 0.8 0.5
0.343333333333333 0.35 3 1 0.039 0.023 10000 100 0.329162008442077 1 0.8 0.5
0.773333333333333 0.76 3 1 0.04 0.0249999999999999 10000 100 0.8 1 0.8 0.5
0.413333333333333 0.45 3 1 0.039 0.023 10000 100 0.45 1 0.8 0.5
0.35 0.39 3 1 0.04 0.0239999999999999 10000 100 0.45 1 0.8 0.5
0.78 0.74 3 1 0.04 0.0249999999999999 10000 100 0.8 1 0.8 0.5
0.77 0.71 3 1 0.0409999999999999 0.025 10000 100 0.8 1 0.8 0.5
0.403333333333333 0.38 3 1 0.04 0.0249999999999999 10000 100 0.348107320589935 0 0.8 0.5
0.34 0.38 3 1 0.039 0.0249999999999999 10000 100 0.336568167779867 1 0.8 0.5
0.37 0.47 3 1 0.038 0.024 10000 100 0.45 0 0.8 0.5
0.413333333333333 0.32 3 1 0.04 0.0249999999999999 10000 100 0.2 1 0.8 0.5
0.383333333333333 0.37 3 1 0.042 0.0249999999999999 10000 100 0.365152510367525 0 0.8 0.5
0.443333333333333 0.49 3 1 0.041 0.0249999999999999 10000 100 0.45 1 0.8 0.5
0.843333333333333 0.84 3 1 0.0419999999999999 0.027 10000 100 0.8 1 0.8 0.5
0.78 0.78 3 1 0.04 0.0249999999999999 10000 100 0.8 1 0.8 0.5
0.463333333333333 0.34 3 1 0.039 0.0229999999999999 10000 100 0.2 0 0.8 0.5
0.4 0.43 3 1 0.039 0.024 10000 100 0.278571964460603 0 0.8 0.5
0.4 0.44 3 1 0.04 0.0239999999999999 10000 100 0.45 0 0.8 0.5
0.353333333333333 0.33 3 1 0.039 0.0239999999999999 10000 100 0.45 0 0.8 0.5
0.373333333333333 0.39 3 1 0.04 0.0239999999999999 10000 100 0.45 0 0.8 0.5
0.396666666666667 0.37 3 1 0.041 0.0249999999999999 10000 100 0.45 0 0.8 0.5
0.796666666666667 0.76 3 1 0.038 0.023 10000 100 0.8 1 0.8 0.5
0.433333333333333 0.38 3 1 0.04 0.024 10000 100 0.45 1 0.8 0.5
0.403333333333333 0.43 3 1 0.039 0.024 10000 100 0.45 0 0.8 0.5
0.766666666666667 0.76 3 1 0.039 0.0249999999999999 10000 100 0.8 1 0.8 0.5
0.69 0.62 3 1 0.041 0.0249999999999999 10000 100 0.2 0 0.8 0.5
0.783333333333333 0.76 3 1 0.041 0.0249999999999999 10000 100 0.8 1 0.8 0.5
0.79 0.86 3 1 0.04 0.0239999999999999 10000 100 0.8 1 0.8 0.5
0.853333333333333 0.87 3 1 0.04 0.0250000000000001 10000 100 0.8 1 0.8 0.5
0.646666666666667 0.5 3 1 0.04 0.024 10000 100 0.2 0 0.8 0.5
0.39 0.38 3 1 0.0389999999999999 0.0249999999999999 10000 100 0.45 1 0.8 0.5
0.82 0.78 3 1 0.04 0.0250000000000001 10000 100 0.8 1 0.8 0.5
0.78 0.78 3 1 0.04 0.026 10000 100 0.8 1 0.8 0.5
0.716666666666667 0.72 3 1 0.04 0.0250000000000001 10000 100 0.8 1 0.8 0.5
0.38 0.41 3 1 0.04 0.0249999999999999 10000 100 0.423877395323941 0 0.8 0.5
0.4 0.44 3 1 0.0409999999999999 0.026 10000 100 0.45 1 0.8 0.5
0.35 0.32 3 1 0.04 0.0250000000000001 10000 100 0.45 0 0.8 0.5
0.796666666666667 0.83 3 1 0.0409999999999999 0.026 10000 100 0.8 1 0.8 0.5
0.303333333333333 0.31 3 1 0.04 0.0249999999999999 10000 100 0.2 0 0.8 0.5
0.82 0.81 3 1 0.04 0.0250000000000001 10000 100 0.8 0 0.8 0.5
0.64 0.56 3 1 0.04 0.0249999999999999 10000 100 0.2 1 0.8 0.5
0.42 0.36 3 1 0.04 0.0249999999999999 10000 100 0.264170086911788 0 0.8 0.5
0.803333333333333 0.8 3 1 0.04 0.0250000000000001 10000 100 0.8 1 0.8 0.5
0.81 0.78 3 1 0.04 0.0250000000000001 10000 100 0.8 1 0.8 0.5
0.723333333333333 0.63 3 1 0.04 0.024 10000 100 0.577479541705553 1 0.8 0.5
0.346666666666667 0.31 3 1 0.04 0.0249999999999999 10000 100 0.45 1 0.8 0.5
0.403333333333333 0.36 3 1 0.04 0.026 10000 100 0.2 0 0.8 0.5
0.34 0.36 3 1 0.04 0.0250000000000001 10000 100 0.409279520652405 0 0.8 0.5
0.406666666666667 0.36 3 1 0.0410000000000001 0.0250000000000001 10000 100 0.378558124262502 1 0.8 0.5
0.41 0.35 3 1 0.0410000000000001 0.026 10000 100 0.2 0 0.8 0.5
0.823333333333333 0.84 3 1 0.0410000000000001 0.0250000000000001 10000 100 0.8 1 0.8 0.5
0.36 0.36 3 1 0.04 0.026 10000 100 0.45 0 0.8 0.5
0.83 0.83 3 1 0.0409999999999999 0.0250000000000001 10000 100 0.8 1 0.8 0.5
0.383333333333333 0.37 3 1 0.0410000000000001 0.0249999999999999 10000 100 0.2 1 0.8 0.5
0.403333333333333 0.46 3 1 0.042 0.026 10000 100 0.45 1 0.8 0.5
0.406666666666667 0.32 3 1 0.0409999999999999 0.0249999999999999 10000 100 0.2 0 0.8 0.5
0.36 0.3 3 1 0.04 0.0250000000000001 10000 100 0.2 1 0.8 0.5
0.796666666666667 0.85 3 1 0.04 0.0250000000000001 10000 100 0.8 1 0.8 0.5
0.37 0.35 3 1 0.04 0.0249999999999999 10000 100 0.45 1 0.8 0.5
0.796666666666667 0.83 3 1 0.04 0.024 10000 100 0.8 1 0.8 0.5
0.426666666666667 0.33 3 1 0.0409999999999999 0.0249999999999999 10000 100 0.2 0 0.8 0.5
0.43 0.43 3 1 0.04 0.0249999999999999 10000 100 0.45 1 0.8 0.5
0.413333333333333 0.4 3 1 0.0409999999999999 0.026 10000 100 0.45 0 0.8 0.5
0.666666666666667 0.63 3 1 0.041 0.025 10000 100 0.287083399221422 1 0.8 0.5
0.823333333333333 0.81 3 1 0.04 0.024 10000 100 0.8 0 0.8 0.5
0.82 0.81 3 1 0.041 0.023 10000 100 0.8 1 0.8 0.5
0.83 0.91 3 1 0.04 0.024 10000 100 0.8 0 0.8 0.5
0.826666666666667 0.78 3 1 0.039 0.024 10000 100 0.8 1 0.8 0.5
0.343333333333333 0.28 3 1 0.04 0.024 10000 100 0.2 0 0.8 0.5
0.703333333333333 0.75 3 1 0.039 0.0229999999999999 10000 100 0.682161470976349 1 0.8 0.5
0.353333333333333 0.33 3 1 0.039 0.0229999999999999 10000 100 0.2 0 0.8 0.5
0.71 0.69 3 1 0.039 0.0229999999999999 10000 100 0.315294288261921 0 0.8 0.5
0.773333333333333 0.83 3 1 0.039 0.0239999999999999 10000 100 0.8 1 0.8 0.5
0.383333333333333 0.4 3 1 0.04 0.0239999999999999 10000 100 0.45 0 0.8 0.5
0.41 0.34 3 1 0.039 0.0229999999999999 10000 100 0.343849526349848 0 0.8 0.5
0.433333333333333 0.4 3 1 0.04 0.0239999999999999 10000 100 0.45 0 0.8 0.5
0.38 0.38 3 1 0.04 0.0249999999999999 10000 100 0.45 1 0.8 0.5
0.81 0.83 3 1 0.04 0.0249999999999999 10000 100 0.8 1 0.8 0.5
0.8 0.77 3 1 0.04 0.0249999999999999 10000 100 0.8 0 0.8 0.5
0.473333333333333 0.42 3 1 0.04 0.0239999999999999 10000 100 0.45 0 0.8 0.5
0.83 0.86 3 1 0.041 0.0239999999999999 10000 100 0.8 1 0.8 0.5
0.766666666666667 0.75 3 1 0.0419999999999999 0.025 10000 100 0.8 1 0.8 0.5
0.363333333333333 0.38 3 1 0.039 0.023 10000 100 0.45 0 0.8 0.5
0.38 0.34 3 1 0.039 0.023 10000 100 0.362533632039468 0 0.8 0.5
0.366666666666667 0.39 3 1 0.039 0.023 10000 100 0.45 1 0.8 0.5
0.786666666666667 0.78 3 1 0.039 0.023 10000 100 0.8 1 0.8 0.5
0.453333333333333 0.35 3 1 0.04 0.024 10000 100 0.2 0 0.8 0.5
0.393333333333333 0.41 3 1 0.04 0.024 10000 100 0.45 0 0.8 0.5
0.393333333333333 0.41 3 1 0.041 0.0249999999999999 10000 100 0.45 1 0.8 0.5
0.416666666666667 0.39 3 1 0.038 0.0219999999999999 10000 100 0.330894773604369 0 0.8 0.5
0.413333333333333 0.53 3 1 0.037 0.0219999999999999 10000 100 0.45 0 0.8 0.5
0.356666666666667 0.31 3 1 0.04 0.0249999999999999 10000 100 0.269230773525634 0 0.8 0.5
0.773333333333333 0.77 3 1 0.039 0.0229999999999999 10000 100 0.8 1 0.8 0.5
0.82 0.78 3 1 0.041 0.0249999999999999 10000 100 0.8 1 0.8 0.5
0.803333333333333 0.73 3 1 0.041 0.0249999999999999 10000 100 0.8 1 0.8 0.5
0.833333333333333 0.84 3 1 0.04 0.025 10000 100 0.8 1 0.8 0.5
0.856666666666667 0.86 3 1 0.04 0.024 10000 100 0.8 0 0.8 0.5
0.793333333333333 0.79 3 1 0.041 0.025 10000 100 0.8 0 0.8 0.5
0.386666666666667 0.38 3 1 0.04 0.0239999999999999 10000 100 0.45 0 0.8 0.5
0.493333333333333 0.47 3 1 0.04 0.024 10000 100 0.45 0 0.8 0.5
0.353333333333333 0.37 3 1 0.039 0.024 10000 100 0.27072651942746 1 0.8 0.5
0.696666666666667 0.64 3 1 0.04 0.0239999999999999 10000 100 0.2 1 0.8 0.5
0.836666666666667 0.91 3 1 0.039 0.024 10000 100 0.8 0 0.8 0.5
0.806666666666667 0.85 3 1 0.039 0.024 10000 100 0.8 1 0.8 0.5
0.81 0.79 3 1 0.039 0.024 10000 100 0.8 1 0.8 0.5
0.77 0.75 3 1 0.04 0.024 10000 100 0.8 1 0.8 0.5
0.846666666666667 0.84 3 1 0.041 0.0249999999999999 10000 100 0.8 0 0.8 0.5
0.49 0.47 3 1 0.039 0.023 10000 100 0.2 0 0.8 0.5
0.8 0.81 3 1 0.039 0.0239999999999999 10000 100 0.8 1 0.8 0.5
0.756666666666667 0.7 3 1 0.04 0.0239999999999999 10000 100 0.8 1 0.8 0.5
0.506666666666667 0.4 3 1 0.041 0.0249999999999999 10000 100 0.2 0 0.8 0.5
0.39 0.45 3 1 0.04 0.0249999999999999 10000 100 0.45 1 0.8 0.5
0.423333333333333 0.38 3 1 0.039 0.0239999999999999 10000 100 0.45 0 0.8 0.5
0.706666666666667 0.66 3 1 0.04 0.024 10000 100 0.42617849528245 1 0.8 0.5
0.4 0.43 3 1 0.0409999999999999 0.0249999999999999 10000 100 0.45 1 0.8 0.5
0.446666666666667 0.54 3 1 0.0389999999999999 0.024 10000 100 0.45 1 0.8 0.5
0.616666666666667 0.63 3 1 0.0399999999999998 0.024 10000 100 0.399166060559592 1 0.8 0.5
0.376666666666667 0.36 3 1 0.0399999999999998 0.024 10000 100 0.45 0 0.8 0.5
0.466666666666667 0.53 3 1 0.041 0.0239999999999999 10000 100 0.45 0 0.8 0.5
0.606666666666667 0.62 3 1 0.04 0.023 10000 100 0.415406385569837 0 0.8 0.5
0.403333333333333 0.47 3 1 0.04 0.0229999999999999 10000 100 0.45 0 0.8 0.5
0.793333333333333 0.82 3 1 0.04 0.0239999999999999 10000 100 0.8 0 0.8 0.5
0.806666666666667 0.74 3 1 0.04 0.024 10000 100 0.8 0 0.8 0.5
0.34 0.41 3 1 0.039 0.024 10000 100 0.45 0 0.8 0.5
0.803333333333333 0.83 3 1 0.041 0.025 10000 100 0.8 1 0.8 0.5
0.323333333333333 0.33 3 1 0.041 0.0259999999999999 10000 100 0.45 0 0.8 0.5
0.53 0.42 3 1 0.041 0.0249999999999999 10000 100 0.2 1 0.8 0.5
0.846666666666667 0.86 3 1 0.039 0.0229999999999999 10000 100 0.8 0 0.8 0.5
0.81 0.78 3 1 0.04 0.0249999999999999 10000 100 0.8 1 0.8 0.5
0.786666666666667 0.71 3 1 0.039 0.0229999999999999 10000 100 0.8 0 0.8 0.5
0.346666666666667 0.41 3 1 0.039 0.0229999999999999 10000 100 0.45 1 0.8 0.5
0.816666666666667 0.75 3 1 0.04 0.0239999999999999 10000 100 0.8 0 0.8 0.5
0.356666666666667 0.39 3 1 0.04 0.0249999999999999 10000 100 0.213275246129818 0 0.8 0.5
0.47 0.44 3 1 0.039 0.0249999999999999 10000 100 0.2 0 0.8 0.5
0.39 0.32 3 1 0.04 0.0239999999999999 10000 100 0.45 0 0.8 0.5
0.39 0.38 3 1 0.039 0.023 10000 100 0.45 0 0.8 0.5
0.386666666666667 0.38 3 1 0.04 0.024 10000 100 0.395856834669982 0 0.8 0.5
0.783333333333333 0.79 3 1 0.04 0.024 10000 100 0.8 1 0.8 0.5
0.38 0.42 3 1 0.04 0.0249999999999999 10000 100 0.45 1 0.8 0.5
0.43 0.48 3 1 0.04 0.025 10000 100 0.45 0 0.8 0.5
0.466666666666667 0.34 3 1 0.042 0.025 10000 100 0.2 0 0.8 0.5
0.8 0.84 3 1 0.04 0.0249999999999999 10000 100 0.8 1 0.8 0.5
0.443333333333333 0.46 3 1 0.04 0.0249999999999999 10000 100 0.45 1 0.8 0.5
0.733333333333333 0.71 3 1 0.041 0.0249999999999999 10000 100 0.8 1 0.8 0.5
0.813333333333333 0.87 3 1 0.041 0.0259999999999999 10000 100 0.8 1 0.8 0.5
0.49 0.41 3 1 0.04 0.0239999999999999 10000 100 0.2 0 0.8 0.5
0.393333333333333 0.42 3 1 0.041 0.0249999999999999 10000 100 0.45 0 0.8 0.5
0.463333333333333 0.35 3 1 0.04 0.0249999999999999 10000 100 0.2 0 0.8 0.5
0.386666666666667 0.39 3 1 0.041 0.0249999999999999 10000 100 0.31162223471261 1 0.8 0.5
0.813333333333333 0.81 3 1 0.04 0.0249999999999999 10000 100 0.8 1 0.8 0.5
0.793333333333333 0.76 3 1 0.0399999999999999 0.025 10000 100 0.8 1 0.8 0.5
0.406666666666667 0.34 3 1 0.04 0.0239999999999999 10000 100 0.2 1 0.8 0.5
0.8 0.76 3 1 0.041 0.0259999999999999 10000 100 0.8 1 0.8 0.5
0.8 0.85 3 1 0.0409999999999999 0.025 10000 100 0.8 1 0.8 0.5
0.336666666666667 0.32 3 1 0.0409999999999999 0.025 10000 100 0.361579820965705 0 0.8 0.5
0.81 0.79 3 1 0.04 0.0249999999999999 10000 100 0.8 0 0.8 0.5
0.826666666666667 0.8 3 1 0.0419999999999999 0.026 10000 100 0.8 1 0.8 0.5
0.82 0.82 3 1 0.041 0.0239999999999999 10000 100 0.8 1 0.8 0.5
0.66 0.65 3 1 0.037 0.023 10000 100 0.2 0 0.8 0.5
0.433333333333333 0.37 3 1 0.038 0.024 10000 100 0.279356659594048 0 0.8 0.5
0.366666666666667 0.4 3 1 0.038 0.024 10000 100 0.45 0 0.8 0.5
0.406666666666667 0.39 3 1 0.039 0.024 10000 100 0.45 0 0.8 0.5
0.79 0.8 3 1 0.033 0.018 10000 100 0.8 1 0.8 0.5
0.38 0.37 3 1 0.039 0.0249999999999999 10000 100 0.45 1 0.8 0.5
0.43 0.49 3 1 0.04 0.0239999999999999 10000 100 0.45 0 0.8 0.5
0.456666666666667 0.41 3 1 0.04 0.0249999999999999 10000 100 0.45 0 0.8 0.5
0.8 0.76 3 1 0.041 0.0249999999999999 10000 100 0.8 1 0.8 0.5
0.38 0.39 3 1 0.04 0.0249999999999999 10000 100 0.45 1 0.8 0.5
0.383333333333333 0.39 3 1 0.0330000000000001 0.018 10000 100 0.45 0 0.8 0.5
